 0.124 -12.867 -2.335 29.808  5.772 12.384  2.702  9.508 32.031  7.762 18.524 
 2.234  1.536 -0.861  0.199 -5.408  3.116  3.487 -11.527 25.081 10.510  6.694 
-27.335  4.626 -3.576 14.310 -1.037 16.969 15.352 21.710 22.339 19.653 19.032 
-15.617  6.235  5.413  8.508 11.068 19.347 23.612  9.334 10.004 22.916 -0.217 
13.675 -3.259 -15.271  3.232 11.113  7.208  3.947  6.701 11.804 -4.960 10.905 
-2.941  9.192 -13.696  7.062 18.791 18.336  7.087  4.916 -1.137 -0.359 24.602 
 0.619 -3.944 12.818 -4.017 -4.067  8.788 11.564  7.055  0.812 24.013 32.363 
-0.248 -10.142 -16.814 11.558 16.009  6.854 24.341  1.949  5.387 24.163 28.100 
-1.358 -1.580 -3.154  9.311  7.912  1.408  4.022 28.808 -4.306 15.746 19.211 
-22.446 -4.732  5.118  1.736 12.488 12.783  5.375 12.309 11.514 14.051  9.493 
-17.149 -0.791 -2.808  5.656 12.399  3.666 12.159  2.511 10.578 26.626 16.919 
-11.415 29.504 -5.166 -4.177  6.380 -2.154  8.455  0.849  0.286  7.645 10.313 
-12.816 -5.747  2.435  9.226 20.072 -3.609 -14.056 16.841 15.390  5.316 11.727 
17.512  4.853 -1.758  3.857 13.022 17.153 -4.091  3.386 17.672 24.108 -2.366 
-2.920  5.619 -17.741 -9.076 17.731  8.415 12.332 -3.565  5.290  2.107 13.005 
-19.389  9.590 -0.686  7.793  0.329  3.280 -3.972 -4.657 15.865  1.016  7.512 
-10.465  4.518 16.198 -0.189 -11.213 16.081 -4.966 11.913 16.757 -1.201 -0.516 
-8.436  6.923  7.527 11.439 -2.416 -13.799 -5.352  8.074  9.790 10.946  4.293 
-3.502  3.133  9.219 -18.679 10.981 18.451 10.251 -0.491 19.455 29.353 15.891 
-4.287  3.625 12.331 -3.609  4.927 -3.522  3.075  4.158 10.669 10.254 21.194 
-11.941  8.233  6.750  9.679  3.839 13.386 36.241 13.525 10.263 13.952 14.334 
14.640 -8.016 -0.646 -6.376  8.619  3.666  2.853 13.491 14.058  3.023  3.374 
 5.042 -0.102 -1.408 17.956 18.849  3.260  8.408 11.891  0.212 20.618 21.173 
-9.188 -0.775 15.268  6.394 10.950 14.194 17.307 14.054 33.159 25.744 24.019 
15.764 11.704 11.687 -4.122 15.205 25.737 14.026 24.219 17.769 -1.536 29.884 
-3.210  9.998 11.986  8.416 -3.010  2.960 20.401 17.249 15.391 -1.818 10.237 
-5.988  6.336  4.626  8.509 14.408  6.935 34.283 -10.015 16.051 14.521 21.292 
 9.237 -3.844  0.071  2.708  7.174 -0.634 -12.316 24.377 -4.799  1.766 35.048 
-9.249  3.705 14.399 11.911  6.179 21.234 -11.474 20.143  6.019 16.759 12.178 
-18.646 -6.243 -3.266 15.465  1.784 20.766  0.338  4.890 17.243 11.161 22.525 
 9.113 -3.758  5.496  0.724  1.667 -6.163 -18.333 18.986 21.551 17.879  8.255 
-0.205  9.189 -10.421 -3.316 22.075  3.419  8.654 37.126 20.732  7.323 20.692 
-1.281 10.761  5.579 -0.509 10.235 13.589 26.225 -2.512  3.982 -5.047 32.719 
-2.587 -9.371 -0.428 13.518 -6.146  4.365 10.452 23.550  7.628 10.613 17.099 
-4.673 -7.811 15.626 -10.856 -10.820  6.578  4.925 -0.253  4.302 16.351 19.508 
-2.548 15.074 -2.878  0.479 -15.521  9.655  8.855  1.799 23.083 -0.489 22.099 
12.240  6.971 11.413 11.389 16.023  5.492 17.676 12.674  5.459 13.980  3.110 
 4.180  8.404 18.090  1.205  3.000 -6.186 14.338 16.611 23.985  4.632 23.075 
 0.637  1.746 10.880 16.175 22.262 -0.720  1.080  5.941 31.400 10.241 11.066 
 2.063 -3.486 15.449  2.930 29.017 -0.111 15.787  5.741 -7.399 24.366 16.778 
 3.968 -8.131 -0.582  6.912 -8.288 14.392 16.337 23.592 25.572 16.404 16.463 
-2.743  0.533 10.995  1.667 19.669 22.084  4.537 -13.685 11.844  7.763 24.734 
 7.778 -4.182  1.842 -7.029 -2.991 -9.065 14.635 19.736  4.949 10.695 16.675 
-16.976  3.348  1.789  0.176 10.876  9.694 -5.247 20.492 -1.743 19.170  8.492 
 6.180 -7.219 -12.995 -4.938 -11.575 -0.495 15.611  8.918 11.921  7.593 27.775 
10.350 -1.699 -6.085 -11.708  6.772 -3.427  3.949  2.217 11.935 16.532  3.318 
-4.544 -2.826 -3.733 -6.819  1.053 27.644 23.776 28.812  7.838 12.036  9.008 
-13.757  2.241  9.229  0.083  1.734 -20.414 22.160  8.524 16.046  8.711 17.720 
-4.062 -1.176  9.412 15.251 14.955 10.646 18.542  3.776 26.751  1.143 20.930 
11.277  3.270 14.970 -14.878  2.049  8.989 26.411  6.560 -14.108 11.578 18.288 
-22.468  8.173  4.741  2.278 24.657 23.166  6.159  9.827  9.736 27.772  0.936 
 6.887 -8.551 -1.353 12.365 21.273 -6.957 -3.164  5.006  6.930 13.478 21.721 
 7.211 -6.879 -9.806 -13.982  2.007  8.073 20.919 31.670  8.732 14.523 36.315 
 8.287  8.169 18.492 -8.934 16.382 12.639 -0.598 15.468  2.776  6.778 21.947 
 3.651  1.028 12.931 10.557 14.362 32.820  9.861 -3.321 -1.165 11.759  6.460 
18.426 13.938  3.485 27.581  0.241 -9.850 -20.018 24.585  7.080 17.342 20.440 
-5.261 -17.493 -11.062  5.825 20.429 19.456  5.727  9.185 28.471  1.128 25.343 
 4.620 -9.662 17.529 -4.934 14.339 -6.580 17.164  5.094 31.034 12.556 19.343 
 0.496  6.245 -0.047 -0.309 -5.875 10.326 12.052  4.870 14.114 24.685  5.915 
 0.246 -22.584  2.552  3.777 13.498 15.187 11.314 11.965  6.701 13.837 38.258 
-11.494  6.629  5.131 -2.697 -2.327 11.748 18.208 -5.657  3.731  6.518 24.525 
23.542 -1.344 15.158 23.192 -7.191  4.364 15.944 19.359 20.753 18.396 22.767 
10.961 -6.852  2.054 -10.189 19.513  8.509 23.231  2.076 10.728  8.431  2.045 
 0.297 14.549  2.782 -5.225 -6.921 16.186 -0.012  4.947 -2.578 -2.010 21.950 
-11.915 19.312  7.068  9.384  0.999 16.733 -6.723  9.234 24.280 11.840 23.914 
 9.787 11.793 20.413 11.281 -21.991 12.697  0.869 -10.601  7.716 15.493 31.596 
-3.735  2.874  3.397  7.440  6.473 19.127 21.077 16.188 -3.385  3.367 10.977 
 4.671 14.107 31.971 -19.324 -6.627 10.594  8.762  5.821  5.543 18.747  1.689 
-7.548 10.967 18.781  8.560 -10.826 -3.384 13.991  0.960 23.058  7.841  9.403 
-2.899 -14.184  2.558  2.411  2.692 24.218 -1.772 -0.040 -3.423  7.158 17.485 
 3.343  4.446 -5.961 -2.633  7.231 13.520  6.692  6.881 19.101 26.450 43.358 
-9.158  3.903 -7.915  7.641 13.217  7.251 18.149  4.044 11.147 15.051  4.347 
 9.037 10.597  0.101  2.936  9.507 -11.206 -3.286 27.693 33.148 14.511 12.869 
 1.233 -3.857  6.570 -0.838  6.174 13.128 -1.500 13.028  4.902 13.703  8.153 
-16.823 -28.726 -8.427 -4.170  3.166  8.240 24.373 16.791  6.116  3.908 14.917 
 2.926 -2.094  4.556  5.764  4.489 -0.589  7.884  5.157 14.914 18.068 33.109 
-5.634 17.203 -2.959 23.689  6.950  8.991  1.482 11.238 22.559 20.680 13.474 
-3.467 12.963 15.122 18.625 -1.183  2.080 27.506 12.978  8.821 10.382 21.676 
-12.892 13.069 -1.700 -17.337  7.378 10.485 -8.950 14.898 12.725  9.705 12.535 
-11.313 -1.496 16.194 -0.400  4.532  5.663 22.234 18.631  4.068 15.381 19.586 
-5.023 -6.992 15.467 -7.558 12.653 34.179 24.432 10.846  9.493 14.025 -0.972 
-7.156 -2.317 -8.041 -1.379 16.061 19.977 23.139  9.223 17.520  5.131  5.936 
 6.292 -5.821 -1.219  1.982  0.605 10.024 12.178  3.024 10.098  6.380 27.417 
16.201 12.772  7.386 -1.609  9.663  4.636 29.439 11.657 -7.968  3.413 26.045 
 4.838 21.575 -13.086  9.228  8.490  2.301  4.821 12.264 10.075 25.448  9.716 
-7.678 -6.127 11.381 -2.933  3.543  8.066  6.910  9.642  4.568 10.358 23.913 
-1.275 23.709 -12.535  2.088  4.146 19.947 14.280 -7.489  4.079 18.736 14.120 
 7.541 -6.348  1.731 -10.511 27.231 16.731  6.131  9.294 26.810 10.379 12.657 
10.788 -10.194 -2.218 -7.443 18.660 -2.435  0.029 25.802 12.491 25.953 20.967 
-15.058 -7.505 -7.203 10.829 -3.965 11.832 -0.260 10.710 12.617 14.899 14.616 
12.131 11.600  8.845 -0.821 -1.199  7.444 12.077 11.191 24.201 21.038 12.638 
-2.230 -2.848 -1.489 16.463 13.218  6.450 25.275 12.524 -3.728 16.929 28.728 
-6.150  9.207 -5.693 -1.206 29.149 -2.199 24.052 23.119  4.698 12.849 15.928 
 9.823  6.692 -1.847 -6.030  4.071  1.958 19.362 -5.706 28.873 18.427  7.308 
 0.739  3.819  5.998 11.305 14.575 -5.614 -11.596  3.463 24.973 19.619 19.550 
-7.505  2.132 -17.537 -5.775 -0.128  4.866 26.178 20.264 -3.931 12.436  2.887 
 2.017  5.502  0.834 29.747 18.758 -14.583 17.889 23.063 15.694 23.628 27.604 
-6.698  1.257 -4.481 -6.752  0.140  8.930 12.539  5.795 11.145 26.451  2.545 
-2.472 -2.384 11.597  3.190 19.774  4.808 -0.459  4.389 14.685 17.839  7.536 
-4.508  7.770 -13.928  9.845  3.251 23.157 15.363 -13.757 -15.719 -3.259 -1.383 
 0.613 19.672 -6.802  8.426 12.818 15.579  6.762 -6.746 -1.056 14.880 14.498 
-1.101 -1.553  7.337 -17.586 -9.339  0.324 14.645  7.789 16.810 18.568 29.157 
 0.484  2.134  7.613 13.413 18.809 23.118  7.408 -8.941 24.598 27.350  8.949 
-15.137 -16.022 10.032 40.784 11.571  1.193 16.060 18.229 -6.719 13.184 19.793 
-9.567 -8.879 -12.528  0.943 17.881 -8.917 16.329 13.526 -5.015 27.411 24.238 
-9.545  0.022 -10.906 -7.563 11.010 12.552 12.460 21.185  5.467  3.595 18.691 
12.811 -2.287 -3.766 -0.810  1.205 25.263  6.631 14.312  3.821  9.354 -3.868 
12.717 -16.204 25.070 15.634 28.553  4.222  8.763 20.459 -2.058 27.127  8.830 
-4.428 -6.844 -11.005  9.113  7.463 17.387 -22.084 -7.935 13.907 35.554  5.835 
18.506 -0.396 -12.166 21.194 -10.572 29.570 13.765 -1.625 28.770 -1.749 30.441 
13.288 -6.637  8.574  8.677 -7.884  3.118 15.097 -4.605 17.496 11.027 20.168 
10.027 23.153 12.944 14.791 12.440 15.536 15.839 14.637 14.777  4.264  0.871 
11.578  6.364  0.143  0.594  6.998  4.834 23.924 10.380 -0.568  2.679 18.677 
 6.885  1.913 -8.231 -17.659  5.191  2.301 28.996  3.922  8.884  8.814 33.840 
-13.351  1.545  5.356 18.298 13.968 16.536 22.020 -2.160 -3.270 18.540 24.372 
15.976  0.837  3.198 13.965  6.220 13.356 19.929 24.771  0.497  4.828  9.027 
 7.342 10.537 17.130 -2.763  6.406  8.423  3.880 13.850  8.152 14.108 19.689 
 2.323  3.367 15.062  9.994 14.476 25.023  1.706 28.227  7.786 10.692  7.018 
-12.582 -3.344 25.105 -0.901  9.668  3.969 -0.897 18.680 20.581 11.206 23.078 
-18.026  7.023  7.652  3.882 -5.544  7.496 -3.516  0.815 11.580 12.482  9.237 
 1.819 -6.989 11.046 20.890 15.868 14.087  2.431  0.716 22.010  2.051 10.414 
 0.007  4.628  9.370 17.558  5.376 14.798  9.749  7.362 17.710 32.005 -13.459 
-4.013 12.707  6.841 18.714 18.573  8.281 11.854 22.658 18.768 15.424 27.917 
-10.207  4.994 -6.872 -5.980 -14.639 -6.004 21.950 11.967 -8.622 21.206  0.824 
 1.013 -4.797 -11.557 -7.295 -7.534 -5.247 -1.067 16.215 24.951 25.397  8.801 
-8.800  1.100  2.651 -16.564 12.034 15.648 -0.724  9.443 -1.526 34.395 14.348 
12.720 -4.199 -6.862  1.722 -8.540 -3.108  2.214 -5.489 23.612 -0.085  2.503 
13.013  9.234  4.080 16.600  6.990 11.514  5.106  7.681 30.910  6.881  5.707 
-0.735  2.414  2.785 -0.146 -13.426 -1.871 20.969  7.235 16.538  3.359  7.385 
 1.732  4.345 -2.997  9.358 -17.936  6.149  7.193 13.928 27.352  7.231  9.527 
-8.045 -5.624  7.784  8.842 -8.629  2.953 -5.079 -11.137 -2.424 -1.847  1.986 
-16.784  3.355  4.595  4.572  3.210  0.678 -11.362  4.759  3.973  3.429 18.773 
15.739 -9.056 -7.395  0.567 -4.488 10.470  2.486  4.168 23.093  4.954 14.685 
 9.499 -2.185 -5.336  0.826 -14.023 14.464 13.429 -4.510 23.535  4.426 13.220 
 5.786  4.631 -5.182  5.327  4.956  1.821 21.530 24.686  5.970 -2.928  7.021 
26.918  3.106 12.812 -8.623  6.008  6.733 16.471  2.618  1.371 22.943 12.030 
-16.638 -12.848  5.684  6.165 17.630  1.915  4.414 11.760 14.577 35.698 -2.708 
-14.037 -7.379 -5.587 -14.909  1.946  3.064  8.942 14.369 15.722 -2.974 28.866 
10.658 29.028  0.643 -4.040 -0.473  7.403 -6.057 -4.670  2.179 20.014  5.604 
 3.684 -7.121 -4.120 15.677 -8.405 10.890 22.705  1.430 10.135 24.324 23.762 
 7.691 -5.618  6.842 -1.067 -0.897  6.682 -11.247 15.173 16.884  9.398 12.678 
12.186 -12.826  1.388  0.045  8.874  7.884  8.944  3.112 21.267 11.924 17.923 
20.163  5.350 -6.218 -26.946 15.446 18.774 12.256  1.117 26.163 10.693  6.238 
-4.267 -19.227 11.621  5.826  1.056 -0.153  3.879 16.613 17.766  4.246  9.535 
 7.573 -16.397 -4.207 -1.508 11.042 22.990 10.603  8.438 -1.014 15.837 12.024 
 4.212  1.767  4.559 21.635 11.537 13.254  8.916 19.274 25.017 -8.498 12.387 
 7.047 -18.153  0.300  3.342  1.912 18.254 -4.012 -10.605 -2.503 18.185 13.260 
-9.245 -3.754 14.440  5.328 10.268 11.059  0.599 -26.585 18.257  7.189  4.292 
-2.354 16.207  1.769  7.232 19.813 -4.990 28.071 22.304  7.419  2.699 -13.346 
 7.462 -2.011  3.276 -5.543  7.119 13.694 26.034 19.402 -0.676 16.938 14.989 
-0.601 -3.581 -4.776  1.733  1.961 -3.697 -5.009 16.454  6.922 -2.912 11.970 
-13.315 13.085  0.138  3.905 -8.732 19.018  7.018  7.873 17.349 20.832  4.946 
15.026 -10.417 -23.359  8.411 -11.042 10.283  5.193 -3.234  1.364  7.310 19.843 
 4.431 13.167  0.798 -4.918  7.545 -1.698 -22.916  0.518 12.582 12.312 18.767 
-17.164  0.915 14.648 -5.565 22.119  3.058 -0.348 34.229 15.216 31.662 14.409 
 0.629 -6.824  8.746  3.815  4.660 12.563 15.504 11.102  9.949  9.191  4.428 
11.978 -0.245 -7.922  2.540 -13.065 -3.008 26.682  7.434 10.620  3.881 22.875 
 0.147 -3.530  0.885 -0.846  6.020 17.023  8.163 -4.816 15.705 10.692 18.759 
10.017 10.567 11.550 -4.483  8.736  2.864 27.407 12.393 14.588 -2.592  1.231 
14.990  1.031  4.196  3.419 -6.798  0.728  7.178 25.274 27.482  9.104  3.904 
-18.023 -4.963 23.085  6.614  4.402 -1.479  6.029  8.773 43.117 -0.207 19.829 
-20.293 -21.828  4.227  9.150  6.756  4.845  8.326 16.112 13.018 20.026  9.053 
-18.182  1.845  6.665 -2.748 21.470 14.497 12.069 17.663 -1.530 19.050 13.077 
 4.831  2.994 -1.845 13.450 14.944  7.626  4.257 26.177 10.683 -2.097 14.632 
20.829 -0.646 -5.818  1.610  0.517  7.305 27.211 10.899  5.853 13.617  7.649 
 5.323 -2.291 -7.573 -0.453  1.550 -4.714 15.152 17.405  9.673  2.064  7.877 
 6.744  7.822 -11.592 14.680 11.323 -1.346 21.079 -1.093 -1.265  0.660 28.297 
 1.428 -2.737  6.097 10.784 10.365 12.451  1.207 15.029 -0.244  4.400  3.813 
-0.246 -1.847  5.806 -4.628 -0.957 -1.493  0.991 28.259  3.781 15.411  4.727 
 0.630 -7.868  0.039  9.229 15.359 25.305 20.325 -6.301 10.151 26.257  6.156 
-1.807  6.799 -4.417 -4.487  9.352 11.690  5.959 13.750  6.326 16.779 23.990 
-4.083 13.418 -12.871 10.419 10.680  2.229  9.174 29.925 11.165 -1.541 19.088 
-0.799 -0.646 13.915 -2.869 10.800  0.550  2.858 24.104 -4.468  4.354 17.581 
-10.186  1.360  7.691  2.545 -3.500 -0.016 11.317  5.831 12.312 20.645 29.672 
-0.653 -2.279  6.494 -6.563 -0.187 -6.213  6.733 32.737 11.796 -0.717 13.503 
-7.979 13.430 -11.993  4.611 10.737  7.401 12.718  4.469  8.048 13.761 28.033 
-2.311 12.943 11.489 18.588  1.013  6.157 32.640 -3.188  6.763  8.800  1.055 
-9.678 -3.750 11.108  3.503 -9.952 -2.417  3.775 18.775  6.613 24.709 20.988 
-27.663 15.341  2.187 -3.823 13.012  6.355 10.796  4.363 23.861  7.963 33.472 
-10.184 -13.789 -14.616 16.414 -1.196  5.444 10.359 27.850 12.015 12.791 14.755 
 1.821  7.957 -1.581  2.772  3.454 17.314  1.125 11.376 11.831 18.922  7.414 
-4.102 -3.510 11.662  2.636  1.871 13.117 10.398 -6.171 31.240 19.437 19.879 
-10.215  5.335 -7.845 -1.819  3.530  7.938  0.464 21.550  5.481  9.714  3.541 
-6.327 -5.969 13.388 15.016 -2.961 20.167 20.974 10.358 21.102 -15.131  8.162 
-11.816  7.505  3.783 -11.814 -3.450 11.459 15.048 16.886 10.010 30.730 13.997 
-14.459 -12.720  9.843 -2.718  2.496 22.880 22.457  4.148 24.095 15.547 13.454 
 7.175  7.033  7.353 -3.978 19.436  9.995 -2.446  4.273 15.156 -1.630 13.958 
-11.635  7.735 11.509 -3.544 -0.482  9.170  7.787  3.200 11.185 21.197  0.215 
 2.982 -0.272  1.355 12.061 12.861 17.767 -1.877  1.381  0.490 10.053 12.442 
11.355 -6.137 -2.075  9.343 24.138 24.954  7.130  7.460 13.916 10.007 17.852 
 7.335  1.449 13.373 -7.416  0.009  7.079 22.339 13.187 -4.022 11.212 14.766 
-1.847  0.535  6.964 -2.076 20.760  2.872 15.898  8.714 12.403 14.642 44.088 
 0.016 -11.683 19.105  0.457 -13.311  3.976 29.547 16.638 10.412 10.132 13.670 
 9.543  9.001  0.404 12.895 25.676 16.097 30.175 11.166 15.220  7.288 -3.162 
14.580  1.383 10.356 10.271 -1.457  3.366  9.231  4.244 12.227  6.418 12.908 
 1.644 -7.990 -2.125 11.225  1.713  1.847 10.065  3.942  7.528 -2.524 13.767 
 9.352 17.374  6.269  0.134 -3.738  0.022 -2.512 18.476 24.520 12.297  2.454 
-14.192 -9.388  3.592 15.245 10.201 13.155  6.528 -3.336 14.308  6.397  1.347 
-4.809 -22.191 16.737 -13.662 20.550 -14.031  0.162 24.453 12.408 31.991 15.963 
 9.855 12.693  2.969 -8.468 -9.795  3.373 -2.380 11.218 10.948 19.814 11.325 
-0.515  9.115 -6.022  9.819 15.529  9.796  9.683 -5.663 -6.667 11.514 11.167 
11.381 -0.580 -10.203  7.246 10.269  6.265 13.667 12.526  0.699 12.263 15.200 
-7.749  3.168 -7.382  0.821  4.124 14.052 -12.071 -1.598 16.721 -1.655 19.665 
-11.338 12.432 -3.454  7.895 19.848 10.171 11.412  3.600 17.482 12.327 31.991 
-22.241 -1.925 -1.548 28.459 13.478  4.224  9.228 32.894  1.179 13.083  3.340 
 9.667 14.281 -6.400 18.129  6.859  1.699  9.417 -1.675 12.185 -1.506 10.845 
 1.579 16.187 -1.709 16.801  9.352 -2.044 14.268  7.242  2.087  4.016 17.239 
 7.421  0.150 -20.658 20.778  6.569 17.302 -2.456  9.094  2.197 12.009 -5.046 
-1.853  8.297  3.953 16.180 -10.627 15.540 16.194 21.583 20.116 16.820  6.072 
 1.505 11.160 -2.177  8.935  8.952  7.119 21.660 11.171 -3.354 25.766 19.139 
-5.377  2.721 15.404 -6.993  1.361 -4.224 20.603  7.265  2.690 12.415 26.108 
-8.494  3.918 -4.360  4.213 16.715 -3.447  5.375 10.899 23.873  6.112 25.999 
-20.311 -15.828  8.008 -17.710 -6.406 -5.937  8.875  7.492 -16.211 22.899  9.291 
12.239 -17.776 -0.293 22.827  5.120  6.679  8.371 11.458 22.290 28.031 29.253 
-8.139  2.951 -1.155 -2.537  8.398 -6.887 -3.152  3.775  4.423 11.145 17.074 
-13.504  8.816 -10.818 23.793  2.369  7.514  1.962 16.846 14.450 27.330 22.229 
16.764  5.405 -1.665 -9.602 16.890 -1.398  0.227  8.448  8.277  2.974  9.053 
 4.515  4.628 -24.437  4.842 13.390 13.863 20.694  9.275 -9.543 22.823  7.051 
-13.781 17.968 -6.561 -5.881 27.762  3.128 -1.960 11.795 29.415 15.864 17.669 
 3.599 -9.883  8.853 -9.016 10.518 -2.255  4.647 21.558 19.849  8.437 17.257 
-0.786 12.628 -0.057 14.874 -7.069  0.907 11.598  8.591  6.369  4.770 11.301 
 6.462 17.894 15.492  6.388 10.139 16.981 -6.342 -3.016 23.570 30.620 23.318 
10.507  7.063 28.418  1.472  3.185  8.395 10.297 -7.426 -5.887 -11.710  5.798 
 5.421 -26.176  5.636  7.074  0.969 11.553  9.243 -0.335 19.922 26.680 18.007 
-0.992 -12.625 -9.303  5.981 -0.955 16.481 19.584  7.231 18.525 16.997 21.328 
-12.852 -0.681  7.568 14.758 -0.508  9.054 15.417  3.446 19.516  1.769 11.224 
 6.065  3.643  5.299 -9.255  4.698  1.992 12.379 16.969 13.122 23.831 10.928 
 5.185 11.552  5.563 -8.986 18.661 -11.070 -9.987  7.621 15.959 24.476 26.040 
-2.703  3.165 13.962  9.427 -13.303  1.158 27.288  2.463 12.440 -4.202 20.017 
 1.254  8.191 -1.429  7.221 27.583  4.054  9.497 16.981  0.339 18.297  6.531 
-12.342 12.414 -8.087 -1.648  1.790 11.021 18.746 -5.156  8.896 15.399 17.302 
 4.651 -6.215  5.489 -5.588 -3.681  8.134  4.863  3.899  7.215 29.086 14.522 
 8.452 -14.778 13.382 -11.921  9.164 16.105  9.710 -8.563  8.308 28.101  4.404 
 3.786 -0.561 -2.216 -1.703 10.121 -9.708 -3.224 10.018 13.485  3.143 14.587 
-13.057 -2.374 10.336 -6.593 14.042 -17.965  8.170 19.856  8.793 13.222  0.408 
12.532 -7.253 -7.452 -6.565 -4.345  4.922 20.149 10.612 -3.494 21.527 16.057 
-11.860 -17.652 15.830 13.983 -4.060  1.081 -2.316 13.123 29.606 25.207 31.411 
-1.535  4.949 -10.399  7.525 -7.457 -5.854  3.481  9.061 14.148 11.508 13.921 
13.369 12.295 13.554  0.999 -1.771 -0.013 23.180 10.886  6.718 11.891  9.864 
-15.469 -4.919 -10.131 19.265 14.886  8.264 18.192 42.278 -11.262  8.389  1.481 
-10.762 -5.002  7.862  1.653  8.061  0.749 20.832 -3.249  9.094 33.365 33.310 
 4.864  3.192 -5.489  1.751 14.715  6.240 -4.170 31.096 20.209 12.069 25.657 
-17.210 -6.597 29.449 18.107 -4.048  8.624 -11.715 27.948 23.437  5.690 35.386 
 4.808 -5.312 -6.160  4.699  9.448 19.450  3.091  3.220  1.594 15.325  5.719 
-6.592  0.188  2.913  9.172  8.175  5.630  7.924 13.088 -1.824 20.443  3.602 
-10.606 11.494 11.263  3.142 13.753  8.084  0.975  9.284 16.065 19.788  3.689 
-5.147 -6.493 23.420  4.498 -13.635 22.884 25.100 11.945 11.790  6.149 28.303 
-13.972 -11.142 19.168  3.119 13.746 -16.035  6.602  3.959 -4.240 15.856 13.737 
 2.784 22.234 -9.694 12.600 10.558 10.418  6.414 26.585 19.358  9.679 11.836 
 9.849  8.244  8.615 16.643 -2.976 16.653 12.565 -7.397 11.491 -0.329 21.219 
10.671  8.303 -5.952 -2.501 -7.409  5.095 24.033 10.782 13.903 13.451 25.137 
 7.620  4.338 -10.494 -3.029 -13.020 12.059  0.253  5.972  8.721 20.859 -18.030 
-11.547  5.384  4.527  3.269  7.363  6.248 19.941  1.568 13.328 18.924 -5.741 
11.317 -0.634  5.740 13.285 14.677 18.040 -2.100  0.402  9.887 14.977  5.117 
 4.445 -18.676 -8.007  3.372  5.422  3.287  3.435 11.568 10.259 16.828  8.924 
11.378 -5.035  1.319 -2.563  8.253 16.814 -3.884  8.122 15.098 10.760  6.372 
-5.913  7.264 -3.120 -6.406  1.044 11.825  7.386  0.805 11.372  3.257 13.695 
 0.519 10.194 -9.270 -14.440  4.229  5.284 27.262 17.988  5.830 13.692 24.457 
-10.490 -0.534 16.699 14.579 12.543 23.606 18.586 -1.277  6.988 -3.107 23.677 
-5.243 -2.677  6.371  3.242  9.248 10.018 -12.288  4.115  2.695 20.322 12.782 
-7.372  8.190 -15.621 15.089  7.761  2.693  1.978 14.576 26.557 13.858 29.167 
-4.771  0.448  4.689 -0.580  7.896  8.677  8.700  7.947  0.712 11.434  8.849 
 1.048 -0.074 13.583 25.017  7.934  9.878 -4.169 -11.462  4.312 18.868  7.793 
 7.897 -2.068 -12.510 24.004  3.499 -7.009 -11.738 10.431 22.637 15.498  6.484 
-11.784 14.026 -5.763 -13.973 -12.087 23.900 22.327 -3.438  8.580 16.640  5.494 
 4.831  6.829 10.913  3.926 -17.179  1.035 16.520 18.820  8.412 28.453 -3.127 
-10.233 13.183 17.426  4.902 -25.133 -2.147  7.223  3.967 13.666 -1.460 16.389 
-0.502 -2.782 -0.677 14.148  8.033 16.318  0.011 13.499  8.360 29.209  9.775 
12.100 -5.772 12.611 28.709  5.731 24.493 11.005 -11.820 16.235  3.123 16.444 
17.956 11.717 12.099 -11.315 12.315 -4.799  5.879  9.336 15.173  5.291  0.067 
21.920  7.237 13.047 11.578  4.765 13.395 -2.128 29.538 14.423 38.554 20.007 
 5.206  2.982  2.322 -1.258  8.585 -13.786 10.118 14.712 10.717  5.119 35.784 
-2.916  4.178 14.093 -17.446 -20.128  0.833  5.672  3.873 17.602  8.248 39.652 
-1.767  1.134  9.407 -0.656 -7.065  7.867 -1.093 -6.590  0.862 25.557 12.265 
 7.564 -37.181  0.309  7.022  5.405 26.988  8.663 33.282 13.082  3.008 -9.554 
-3.093  5.654 -6.910  1.044 -15.157  7.659 11.671 20.218  2.542  9.561 28.358 
 8.930  3.089 -5.423 18.236  1.973  9.245  9.203 29.275  2.295 27.249  6.303 
-2.513 -4.074  2.729  7.274 14.181  5.432  4.301  8.105 -1.115 25.959 17.775 
-8.613  3.539  1.992 -0.124 14.110  4.679  2.917 -0.054 -2.825 11.551 17.741 
 6.221 -9.590 15.436  1.318 -8.133 14.959 11.781  3.842 17.246 12.124 15.606 
-1.961  5.489 13.545 -2.266 18.240  6.853 -0.033 -9.889 17.610 22.081  8.902 
 7.654 19.054 19.804  3.849  6.925 -0.570  7.377 17.593 -5.693 22.659 18.067 
15.765  5.931  6.287  7.102  4.948  7.641  3.651 19.550 15.380  8.019  1.969 
 2.656  8.103 -8.709  2.787 15.480 16.475  8.200 12.365 17.087  8.737 -2.770 
-6.453  4.258 14.176  5.555 25.784  8.688  8.445  4.312 -9.070 22.633 22.699 
 5.106 -12.582 10.997 12.119 18.631  4.156 10.598 -3.625 13.643 15.681 10.885 
 6.703 -8.622 12.374 15.764  5.307  7.398 27.417  4.017  4.488 17.971 11.783 
 3.918  6.520 -16.876 -3.346  5.056 -3.638 24.523  3.326  2.786  2.716 11.577 
-0.007  5.838 17.539  4.609 10.099 18.429 -12.632 12.119  4.137 14.108 21.444 
-20.027 -4.808 24.121 -12.145 13.640  5.410 11.657 16.109 10.255 18.797 19.868 
 0.249  2.857  9.473 15.326 16.710 -17.667 23.358 -4.167 -6.586 15.764 35.345 
 8.530 12.011 -9.204 -2.788 -20.720 12.023  2.470 10.315  5.398 -2.046  9.409 
-4.098 -12.793  3.488  2.171 15.786 -3.236  6.768  0.522 14.509 18.291 11.104 
 0.133 -7.865 14.273  5.468  5.610 15.316 -13.450 -3.464  5.074 18.000 -2.467 
 1.805  4.733  1.802  4.390 -7.582  5.237 13.855  8.435 10.092 31.538 27.444 
11.574  1.273 -0.752 11.497 12.682 -4.767  2.147 15.391 14.563 13.108 19.983 
-10.371  5.888 12.769 -5.017  0.987  7.802 -21.214 12.871 14.812 -0.218 17.654 
 7.216  2.491 26.681 -1.539  5.878  2.563 10.608  8.727 35.412 22.281 -2.255 
19.905 -3.355 -8.224 16.162 -2.745 -3.357  1.930 22.652  6.521 21.146  4.709 
 2.560  8.097 -12.263 -0.666 -1.464 10.959 14.979 12.914 21.806  9.046 21.072 
-2.140 12.515 -14.335  7.041  5.770 14.792 18.939 15.175 21.287 13.048  4.130 
10.524 -8.181  1.601 12.361  3.511 18.025  5.620 18.804 14.987 -3.862 24.799 
10.595 -8.578  1.647 13.219  7.689 13.478  8.062 -0.570 26.919 19.689 19.998 
 8.741 -0.568 -1.485 13.350 -0.505 -7.884  3.262 22.459 29.136  7.946 28.394 
 9.319 14.492 -2.717 11.925 -1.815 -13.512 -6.472  7.312 16.519 20.463 23.780 
-1.326 -6.527 -5.185 12.135  9.395 14.665 -0.338  3.167 19.088 21.861 20.565 
 8.796 -9.369 -1.866  7.059 -1.846 17.103  4.356 18.491 23.169 16.579  9.182 
-4.863 -5.181 -9.741  3.328 -6.894  4.116  7.278 -3.838 17.422 23.935 26.959 
 0.967 -1.316  6.278 -5.343  3.278 14.741  1.253 11.658  4.132 26.357 29.467 
 5.714  8.798  3.221 13.409 20.428  2.622  8.210 13.662 21.667 25.951 16.298 
12.775  8.648  2.480 -17.489 -1.958 14.558  9.161 19.412  5.933 11.666 12.446 
-8.348 -3.718  8.491 -0.922 25.543  9.976  8.577 21.378 12.492 11.573 16.730 
 3.610 -0.579 34.334 -16.920 15.448 22.898  0.957 11.889 25.503 18.184 14.843 
-14.614  6.682  9.219 -6.948 26.244 11.011 24.509 -21.449  8.205  7.783  9.879 
13.918  6.092 -4.387 -1.185 -15.324  1.464 26.608 19.859 21.628 -5.122 30.643 
-3.690  8.734 -4.350 -1.902  2.375  7.775 20.767 20.312  1.734 -10.630 -2.015 
-6.784 15.695  4.057  7.556 20.282  7.159 18.023 12.884 17.580  8.163 23.917 
 0.227 -12.167  4.509 -0.165 19.235 -15.337 15.733  7.880 -7.740  5.768 18.914 
-1.597 11.087 16.571  6.001 11.432 14.420 -8.312 12.908 17.068 12.662  4.796 
 3.092 -7.655 -8.050 13.405  3.671  0.045 12.032  8.309 18.923 25.185 -1.798 
 0.995 -3.423  3.464  7.481 13.690  5.872 16.663  9.307 13.865 12.777 19.802 
 7.471  4.882 -16.603 23.781 16.329 21.000 -3.423  3.859  7.428 25.372 20.124 
 5.914 12.695  8.691  7.076  7.047  0.145 16.624 21.351  4.623  7.010  8.162 
-6.999  4.832  8.260 -4.295 15.370 -16.554  2.368 26.397 24.820 31.382 40.551 
-11.400 12.782 11.966 13.546 15.402 -4.951 14.664 11.379 16.535 22.455  3.528 
 8.172 -3.719  5.606  5.315 22.898  1.875 23.070 28.844  0.729  1.630  2.345 
-21.238  9.758  8.077  5.867 13.161 11.077 25.557  6.419 19.214 -4.009 15.469 
-11.003  3.657 19.823 -4.102  4.421  2.097 -9.117  9.084 36.070 13.236 14.866 
-4.526 11.167 13.700 -0.348 -6.641 -5.851 14.863 10.557 17.208 27.631 21.151 
 3.773  8.333  1.328 -3.955 12.014 -16.393 14.954  7.179 16.995 32.133  3.342 
 5.172 12.995 -25.368 12.879  0.835 17.787 14.147  8.342  4.648 16.548 24.095 
 9.391 -2.826  3.305  6.975 10.597  4.498 13.947 16.854 -6.800 -8.483 20.616 
-14.329 -10.776 -13.687  0.642 19.001  9.556 -12.892 23.816 13.122 16.850  9.524 
 6.542  9.761 13.501 -2.932  7.135 21.431  8.268  8.552 15.303 18.387 15.352 
-3.204 10.583 -4.932  1.708 -12.965  2.951 13.458 10.331 13.590  9.444 20.717 
 7.863 12.801  4.018  9.221  9.349  2.072 10.880  8.384 12.258 14.965 18.199 
 8.295  4.849 10.127  7.630  1.730 -5.507 17.642  7.776 17.370 12.961 25.684 
-10.474  1.991 -10.977  3.933 18.955 13.157 14.070  4.790 20.760 14.121 22.070 
11.697  5.166 -6.375 10.448 -14.195 -11.489  5.815  9.407  8.457 19.641  1.850 
12.257 -4.252 -8.715  4.232 14.683 -10.227  4.557 21.154 22.642 -5.920  4.896 
 6.913  3.317 12.901  1.038 17.245 -7.733 11.111 13.678  4.147 12.397 14.245 
19.603 -16.903  7.864 14.963  8.636 -2.242 27.226 15.004 35.675 28.043  4.964 
11.549 -9.594 -4.367 19.551 21.874 -11.135 14.829 19.306  5.810  6.866  6.388 
-11.398 12.334  3.354 12.280  7.190  8.030 12.792 12.100  6.652 18.731 19.904 
 5.456 11.345 -3.606  8.727  5.160 13.021 -0.133  8.753 34.079 14.460  2.594 
-7.959 -14.469 21.242  0.844  0.171 -14.608  0.400 13.296 16.227 12.473  5.043 
-8.551 16.572 -7.044 -3.407  7.134  7.443  7.358 17.890 14.193 23.346  5.957 
-18.315  6.807 -2.354  1.492  4.505 -6.143 -5.506 14.294 10.351 22.496 26.445 
-2.906  3.149 -0.860  6.835 -1.219 15.354 11.885 13.877 -2.789  4.491 17.876 
-2.270 21.919 -19.980  7.037 13.828 -13.093  8.096 -2.914 31.962 18.287 10.843 
-5.594 -4.127 -2.203 -7.705  2.294 -10.126  0.758  5.767 19.099 -0.258 11.243 
-11.825 21.095 -10.439  2.418  1.631 -1.119 -0.260 29.936  8.798  3.948 10.100 
16.443 18.524 22.376 10.865 -12.915 14.445 13.801 18.165  6.634 22.243 27.838 
-4.376  2.959 -14.602 21.851 10.872 -2.288 18.556  2.509 33.769 13.552 16.886 
 8.962  0.092 18.839 17.909 23.085  8.552 22.223  2.966  4.890 32.859 25.167 
11.616 -6.343  6.259 -5.360  1.401 10.752 11.208 11.108  7.829 16.586 25.204 
-5.001  7.792  2.445 16.843 -6.818 -0.506 -16.268 16.794 23.713  2.800 24.660 
-7.145 10.332  3.499 15.149  7.553  7.026 -2.411  8.332 23.040 23.441 -3.040 
 2.193 -19.799  3.347  0.062  3.854 -1.837 13.889 19.929 21.655 21.017 21.460 
 6.379  7.988  2.974  6.275 22.256  2.107 -5.252 14.102 15.873 28.757 23.857 
-10.585  8.299 12.483 -10.703 18.173 13.886  4.240 12.853  1.733  2.185 -7.723 
-5.320 -3.067  7.176 13.006 -15.521 18.111 13.073 21.856 14.904 35.823  6.309 
-3.600 16.188  7.764 11.073 -5.074 -11.827 17.304 18.329  5.962  5.226 28.455 
-0.557 -4.470  3.624 -18.960  0.101 -14.706 27.194  5.614 17.514 15.262 -10.258 
-5.203  0.634  7.224  1.829  0.614 -3.030  4.336 10.647 27.233 13.326 13.319 
13.844  6.706 12.818 -15.002 11.716  1.118 13.749 14.169 12.361  7.336 13.828 
 8.721  3.152 -1.836  0.800  5.426 23.732  3.597  5.453 10.089 -2.730 23.558 
13.059  4.445 -0.793 11.618 20.516 -6.678  6.473 24.289 11.953 26.497 -4.619 
 6.717 -7.381 10.426 12.596 12.888 10.329  4.938  9.975  5.372 32.658 17.596 
-11.323 28.421 20.864 -7.259  9.989  9.346 19.100 11.870 10.084 23.622 22.988 
-13.815 -3.632 -4.660 -0.956 20.791  7.959  2.373  5.606 22.820 27.650 17.763 
-3.011 -8.266  3.056 17.807  1.742 -6.861  4.861 16.530 -1.483 22.479 27.991 
-1.925 -2.215 -8.792  0.195 -9.571 -11.400  7.161  3.682  9.181  7.776 11.352 
25.710  1.958  2.720  9.286  0.429 10.727  2.226  9.444 21.837 22.464 10.486 
10.549 -11.110 -9.750 17.665  0.571  3.788 15.096  3.732 -3.084 22.358 33.169 
 5.828 -8.089 -3.045 -4.459 13.375 13.111  9.578 15.108  8.999 27.726 18.522 
-7.441  0.269  7.578  2.198 -0.477  7.411  0.507 11.878  0.381 19.181 17.913 
-8.066 12.035  3.504 15.290  1.350  5.877  0.947 11.492 -7.324 11.496 27.320 
-4.264  1.709  1.470  4.607 12.946  3.635 -3.527 18.269  0.101 14.102 11.583 
-2.273 -5.818  7.778  7.236  8.469 10.575  1.520 22.369  9.643 19.885 21.133 
-7.492 -5.517  0.503 -4.850  1.014  1.222  6.673 -7.726  9.089 13.768  7.812 
-5.776  4.504  0.560  2.791 22.148 17.192 16.818 20.405 18.590  6.116 24.942 
 0.365  5.060 -0.511 -14.157 20.892 13.106 -0.875 11.833 10.911 14.198 18.848 
 9.436 17.447  8.831  4.053  8.464 20.562 21.886 -1.771 15.155 26.025 12.033 
-17.538 18.361  9.497 -5.859 20.963  1.132 15.295  8.727  4.635 17.364 22.748 
15.150 -6.103 23.121 -15.604  8.363  0.399 20.800  5.604 14.258  4.962  4.697 
 6.035 -4.099 -5.736 -11.835  7.467  9.986  7.480  5.210 14.580  6.108 22.075 
 3.987 13.244  8.206 -4.008 -6.194  9.309 16.351 -10.041  7.537 22.151 36.197 
10.574 -3.117 18.810  8.243  2.689  9.820 23.193 39.177 12.016  6.604 12.027 
-5.731  9.267 13.403  7.575 -1.066 16.508 10.781 26.260 16.724 -9.041 23.546 
13.232  8.342 -11.188 24.287  1.555 25.472 -9.145 10.385 18.157  9.682 23.644 
 5.587  5.397  3.311  6.990 18.709  8.839 10.364  7.748  6.270 20.513 11.633 
 5.704  7.862  2.439 -2.016 -3.936  2.933 12.036 20.191 19.913  2.871 19.622 
-5.672 -10.783  5.447  4.260 -0.772  9.093  0.866  4.037  6.784 21.456 29.548 
 7.999 -6.690 -5.237 -3.451 -3.185 15.760 20.649  0.560 24.425 -0.932 20.405 
-2.131 -10.388 17.976 -8.751  1.794 17.085  8.941  9.740 -1.087  2.334 24.163 
-5.612  1.234 -20.071 -6.273 24.263  8.553 -5.672 11.111 28.227  6.203 -1.034 
-13.043  3.803 18.884 -5.394  5.484 -5.557 -3.873  9.217 16.592 28.358 -5.413 
-6.631 -9.968  9.542 -18.114 -5.521 -1.826 -2.377 16.973 17.700 16.163 26.696 
-4.646  4.050 18.897  0.105  9.862  8.230  8.411 -0.463 16.425 13.035 30.414 
-6.832 -8.882  8.724 -0.390 15.079 22.454  3.898 -1.628 24.089 -0.459 11.987 
-17.535  1.076 14.347  3.807 21.130  5.118 -5.160  6.280  5.302 28.277  9.473 
-14.260 -4.200 -10.985 24.175  0.327 15.475 -8.114 10.371 11.065 13.057 13.478 
-6.638 17.678  4.322 -15.434 17.039  0.407  4.691 10.552 -11.408 16.091 11.990 
-7.873 -12.511 15.245 15.550 13.359 14.857  0.407 16.158 16.143  9.202 19.973 
 3.488  9.823 -3.414 -5.420  1.853 -0.811 11.472 11.020 22.000 13.133 27.016 
-0.425 14.695  4.047  0.949  2.684  4.601 12.019  5.172 10.924 10.334 -3.659 
-12.738  4.200  2.752 -1.634  6.005 10.162 19.616 -2.891  7.691  7.058 28.850 
-5.673  2.881 -11.038 -10.383 18.304 -1.558 14.818 22.836 -4.727  5.212  5.842 
-2.780 -9.488  5.653 -6.111 -7.355 -6.734 -10.178 -1.808 13.298 12.832  7.827 
-2.334 -2.400  2.377 -15.371 22.164 11.123 13.568 11.365 35.502 -3.586  4.934 
 5.119 -7.131 -6.842  2.760 -3.878 -13.790 11.081  6.389 10.708  3.631 10.111 
-4.255 -11.679 -10.475  5.436 34.857  9.339 -0.276 10.034 17.640  0.977 24.808 
-10.281 -1.123 -9.249 11.037 -24.751 -7.183 20.098 15.002 16.703 32.508 18.924 
-3.584  4.222 12.722  3.067 13.096 19.137 12.895 25.968  9.133 11.719 24.387 
 6.914  7.875 -3.392  2.415 -15.929 -3.243 17.555 -0.867 33.457  6.519 22.286 
-6.534  5.422  7.335 26.676 12.949 -13.382 -13.654  4.727  4.514 -4.131 -9.549 
-1.702 -5.632  9.061 -10.221 -2.001 10.023  1.409 26.840 -7.840 18.024 17.753 
-0.902  7.919 10.734 -4.361  3.141 11.083  3.884  1.103  4.845 13.918 11.441 
-20.948 -0.656  6.519 -3.872 21.258 15.981 -3.971 18.854 15.332 25.253 19.326 
 9.434 11.153 -6.829  3.454  2.886 18.653 18.265 24.216 15.400 12.897  7.796 
15.019  8.838 -1.043 -0.041 14.191  9.173 -9.783  5.207  2.769  0.759 17.297 
-12.663 -5.813 14.779  3.320 22.133 14.660 -1.871 21.153  8.812 16.622 24.587 
21.575  0.628 16.054 30.384 -6.055 -6.866 -2.154 -1.191 22.758 26.266  9.034 
 0.047  6.825 -12.751 -0.648 -19.947  7.497  2.314  2.583 12.067 21.473 20.835 
-6.156 -0.166  7.036 10.889  1.743  9.855 16.000 16.312 12.193 17.348 14.351 
-6.990  1.996 -4.303  9.698  2.106  3.483 -2.013 -23.639 11.539  6.280 19.790 
10.394  3.912  0.776  1.136 -10.008 25.135  4.707 20.234 16.240 10.094 10.809 
 3.533 -6.312 -10.840  6.890 -2.193 -1.714  3.118 12.844  6.499  8.394 34.063 
 5.323 17.281  5.633  9.495  6.927  6.387  4.707  4.040 19.098 15.468  2.895 
 7.618 18.141 -2.146  6.638  7.453  7.715 -12.489 -3.544  7.293  6.599  7.162 
-14.161 -3.524 -20.711  2.925  6.379 19.570 14.455 21.503 15.187 33.643 20.676 
 1.675 -2.644 -14.718  7.101  8.818 23.812 -1.286 23.295 16.018 37.854 17.688 
-0.180  4.205 -4.111 -4.216  7.281 17.162 -13.824  7.389 24.727 -3.410  8.728 
 0.403 13.576 -6.521 -1.326 10.562 -5.660 17.600 17.791 11.487 19.748 24.570 
 2.506  5.722 20.557 -15.908  8.826  0.147  0.111 18.243 22.513  1.940  3.677 
18.398 18.981 21.611  7.033  8.697 27.136 -0.781 21.793  1.075  7.751 16.168 
19.020 -0.356 -6.055  7.445 19.815 -1.737  6.290 18.527  1.240 14.272 17.975 
 3.374 -5.275 -11.430 17.829  2.065 -7.753 30.922 13.254 11.550  2.404 13.164 
 6.391 -2.021 -13.421 14.543  8.253 15.423  4.561 21.035 10.498  9.259  9.810 
-13.631 31.567  8.127  8.766  0.087  3.153 13.502 20.701 20.140  6.555 12.737 
-3.234 -3.022 -5.244 14.990  8.208  8.641 16.018 19.611  6.854 32.827 16.204 
-8.711 -0.063  9.300 -0.365 -0.260  3.423  9.659  0.457  4.251  0.833 14.701 
10.652 20.128 -19.855 -1.038 19.515 -2.204 -3.311 21.807 10.049 23.673 33.588 
17.303 -5.715  0.647 10.227  9.656  3.161 -2.852 -6.975 18.354  8.445 -14.290 
 6.565  2.989 -2.274  9.750  1.324 23.444 22.776 18.080 27.531 25.437 23.984 
 3.246  7.199  1.682 15.057 -5.426 15.453 10.883  3.796 11.127 20.517 20.796 
 1.962 -18.933 -11.626 12.484  3.906 -7.640  8.067  2.322 10.943 21.582 24.097 
 2.681 -3.209  2.526 -6.155 18.313 12.181  1.283 16.881 17.143 17.779 26.578 
 8.676  1.766  9.749  0.534  9.025 -15.062 20.913  7.640 17.803 15.950 13.702 
-2.996 -9.421  7.887  3.753  1.814  9.977 12.922 13.997 12.129 14.014 30.088 
-0.094  1.138  4.066 -4.717 17.581 -6.528  6.113 13.256 20.844 23.800 13.529 
-7.294 -9.441 15.383 -1.352 29.977 24.805  3.195  0.673  5.738 17.275  9.664 
10.167 -1.969 -2.407  7.364  5.323 21.402 10.286 17.088  3.601 20.248 30.119 
 0.550 -13.547 -5.310 -4.319 -7.588 -6.497 21.383  5.365 15.574 -7.002 27.104 
-3.287 -4.066 15.162  8.283 -16.819  0.740  1.098  7.731 11.407 18.617 30.462 
-9.498  6.625  7.809 14.349  5.137  5.370 11.797 13.222 10.932 21.100 23.289 
11.265 -17.321 -6.297  0.003 -4.417  8.786 11.150 28.371 32.292 15.521 19.856 
-13.034  9.831 -11.149 -2.888  4.766  4.671  4.921  5.852 11.080  4.884 16.242 
15.767 -12.198  6.309  4.891  1.000 -2.695 10.900 11.649 15.824  0.136 11.180 
-8.222 16.280  8.470 -4.647 27.991  5.136 -11.819  0.474 20.910  8.010 -12.089 
-7.709 18.761  6.465 -16.020  2.631 18.505 -0.858 16.743 35.821  9.446 26.487 
-13.749 -4.860 -7.321 -2.390  3.669 -0.918  8.130 13.196 10.641 19.479 -0.294 
-2.310 -6.391 -8.609  2.214 -4.594 -3.482 16.344  3.864 15.092 12.019 13.953 
-3.308 -1.982 21.252  2.365  4.409  7.849 25.313  6.723  5.369  6.694 10.214 
-4.391 -7.931  2.378 -1.277  9.289  7.833  4.331 16.634 17.374 18.813 19.326 
 5.935 20.974 -1.169 16.667  4.056  9.261  9.471  7.943 -4.472 16.217  8.585 
-6.168 -1.086 -13.629 -5.800 -6.739 -0.418 13.981 10.543 12.855 20.056 33.665 
14.219 -0.173  6.913 -6.529  2.930 16.126 16.781 -5.112 17.230 13.443 25.355 
10.749 -0.933 -8.506 19.577  3.027 -7.499  5.158 20.720 10.756  0.722  5.170 
13.138 -6.590  9.357  6.423  3.434 14.557 10.771 17.870 16.346 20.782 22.980 
17.868 -13.833  6.060 -3.265 -2.242 12.675 19.329 17.030 14.679 19.770  7.608 
-5.287 -5.256 -21.194 -2.646 -11.699 13.611 20.587 13.421 12.744 21.588 -4.806 
 3.951 -9.055  5.599 -9.011  8.865 -8.772 26.797  2.113  6.241  8.289 35.040 
-3.026  8.721  1.677  7.081  6.778 12.129  5.719 19.471 25.814 16.522 24.570 
-24.633 -4.663  0.633 10.243  7.492  8.941 12.671 29.772  5.804 11.658 30.320 
 0.991 11.388 11.745  1.189 17.167  5.846 -4.083  7.241 21.030  0.282 28.047 
-9.596 -2.104  1.325  3.304 -6.563 16.108  5.415 17.949 28.557 14.317 29.298 
 7.358  0.524 -2.669 31.153 10.533 18.080  1.666 -6.797  8.581  3.535 35.591 
 4.726 -23.081 -0.446 12.064 15.281 -6.045  0.822  9.918  9.519  2.071 11.979 
 5.965 -2.368 -0.695  1.057 -0.657 -7.860  2.300 -14.510 14.311 22.293 16.398 
 7.727  8.311 -11.082 10.379 15.183  3.343 20.010 16.168  5.753 21.836  7.703 
12.953 -2.491  1.104  2.409  7.114  5.356  4.552 33.300  7.636  4.701  4.935 
-12.764 24.655  0.638 -10.035 -5.232 -11.203 19.924 17.672 10.392  6.108  3.863 
-3.409 10.248 -10.263 -7.190 23.210 -10.515 18.393 12.539  1.267  9.330  6.470 
-3.316 -22.094 15.865 -0.710 -12.253 22.934 -9.811 -0.282 27.654 23.553  4.360 
-10.834  4.905 -2.217  8.838 14.191 13.160 14.851 -5.522 14.102 14.962 39.442 
-7.805  6.521  8.608 22.879 12.258 36.341  0.998 16.447 16.401 21.541 14.496 
-13.995 -1.102 -3.987 -4.359 27.116  2.414  8.768 11.439 -4.770 13.018 26.054 
 1.560  2.859  3.197  5.882 14.033  7.269 12.660 11.145 20.990 15.384 17.583 
 3.915 12.294 17.579  7.298  6.062  3.623 -8.962  8.829  3.800 11.634  8.975 
20.752 -4.578 17.668 13.098  7.949 -5.353 -1.420  7.100 21.813  8.058 30.817 
-8.267 12.774  8.163 21.020  1.834 -1.305  0.475  9.758 13.619  3.083 42.331 
 4.967  5.039 14.450 20.083  3.422  1.340 -10.619  5.967 22.076  2.780 16.254 
 3.382  1.930 -10.491 -7.563  7.903 19.380 14.002  2.699 28.522 -2.348 31.301 
-6.009 11.152 10.275 -17.363 -12.360 -1.866 -3.645 14.293  6.490  6.072 13.196 
 1.889 -11.601 22.747  7.806 31.136 -1.566  3.623 14.053  7.315 11.652 13.380 
-18.147  6.271  7.478 11.227  1.205 16.694  5.174 24.381 11.933  5.361 -14.069 
 7.596 13.535 -7.195 10.743 12.361 12.050 -1.624  0.392 16.048  1.859 27.459 
-2.104  7.304 14.809  7.633 21.531  9.896 27.063  0.176 19.834  8.769 19.243 
 4.712 -1.664  3.989 29.929  0.892  9.096  1.988  7.663 14.664 15.334 25.073 
-15.189 -5.073 24.465 13.445  8.189  1.563 -3.538 -0.257 31.255  4.816 16.554 
14.311 -2.276  1.054  8.793  1.224  7.427  6.743  0.034 25.729 12.372 27.162 
-5.324  2.190  2.257  9.573 15.533 -1.180  5.321 20.726  8.212 14.266 24.192 
 6.270 -3.333 -7.303 -4.552 -9.887 -3.723 -2.002 -18.100  7.152 13.610 18.048 
-19.903 -16.845  8.780  4.906 14.145  2.892 14.756 -1.067  8.064 -2.521 17.804 
-0.999 -14.909 10.996  9.742  7.606 -6.070 -7.268 17.596 10.630  5.003  8.680 
 2.328 -6.771  1.436 11.236 19.943 -1.161 11.277  4.460 17.743  4.861 23.587 
-17.342 -12.559  4.687 -12.083  7.740 -1.007 13.581 18.633  4.232  7.975 18.320 
-10.248 19.180 17.656 -15.175 -10.471  8.683 24.533 14.364  7.664 14.277 15.431 
 7.525 -5.565 13.896 -1.282  2.566 -5.900 21.295 -2.283 22.210 18.247 15.916 
-0.249 -2.340 -2.076 -5.463  3.890  5.783  3.814 37.834  5.176  8.999  1.892 
-12.405 -6.970 -5.050  0.280  7.692 21.176 18.865 20.945 10.686  4.999 15.099 
 3.556 13.858 24.465 12.845  1.806 -12.723 12.308 11.721 15.602  3.727 20.891 
 5.835  5.859 15.979  9.739 -1.548 21.928  0.912 15.801 22.300 18.296  4.427 
 3.983 -15.267 -5.525  8.247 -1.352 14.123 17.578 -7.639 13.925  8.630 -7.427 
 9.818 -7.574 -13.999 -8.041  7.735  5.390 -3.232 18.377 19.156 31.920 -2.874 
 5.163 -4.309  5.231  1.702  6.484  7.196  6.140 18.051 18.934 28.839 17.794 
-2.382 -0.853 20.784 25.252 -12.343 21.818 15.759  9.340  5.936 11.247  4.103 
-5.288 -3.227  9.978 11.377  3.329 15.045  1.155 24.068  9.601  8.571 13.102 
-5.779 -3.718  2.230  5.769 -3.866  4.866  4.199 18.854 16.758 11.280 24.631 
10.307  4.147 14.147 -15.814 18.064  4.472 12.845 23.568 18.077 14.492 20.277 
 1.420  8.884 13.280  4.692  4.277 24.120  6.155 19.382 -5.653 11.299 13.849 
-1.259 -3.762  3.739 13.866  1.746 -5.828 21.967 16.266  1.423  3.725 34.683 
 2.912 -15.401  7.079  9.329  2.041  5.279 13.768 21.664  8.506 -8.134 11.174 
-2.885  3.496 -1.501  9.494  0.123 12.916 11.354  8.885 20.212 15.297  2.843 
-1.202 -11.433 11.425  1.124 13.424 21.079 -3.342 24.993  9.224  9.265 27.575 
 9.808 -8.299 -11.203  3.645 -15.672  5.276 -6.919  2.301 22.837 24.918 13.710 
 5.031 -7.416  6.792 -6.564  8.551 -4.408  6.541 17.749 -2.445 13.478 14.819 
27.427 -6.943  2.693  5.893 10.031  4.460 19.370  9.844 13.224  8.130 18.925 
12.179 -2.966 -11.688 -20.198 -14.864 19.505 14.799 14.435 -13.334 25.940 10.996 
14.204 16.333  0.793  1.143 -18.711  0.705 14.252  5.750 16.862  1.407 23.936 
-4.584 -16.292 -1.774 -10.778 -2.191 -4.927  0.972  7.802 18.075  4.516 24.200 
 8.043  9.220  2.485  9.253 13.372 13.712 13.426 17.724 -4.668 10.617 -1.612 
-5.580 13.999  9.849 -7.590  3.940 19.926 18.406 36.347 32.358 17.562 30.123 
 6.524  0.535 16.558  4.675  5.622 -7.609 23.964 27.189 21.278 12.594 14.420 
-6.743 23.876 15.066  5.525 -2.608  2.301  5.304  0.050 -6.480 14.359 10.806 
 3.777 15.893 -11.937 12.092 -2.839 -18.625 14.917 27.342 19.030 -5.170  8.661 
-7.392 -0.512  9.148  3.419 21.036  4.237 14.729 -5.078  7.498  6.712 18.390 
 3.262 -5.942 12.312 25.408  9.382 -9.624 -7.883  7.406  1.251 28.559 28.250 
12.135 -9.476  7.020 -4.031 -0.736 -8.425  2.497  3.463 10.507 16.334 12.679 
-11.952 -0.280 -5.347 -8.071 15.130  1.190 11.223 11.032  7.122  0.020 29.643 
 1.169  7.665 -4.760  9.006  7.667  4.385 16.552 13.203 16.515  9.275 15.408 
 9.414 -0.216 16.917 -11.303 12.905  0.483  7.596 -0.051  7.372 23.130 -10.123 
-2.931 -10.061 15.036 11.963  4.406 26.499  5.238  4.258 15.633  7.479 23.392 
-5.818 -19.224 -8.787 -13.430 11.962 10.269  4.073 27.325  9.745 -10.811  9.662 
-5.619  7.358 16.142 12.348  9.942 19.974  3.623 21.619 -0.869  0.862 24.101 
 1.037 -0.674  5.859  5.893 -2.911 29.160 29.356  5.206 21.670 29.361  5.023 
 5.853 17.456 26.727 12.960  9.633 21.000 34.194 -5.175  8.083 10.405  7.330 
-4.335  6.438 -9.556 -6.087 26.645 -2.480 -0.691 -2.215 -2.307  7.280 12.803 
13.698 -3.017 -1.831  4.303 16.514 12.633 10.383 13.153  3.723  7.169 14.202 
-25.414 -17.421  3.941 -4.459 -5.451 26.516  6.079 -0.084 10.205 16.876  7.937 
 1.323  1.438 -0.017 -12.428 19.267  9.105  9.053 32.261  1.779 -10.139 -2.018 
-10.942 13.366  1.452 14.885 -4.728  7.621  9.013  8.754 10.153 11.841 19.103 
-6.899 -5.567 -7.816  8.867 -4.539 15.274 -11.032 -3.229 12.554 19.636 16.377 
-4.022  5.853 11.702 15.224 -9.475  3.561  7.013 13.754 34.790 -14.228  4.929 
-5.188  1.317  4.774  0.800  2.909 13.162 16.387 -9.341  9.415 14.383  9.678 
14.772 -5.650 14.300 -7.270 -6.890  8.689  7.681  6.034 -1.959  5.437  3.483 
 8.359 -5.108 -1.856 15.757 19.194  1.967  3.363 11.383 12.660 23.769 11.410 
 8.488 -0.977 -1.996  0.938  6.547 10.240  3.201 18.623 12.257 14.820 30.222 
-15.088  4.158 -2.786  7.634  7.868 -0.503 13.545 12.618  6.552 22.965  5.001 
-6.538 11.542  5.158  5.959 -4.065  4.825 11.039 13.432 13.653  2.511  5.638 
-0.646 10.748 -6.404 12.751  7.228 -10.801  5.982  1.440 22.924 -0.099 16.465 
-11.239  4.850 -25.125  1.194  6.948  7.097 -0.548  2.526 16.550 24.868 17.936 
 2.415 20.588  4.715  1.579  2.377 10.403 -2.758 -7.145 13.122 11.151 13.401 
-1.287 -10.235 -1.626  7.666  0.675 25.125 13.484 16.381 22.997  4.641 12.297 
 2.927 -4.047  9.207  7.166 -10.036  2.119 -3.496 -7.627 25.392 32.571 12.457 
-3.154 -6.347  6.565 12.813 -1.224 11.224  5.772 -1.421  9.724 19.561 22.447 
-10.413 -5.488 -3.115  4.360 20.568  0.099 20.479 29.557 23.066 23.632 14.148 
 4.254 -13.717 -1.303  9.595 15.927 -9.026  7.724 -0.567  8.133 31.562 33.738 
11.200 10.866  7.983 13.498 19.872 -3.479 15.741  8.744  5.072 19.185  8.533 
-3.584  8.823  1.069  1.740  9.043 12.344 13.031  3.761 -0.943 10.006 17.182 
-1.216 -0.226 -3.249 -13.793 18.414  1.233 24.396  8.697 17.516  3.057 15.343 
 3.633 -0.535 12.115 -4.925 -8.766 10.375 14.174  4.062  7.656  3.357  6.854 
-11.917 -6.800  5.829  1.847  0.350 20.327  1.144 29.529 20.136 -0.809 15.327 
-11.289 -3.154 20.251  0.710  4.847 19.568 24.354 18.126 -1.751  5.064 17.838 
14.412 15.347 19.921 10.673  6.236  0.013 10.611 13.663 10.860 18.722 14.302 
-4.611 -19.226  8.012 11.379  9.570 26.518  7.336  3.679  4.765 20.201 10.609 
27.423 -1.482  7.034 -2.730 -5.484 10.972  6.651 17.948 12.373 20.108  8.385 
 4.119 -2.953 -2.969 11.517 -1.201 17.409  6.603  7.382 -3.865 15.050 -3.585 
13.959  2.777 -3.244  7.560  5.985 -3.395 25.440 10.622 15.186  1.636 24.543 
-6.653 -1.298 12.861 -5.462  2.594  5.606 25.557 18.332 12.430 -1.177 17.254 
 7.284  4.876 -2.895 -9.732 15.134 14.657 20.970  8.683  2.877  2.196 13.830 
-11.514  1.730 15.567 -9.766  1.021 15.611 -0.115 27.904 19.545 26.627  5.896 
 2.469 15.394 10.381 -0.195 13.146 -4.331 22.977 10.306 27.427 17.548 22.155 
 5.116  3.473  5.170  6.138  1.943 11.011 30.077 19.206 -0.047 15.205  3.548 
 7.624 -11.303 11.726 -6.197  7.034 -9.441 -6.122 18.786 11.853 15.080 -8.869 
-8.228 11.784 -13.028 -6.784  0.417  9.313  4.297  8.908  3.120 44.051 28.298 
-2.632  6.581  3.735 12.311 -7.840 18.677  4.585 22.333 16.736 16.997  0.287 
-10.085 -7.088  2.644 12.871 -7.581 12.599 -1.569 10.102 23.166 13.886 19.210 
-11.498 -0.616 23.430 -0.107 11.497 20.543 -12.362 -11.049 25.823 -0.549  1.388 
-0.785 21.805 -0.463 -7.697  6.864  9.283  2.979 22.562  8.561 23.726 17.141 
-11.042 -16.754 10.905 -11.489 18.791 -1.629 12.589 -2.636  7.605  9.946 20.719 
16.398 -10.994 17.837  7.578 -1.126  2.664 -6.965 -1.829  1.978 22.497  9.990 
11.618 -10.480  1.860  4.343 15.254 -5.206 12.624 -4.989 17.428 18.583 18.898 
-0.494 13.725 -0.404  0.365 23.511 -22.048 12.801 14.838 18.394  9.513 25.945 
 4.925 28.226 21.209  4.746 14.369  5.068 -8.631 22.593  8.662 24.104 29.044 
 2.627 13.517 -4.276 18.780 23.456  1.813 25.630 11.819  3.794 22.291  7.461 
-6.109 10.747 19.485  3.376 11.266 -8.178 21.182 20.292 20.329 24.163 16.153 
19.293 11.284  4.722 10.943 -5.312  1.625  9.984 16.190 21.747 23.116 15.974 
 5.419 -3.061 10.586 16.238  5.068  3.990  0.547 -5.845 -7.927 19.603  3.631 
 4.464 -1.487 -10.802 -1.331 -1.058  4.529  4.901 13.052 12.365  9.834 13.249 
 1.893  0.944 -8.205  8.325 13.033 15.284 29.681  3.871  7.239  6.512 -1.618 
-8.277 -9.388 -7.529  2.063 -0.968  9.181  3.288 -16.549 17.486 17.750  8.221 
-5.917 15.792  2.751 -12.549 14.579  1.963 23.030 19.777 17.120 21.597  5.122 
-30.530 -6.226 11.406 23.750 -2.682 17.363  2.311 -0.547 16.799 11.939 20.937 
-6.549 -12.086 -8.254 -5.276 31.121 10.300 -0.192 -6.399 25.663  9.684 13.628 
-9.016 -3.432 13.252 -5.117 -8.931 -2.661  2.245 25.458  6.468 10.238 17.275 
-6.533 -25.058  9.530 11.824 29.822  7.658 18.615 16.806 11.736 23.691 22.467 
14.380 -0.298 17.204  9.976 12.064 14.613  9.969 29.241 16.971 30.833 16.577 
15.076  1.414 -2.170  1.310  6.143 13.355  5.244  4.120 -6.774 27.039 13.187 
-4.887 10.660  5.619 -4.518 -7.026  6.802 16.284  1.916  3.673  2.098 17.112 
 6.367  0.005  3.310 -14.436  6.481  8.165 20.382 10.454  5.688 19.294 10.170 
-8.008 12.384 -12.067 -6.250 -1.275 19.875 20.650  1.231 35.797 10.331  4.635 
-7.575  4.811  1.628 -2.186 13.713 11.610 15.684 13.582  9.181 11.628 17.930 
 1.861 -7.757 -7.695 -9.466 -9.378 -10.459 -10.897 -0.638  6.882 26.066  6.129 
-12.356 10.112  4.677 -5.547 12.597  3.578 -15.101 -6.943 16.894 26.570  5.743 
 3.190 -2.932 -7.096 -4.960  8.468 18.304  1.253 -2.849  0.858 20.569  9.276 
 9.803 -7.263 -2.057 11.807 -3.885 15.359  4.360 20.218 18.809 15.458 33.371 
 9.313  8.715  7.965 26.371 12.849  5.200 14.293 -12.548 34.259 27.271  5.455 
17.548  7.076  0.740  5.606  7.593  8.153  9.983  6.277 16.731 14.283 -2.608 
-5.270 -1.833  6.615 10.035 -5.539  8.333  7.957 11.235 -1.815  5.148 13.364 
-22.010 -2.465 20.554  3.379 13.820 10.380 13.596 11.780  1.780 18.164 11.274 
-20.644 -8.129 -0.914  9.450 -1.170 -8.036 18.245 -0.664 23.674 -3.377 14.600 
 3.741  4.874  3.795  2.257 -12.516  1.028 12.903 17.684 22.501 25.492  6.589 
-0.278  3.732  9.466 10.644  6.411 -0.956 -1.688  9.757 16.113 10.683  6.938 
-13.983 -18.587 -8.103 -8.637  4.901 -6.406 22.816  2.032 10.171  8.088 29.348 
-9.892 18.051  9.595  0.377  9.535 -0.813  7.514  9.107  9.295 16.355  1.326 
 8.001 -13.793 16.036 17.785 11.906 -3.066 15.582 11.895 13.571  4.505 14.522 
-17.310  0.787  6.847 12.512 -9.198 24.445 -4.058 11.168  9.172 15.207 38.262 
-8.421  0.026  5.292  2.501  4.750 -5.936 28.948  9.598 34.351 -5.787 19.142 
-7.131  4.773  1.672 -0.429  3.088  3.555 22.777 -0.705 28.411  5.517  8.827 
-6.917  8.037 -5.070  8.086  7.564 -9.804 10.490 14.461 18.719 -2.254 25.518 
 4.288  0.601 -21.367 17.132 18.189 -2.730  9.920 30.426 32.175 19.057 15.942 
-4.322 16.361  0.357 14.131  1.497 11.580  3.977  6.702 -0.190 -5.503 25.621 
-2.289 -15.476  9.266 19.178  0.833  1.414 -1.667  9.583 13.705  5.394  1.135 
 3.173  6.420 13.455  0.965 14.294 24.334 22.878 14.958 -12.805  2.115 17.499 
-8.827  4.684  6.292 23.181  7.427 13.961 -2.918  9.920  5.090  4.551  3.700 
 7.555 -12.688  8.584 12.730 17.891 14.308 -21.235 -5.426 12.904 19.259  9.807 
-9.273 -13.035 10.990 -3.358  3.753 -0.197  8.728 18.455  2.774 22.684 10.079 
-6.379  4.777  7.475 13.943  2.520  4.377 11.335 24.892  2.220  1.879 38.431 
 1.570  7.005 -4.722  2.906  2.207 15.840 23.232 14.288 14.764  6.141 23.844 
 2.309 16.221 20.537  5.107 10.856  5.132  2.008 13.159  1.711 18.190 19.814 
-4.689  9.289  0.597 16.887 -2.979 -8.160 23.021 29.797 14.145 -3.438  5.198 
-1.574  4.488 -4.120  5.820 -9.314  9.575 -5.584 -4.854 23.836 17.526 13.912 
 4.815 10.151 -6.052  2.061  7.131 22.616  9.766 34.452 15.701 24.562 11.987 
-2.962 -0.667 -0.045 -3.890 21.439 -19.684  7.129  6.874 38.476 15.426  5.830 
 8.821 -4.035  4.967 16.855 -6.292 15.319 14.634 -1.981  8.865 17.456 29.331 
 8.326 -10.382 12.558 -10.437 -4.475 12.541 10.617 -3.942  3.561 12.412 14.034 
-1.151  1.400 10.293  4.220 15.730  7.824 12.715 10.095 24.329  4.061 15.476 
-9.869 -6.318  7.771 13.414  7.821  8.771 -3.333  8.193 13.812 27.289 -8.611 
 9.392 -9.626 11.109  0.528  5.844 15.554 12.974  9.014  2.411 -3.500 11.312 
-8.404  1.746 -3.169 -4.164 11.320 -13.685 11.448  3.144  3.055  3.698 28.189 
-12.687 -1.395  3.706  9.075  0.407 -4.081 -5.338 13.702  4.301 20.237  9.804 
 9.153  9.189  1.374 -10.711 22.909 11.082 16.068  9.199 18.217 12.191 22.587 
 3.619 -17.493 -5.340  5.967 -3.350 20.095 10.303  6.452 -9.035 -6.483 20.277 
34.413  8.264  6.957  1.022 17.584 -5.962 13.553  2.756 -3.844  7.279 14.396 
 5.116  7.592 13.532  4.151 18.831 15.574 13.514  0.908 -2.121 32.317 13.498 
-21.831 13.538  5.913 17.024 -4.262 14.215  0.574 15.589  6.415  6.665  6.730 
-2.607 -8.786 -2.238  4.676  4.302 13.493 10.240 15.904 21.894  7.001 18.401 
10.173 10.566  6.278  7.492 -3.875 12.088 16.107 19.136  5.007 12.045 26.418 
 1.056 -5.322  5.543  7.202  6.407 13.543  6.989 10.700  6.346 11.042 38.598 
-12.650 -9.743  6.343  6.779 10.570 11.364  8.095  1.255 -2.802 14.232 16.503 
-7.388  9.839  7.273  3.912  1.231 -9.778  9.402  6.716  5.014 24.183 11.712 
17.284 -5.814 -0.014 -8.453  6.931 17.569 -9.773 21.944 -4.726 29.519 21.795 
-5.810 17.393  3.898 17.561 10.034 17.983 20.062 14.394 -0.291 15.765 30.065 
 2.024 11.998 -11.392 -4.186  7.661 -1.590  1.869 18.600  9.450 -2.172 11.521 
-4.171 11.339 15.898 -6.958  6.954 10.942 15.573  9.561 -4.915 14.260 27.872 
14.333  2.155  9.039 18.804  9.342 17.751 30.320  2.370 32.920 22.507 20.375 
-9.714  8.462 -2.566 10.437 12.895  3.883 -11.784 14.313 -0.156 -2.079 20.234 
13.277 -3.850  6.349  6.659  3.053 -3.077 31.084 -2.473 -2.017  3.887  6.772 
 3.710  4.931 -7.849  1.137 10.217 31.225  9.866 21.370 19.551 13.954 12.004 
 6.897  2.156 -3.168 -10.141  7.192 -14.331 -1.054 18.659  8.636 15.322  2.200 
-2.740 -15.990 -1.733  5.417 17.790  3.570 13.670  4.792  4.021 -7.897 -0.308 
14.427 -8.954  2.019 -2.248 -5.909  6.564  8.174 21.506 -20.973 19.628 12.774 
-7.829 12.553 -5.025 -1.399  1.554  2.093 -5.749 -1.435  7.144 23.968  3.115 
-2.862 12.556 13.021 -1.586  7.602 -5.438 18.908 18.677 -0.740 14.790  9.912 
 0.819  6.077 -7.935  6.574 -1.035 15.164 -0.504 -4.422 20.668  8.426 13.888 
-2.738  1.321 15.040 10.472 -0.741  8.531 22.237  0.244 10.710 32.726  1.399 
 2.769  8.727 -12.951 -6.867 15.300 14.886 -15.056  5.069  8.131  1.372 27.855 
 1.707 12.594  4.859  3.710  4.089 25.905 23.436 23.690 15.715 11.719 -5.756 
-3.368 -8.878 -5.278 -8.828 16.919  1.765 19.925 -8.248 22.210  4.295 16.944 
-11.072 -2.704  1.424  7.751 20.704 19.546 28.185 27.421 -0.756 14.114  9.245 
-13.610 -0.913  8.214 -10.158  6.812 19.769 11.273 14.339  9.490 17.033 28.789 
 2.637 21.650 17.131  0.255 19.533  5.857 -1.839 14.319  9.572 24.250 21.633 
10.849 -3.377 16.428  8.315 -20.429 15.891  2.749  3.296  2.870 14.207  1.430 
 0.112  4.137  5.489  2.569  8.775 10.649 25.816  3.947 24.312  9.664 10.438 
 1.568 -10.775  6.013  2.859 12.230 12.627  8.403 -5.580  3.776 10.810  2.398 
-15.153  2.061  3.702 -0.260 18.434  0.406  9.791 13.753  3.893  5.947 26.519 
-1.935 19.550 -0.171 -13.431 -10.332 21.323 25.739 18.202 16.526 19.792 16.549 
11.669 11.815 10.573  9.499  4.618 17.787  7.542 20.202 -11.431  1.801 16.385 
 7.387  9.065 21.105 -4.327 10.288  4.757 10.599  4.289 34.336 10.988 33.831 
 7.582 -9.517 -0.426 15.277  4.475  5.177  8.810 23.587 15.942  9.938  9.381 
-3.348 19.536  4.916  5.518  5.811 12.246  1.576 12.570 12.205 15.210 17.019 
-12.925 -21.775 -2.492  6.343 11.939  8.822 10.466 -3.857 20.583 18.245 26.395 
-8.591 -6.652  6.939  1.112 20.787 13.117 18.458  5.687  9.007 32.295 32.054 
-0.505 -5.932 -7.384 -1.167  6.500 28.794 -4.758 -2.032 25.291 12.988 12.639 
 3.013  4.699  5.680 16.277 20.827 -3.003 -0.676 18.801 11.197  4.456 14.835 
10.291 -6.755  4.079 11.303  6.594 -4.140  6.808  5.956 -2.189 20.717 13.948 
 5.910 14.406 -2.481 -3.111  7.060  4.429 27.861 16.309  9.618 -6.890 26.351 
 9.008 21.820 -27.521 -0.354  7.031  3.712  9.272 17.927 11.323 -0.097  3.569 
-18.168  1.697  6.371  2.776 14.071  2.525  3.599 28.177  3.839 14.806  8.486 
 7.868  0.473 -2.770 17.414  1.499  6.143 -15.021 17.509 36.577 12.786 20.694 
14.936 -7.956 11.470 20.759 -2.095 -7.550 18.155  6.618  6.746 28.857  3.799 
13.165 -12.773 10.838 11.628 17.123  8.651 15.043 18.683  9.243 14.975 17.268 
-13.607  3.113 -0.519  4.040 15.954  2.144 -2.063 -0.761 11.939 16.291 20.215 
 1.948 -5.199  9.932  3.976  7.937  8.631 17.930 -0.535  4.364 -1.588  9.291 
 2.595 -6.557 14.503 -7.479 -4.442  7.936 27.691  9.903 -4.490  6.393 -11.958 
12.604  8.184 15.914 -0.133 -2.771  2.199 23.015 10.838  1.890  6.385 12.959 
-7.723  4.724 -16.534  9.143 -2.921 -10.205 -2.624 25.097 14.587  9.273 17.625 
-12.608 19.263  5.818 -3.300 12.542 -1.492  7.815 11.363  2.834 -2.619  6.821 
-9.499  3.725  0.874  4.739 -16.337 -6.189  4.345  4.780 -2.296  6.243 21.710 
-15.020  2.167  7.954 27.389  3.264  4.340  2.390 -5.110  1.145 -2.391  3.427 
-5.514 -0.439  2.596 15.178 -23.999 18.981  1.763 17.465 -2.173 26.610 23.955 
-6.873  6.546  2.050 -8.741  2.009  6.571 18.292 20.300 14.299 20.312 14.579 
13.973 -8.122  2.388 12.269  2.745 13.103 -1.126 -0.040 12.284 19.384 -7.884 
-9.685  7.874  9.638 13.657  2.090  4.644  8.137  9.557 17.552 14.751  9.475 
-6.606  6.394  0.515 -2.276  5.637  4.412 -11.472 18.893 16.229 18.802 17.873 
12.193 -5.890 -14.830 18.462  6.977  4.663 -1.524 16.200  5.873 11.899 22.389 
-20.343 -4.025  6.187  6.766 -0.716 15.245 18.090 11.808 -0.263  7.962 11.015 
-8.232  9.427  3.613  7.031 17.471 15.789 -1.792  9.314 25.512  5.560 15.413 
 3.916 -10.271 -1.753  7.785 -0.216 10.078  2.561  3.506 -5.477  1.799 20.463 
-0.487 27.838  8.231 -21.379 21.207 17.044 26.976  7.899 23.663 12.426 -14.753 
 8.235 -12.613 13.878 13.352 -8.243 23.875  8.031 10.661  9.296  9.084 -2.108 
 5.920  1.279 -2.117 -6.233 -8.227 -1.974 29.106 21.756 19.944 10.709 14.870 
-2.343  9.355 -3.156 -3.513 10.105  3.044  3.691 20.129  7.831  3.484 15.432 
-10.774 -12.220  2.629  3.141  4.276 15.145 13.187 14.498 11.254 24.958 11.891 
-0.658 -1.022 -11.727 -1.637 15.494 19.477 21.459 -3.981 12.664 33.069  8.779 
 2.528 -8.880 10.799  5.069 19.499  5.478 15.633 -0.125 16.705 10.470 14.166 
 4.103 -1.255 -5.725 17.072  7.457 18.789  7.124  4.710 21.922  6.596  2.426 
-0.117 -21.966 17.846 -7.836 -1.212 18.470 15.963  2.673 11.025 12.072  1.758 
 1.493 -5.500 19.782 17.000  8.862 22.679 18.042 20.991 36.088 -4.144  1.928 
 0.773 -8.447  1.583 -9.446 -18.080 19.983  0.048 -5.799 13.373 -1.726 -2.038 
-1.197  8.577 11.408 24.816  8.807 17.042 -1.161  1.848  1.313  9.669 12.659 
-22.737 -11.678 -14.898 -3.744  1.034 -2.688 13.704 -2.701 13.128 15.174 -8.234 
 5.930 -4.511 -1.736 -1.439 10.102 14.266 21.392  1.729 20.972 24.059  8.861 
14.011  7.043 -3.037 11.632 -10.238 -2.959 11.574 14.472 28.125 10.386  4.503 
 4.119 -0.987 -4.418  4.595 -5.995 14.971 -7.383 10.924 15.463 19.577  5.221 
 1.104 -9.280 -6.214 18.383 -5.466 18.715 11.346 21.060 -3.437  1.180 13.628 
-16.314 -9.084  8.169  4.752 -0.839 12.282 -9.239 26.113 10.022 25.299 23.553 
-13.108  1.865  6.032 -1.202 10.985 -5.965  7.858  1.372 13.946  5.845 15.349 
-10.658 -11.804 -3.165 -5.248 -10.628 16.799 14.403 24.335  0.938 22.904 20.610 
-6.802 10.370 -0.270 -2.166 -2.994 10.653  2.259 16.101 11.645 -5.074  9.450 
14.224  9.008 11.958  8.814  1.749  4.224 11.700 17.101 19.548 19.833 18.437 
14.489 -0.882  3.521 -7.821 14.019 17.545 11.382 11.366 -0.247  1.588 15.928 
 0.417 -12.130 -5.551 -5.676  6.906 -3.556  2.091  0.962  2.166 25.419 22.743 
-3.749 -14.491  3.849 13.154  5.514 26.339 -2.318  1.717 22.691 11.412  2.137 
12.318 14.526 21.626  3.285 23.979 10.501 -5.915 16.731 13.963 -7.589 17.929 
 2.185 -4.508  7.754 17.098 14.645 10.836 13.991 10.161  7.038 14.369 14.932 
 6.414 -3.787 -6.881 -8.183 24.695 -15.306 -3.345 19.463  8.547  2.517  2.646 
 7.769 -0.387  6.483 -9.529 12.292  9.681 20.102 12.084 23.988 15.229 -3.092 
-6.133 -14.966  2.785  6.772  7.534  7.067  9.539 11.222 20.944  4.364 10.025 
 0.993 -7.174 -4.970  2.609  4.888  9.434 -2.912 10.057 10.521  9.077 32.763 
15.458 19.139 13.957 21.418  7.953  8.670 14.632 34.326 42.612 17.340  2.976 
 2.151  2.206 -4.377 20.047  1.627  5.102 10.687 -2.879 18.608 15.749 22.626 
16.511  6.152  8.270  6.689 -3.571 13.559  1.536  2.186 -4.623 10.413 15.163 
-12.834 -8.089  1.854  7.525  9.296  3.850  1.935  1.265 23.969 -1.261 -2.677 
24.730 -2.804 11.916  3.958  9.919 14.632 -4.040 12.579 10.868 27.050  3.654 
-11.615 -3.059  8.407 13.022 15.286 -10.534  6.177 17.051 -2.305 -3.259  9.680 
 4.771 10.275 20.207 11.819 -8.205  6.492  7.629  6.886 10.445 11.415 17.815 
-12.614  7.148  7.221 16.752 12.698 14.004 16.734  2.402  8.658 12.804 25.316 
 3.163 11.122 14.409  8.537 20.445 11.958  5.950 10.809  6.800 -3.899 14.200 
 8.436 -1.334 19.231 -2.145  7.847  3.159  5.298  9.890 27.167  8.659 26.582 
-15.281  0.061 -13.009 -2.265 17.771  2.488  3.026 -12.429 21.272 12.159 28.160 
-4.649  9.509 -2.308 -6.101 13.285  2.991 -7.797 17.608 17.947 12.743 15.669 
 6.825  2.816  8.800 -10.356  4.237 -1.672  4.560 17.157  3.855 11.547 -2.642 
-10.222 -7.718 15.009 21.871  8.794 -0.564 24.645  9.330  1.673  7.851 15.543 
-25.238  4.418 16.672  4.358  5.849  4.888  7.808  6.006  9.198 12.555 11.820 
-9.326 19.056  7.566 -7.043 -1.009 29.930 24.607 -1.023  1.072 29.026 31.791 
 8.525 10.325  2.863 13.228 16.827 -3.283 11.824 19.785 -1.289 13.324 34.858 
 6.453  8.114 26.360  1.850 -5.372 -5.445  2.103 12.251 -1.811 14.659  8.989 
-12.740 -10.952  6.940 -5.203 14.102 19.691 23.019  9.109 16.901 -3.484 12.052 
21.774  1.198 -2.899 15.785 12.311  9.679 14.272  7.928 24.186 14.941 27.537 
13.879 -4.747  6.767 -9.540  8.794 11.931 13.348 -0.221 -0.496 10.766 20.937 
 1.313 -1.738 -15.972  4.908 -0.638 32.004  5.874 22.080 -0.570  9.423 -2.485 
 3.679 -7.880 -18.294  0.354  4.589 11.603 -10.191  1.775 23.057 21.242 18.996 
-1.973 -0.297 19.668 15.160 -6.680 -8.414 -2.640  0.593 -10.345  3.135  1.734 
 1.736 -14.331 -4.981 10.492 18.834 -9.978 15.663  1.112 13.791 13.660 20.612 
 1.305  9.621 -3.153 -14.918  9.447 -0.145 15.684 20.920 23.039 18.350  3.983 
-6.879  2.008 -8.696  0.609  2.102 -1.771  7.023 14.095 11.300  1.146 16.188 
 6.002 -16.352 -1.435  1.326 14.749 18.757 12.543 -19.018 14.379 16.316  4.538 
-2.530  8.425 -1.287 -5.277 -1.793  1.378 11.415 37.435 14.552 15.503 12.370 
 1.336  3.782 -4.123  3.502 -6.971  3.945  4.613 26.748  3.740  7.990 12.492 
-1.100 10.165 19.805 -0.031 13.200 11.691 16.960  9.071 11.107 -7.368 -0.104 
 5.221  9.463 -2.895 -0.208  5.719 -7.690  8.214  3.184 18.523 22.060 -1.448 
-6.430 -1.794  2.646  4.805  5.705 19.797 14.373 -7.767 16.456 23.986 26.967 
 3.744 12.774  8.730  4.569  6.725  8.586  6.139 -3.639 13.524  6.294 23.841 
-10.687  5.883  0.940 -12.325  6.432  4.288  3.067 -6.013  4.475 15.947 12.021 
14.822  7.485  5.759 -11.742 13.302  8.430  8.011  6.830  9.063  1.139  7.570 
-3.075 10.488  1.007  0.078 10.544 14.295 11.986 28.348 18.068 25.296 10.107 
 6.756 12.908 -3.281  2.959 -4.346  6.721  7.330 18.921 26.170 -5.992 13.199 
 2.282 11.711 -15.205 -12.316  3.525 -0.724 36.004 -5.090 -1.398 11.673 10.412 
-19.962 -5.641  0.697  2.999 -20.385 18.302  3.090 10.223  3.062 11.154 14.274 
10.347 17.538  9.772 -11.678 17.884 -0.392 30.232  9.898 10.229 36.787 25.483 
-0.070  7.296 -15.293 18.642 22.620 -11.336  7.455 17.277 26.476 13.319 25.168 
-1.075 -3.006  0.349 -10.527 17.421  3.640 26.452 12.395 -0.961 28.789 22.126 
12.322 -17.293  2.882 -13.207  2.208 -0.438 -4.930  8.211  2.423 12.418  5.738 
-3.573 -13.881 -4.384  1.870  4.269  6.817 -9.915  2.637  8.910 12.579 -2.205 
10.580  7.463  7.939 -3.641  6.400 11.405  8.370 14.737  3.625 31.967 11.276 
-14.951 -0.036  9.113 -4.347 16.616 15.391 19.268 18.535  6.776  5.447  8.893 
20.469  0.459 -8.197  8.308  9.408  4.784 12.400 23.447 13.996 18.329 23.819 
-0.105 -7.125  2.737 12.951  9.964 18.898 10.128  8.818 -13.294  2.310 11.848 
-4.233  9.072 -3.185 -6.435  1.765  2.471 16.329 18.829 10.714  7.871 32.400 
-19.532 -0.845 20.500 -5.198 14.932 -1.858 -0.575  9.064 18.308 10.154 12.752 
23.893 15.372 -10.585 19.846  7.054 11.226 -4.637  1.381 12.580  5.983 -1.983 
-14.658 -7.050 -4.938 17.085 -3.910  8.101 14.017 15.155  6.512  9.462 25.461 
-0.843 -14.598  2.260  4.561 -3.588 19.304 16.457 -0.059 35.648  5.932 12.727 
 4.450  6.208 -0.071 -4.638 10.345 20.341  0.844  8.817  7.157 16.274 20.576 
 3.290  2.016  3.006 -0.304  1.297 18.843 12.521  7.457  4.750 15.653  5.149 
 1.137  9.730 -12.872  2.696 40.450  5.675 12.463  9.180  9.480  4.987 16.422 
-2.946 10.096 19.123 17.831 12.024  9.815  6.348 -2.012 13.547 13.817 24.656 
 6.813  8.210  4.320  2.843 13.443 18.823  1.867 -6.966 15.396  8.333 18.602 
 4.507 15.150  3.218 18.544 -5.664 -3.597 15.979  0.713 10.075 -4.128 16.915 
 7.822 -15.392  8.393  6.488 11.156 -0.677 17.139 -1.468  7.379 -2.379 16.819 
-11.707 -5.582 -1.786 -0.142 -5.847  7.524  7.129 12.645  3.493 -1.357 24.630 
 0.027 18.113  6.583  7.720 -0.121  1.258  4.160  0.496  0.922  2.913 16.880 
 0.511 -6.087 15.507 -9.613 -9.191 10.770 -9.956  3.673 11.879 16.952  1.705 
-8.123  7.256  8.618 -13.989 10.283 15.444  5.161  3.929 25.265  5.853 11.588 
10.539 13.587 -8.131 -1.181 10.867  2.599 -1.716 14.252  6.419 12.836  6.922 
-6.672 -14.838 14.726 -5.149  3.275 10.709 12.042  8.062 25.415  6.586 -6.869 
-3.471 -8.299 -16.016 -15.447 11.012 -1.234  4.431 19.856  8.308  3.715 11.784 
11.764  0.188 -15.676 -1.050 -8.160 30.811 -3.911  6.641 -5.741 25.792 19.632 
13.655 -18.033  0.559 10.810  4.323  4.323  2.425 14.145 11.789 -3.911 19.963 
-0.260 24.513  2.003 13.089 24.544  7.042 17.623  0.952  3.579 27.633 19.216 
-9.757 17.565  3.901 12.675 12.550 11.516 11.555 17.818 10.110  9.850 10.011 
 3.803 -2.091 14.236 -14.454 13.194  9.315 -2.827 -2.892 15.428 10.764 14.196 
-0.815 10.080 -0.503 -9.376  0.957  1.057  6.999  4.807 -2.269 17.535 22.420 
-8.265 -14.873  8.317 -7.508 31.650 -1.192 -2.425  2.997  6.967 -1.462 10.723 
-7.505 -3.173  5.751  7.646 22.911 10.211 -13.202 11.691 18.939 -13.573  3.862 
-1.549 -6.766  5.595 26.287 14.770  8.947  1.138 18.691  7.855 27.765 20.694 
-17.639  1.746  1.266 -2.377  0.989  0.970  6.452  6.454  5.349 16.378 25.007 
-5.542 -15.862 12.570 27.257 -10.466 12.227  4.801 15.314 18.288 14.292 16.804 
-2.640 -5.063 -2.438  5.440 -2.944  4.732  5.185  2.103 17.168 13.517 17.870 
 8.244 -5.740 10.833  4.984 -11.125 -22.308 11.091  0.487  3.222 24.756 18.878 
-11.304 15.252 20.325 25.393 17.005 10.026 12.108 18.007 -6.288  4.923 29.201 
-24.290  7.331 -19.494  0.910  9.778 -16.276 -2.569  6.176 10.435  8.580  5.372 
13.135 16.591 -12.252 12.039 23.030 23.265  0.559 22.720  3.104  9.404 19.266 
-12.023  7.036 -5.279 -1.412 11.451 -5.473  9.576 30.707  9.962  7.051 26.151 
20.017 -6.646 16.932  2.758  7.906 13.695  8.546 21.210 16.917 13.315 27.055 
-7.763 13.647 23.045 -9.887  3.002  9.570 18.792  0.916 20.159 20.292 22.970 
 8.505 10.857 -12.142 18.095  6.239  6.241 11.928 33.028  5.958 20.282  9.972 
-3.192  4.422 -0.263 -3.914 -8.274 -3.948 15.176 -11.230  7.349 -1.866 14.536 
 3.277  5.016  7.011  9.028 -3.331 25.257  4.660 24.142  8.104 14.920 15.572 
-15.323 -1.451 15.339  1.728 15.924 19.063  5.611 32.445 25.844 10.161 -4.310 
 6.735  3.861  9.834 28.810  4.873 -9.736  6.922 19.095 12.918 13.602 21.320 
15.327  5.911 20.083 -3.469  7.273 12.223 13.688  5.789 11.977 21.909 17.318 
 0.948 -0.352 13.256 11.035 -0.518 16.866  8.941  6.041 -2.140 -5.190 12.867 
-11.584 12.495 12.446  9.848 32.992 -2.087 11.309 28.335 10.747 13.488 18.727 
-4.282 -6.347  6.938  6.425 21.134  9.974  5.285  2.981 14.702 15.146  0.280 
18.273  9.051 13.300 12.469 11.354 24.529  7.284  8.661 10.067 16.944 15.248 
-7.790 -4.435 -1.416 15.336 -1.828  3.653 21.981 14.075 19.635 18.953 17.064 
-9.685  6.426  7.570  2.079  1.988  1.240  7.416 -1.636 29.841 21.110 18.773 
-11.657 17.358 -3.907  3.416 11.055  1.631 19.217  4.283  0.495 29.985  0.556 
-5.935 -1.899  3.228  2.230 31.864 10.250 19.560 -4.122  0.332 -16.445 32.849 
-9.082 17.705 -4.783 11.723  3.404 -15.676 -11.141 15.704 11.206  5.132 18.922 
 4.079 -3.417  6.334  7.058  1.917  7.181  4.921 -9.964 19.540 25.479  9.129 
-16.081  8.265  7.382 -17.671 16.617  3.337 -6.128 16.584  8.422 27.630 22.933 
 1.277  5.191 16.476  9.277 22.269  8.637 -0.517 12.335 -4.648 17.208 28.105 
-17.034  2.012 -3.302  4.008 25.610 -7.486  7.365 -6.426 10.964 20.807 23.446 
-6.743  2.026  3.680  5.876 22.772  3.215 -0.176 -1.820  4.090 17.150 11.848 
11.427 -8.924  2.375  8.650 -4.361  6.122  7.839 11.094  5.052 27.835 28.356 
-7.694 13.945  5.730  4.090  8.176 11.739 23.891  1.349 21.677 19.681 15.212 
-0.301 -5.011 13.112  8.161  6.808 -2.461  6.597  2.669 -4.428  2.760 17.570 
 0.907  0.985 -1.246 11.991  4.042  1.441 17.121 22.133  6.107  7.897 16.694 
 5.154  1.364 -0.808 -14.796 32.452 14.859 -2.338  1.299  9.978 14.317  9.369 
 1.710 15.035  9.480  0.285 16.760 10.963 -12.014  9.517  6.970 -2.031  0.669 
-0.056  3.109 -8.000 -10.327  4.112 15.040  9.860  4.865 10.003 27.851 -4.101 
19.297 -6.727 15.114 -3.140 19.044  1.165 16.232  0.382 -2.428 -4.817 12.180 
-10.063  6.197  2.340 -6.172 17.023  2.192 13.916 -8.642 18.302  3.215 14.907 
-23.783 19.439 -2.289  5.098 11.996 19.702  5.757  6.838 15.023 10.981  1.306 
16.252 15.069 -2.788  7.355 16.686  3.944 -12.864 17.068 11.597  9.212 15.196 
 1.326 -5.922  5.728 -1.839 18.439 11.857 20.789 13.319  2.691 -1.665 11.587 
 4.752  5.459 -2.914  0.826 10.943 -10.593 36.022 23.755 -0.244 22.596  4.547 
-16.104 -2.757 20.210 11.617 17.158 12.513 16.574 17.232  1.592  7.589 14.049 
-11.246 -6.685 -3.168  3.272 -9.220 11.760 14.957 22.500 31.799  5.731 15.162 
 4.596  3.726 23.743  5.275 20.258 13.024 34.270  3.523 34.292 27.050 10.765 
-11.693  7.057  7.814  9.835  0.475  7.777 -4.142 12.360 -9.138 17.072 10.568 
15.609  0.661 20.793  3.897 -7.508  5.433  6.264 35.434 -0.115  1.454 -0.130 
 8.563  1.823  0.467  0.037  5.194 -7.858  6.088 14.729  5.401 26.799  6.123 
 9.291 11.985 16.385  1.552 10.478  0.700 13.428 17.407 25.161 21.285  8.769 
16.472 17.890  1.567  3.548 26.416  9.700 16.244  3.434 -0.613  6.119 22.307 
 7.889 10.410  2.516 -3.626 21.835  7.286 -3.811 28.634 11.549 27.732 13.842 
19.657  0.266 -8.351 -8.643  6.257 11.098 23.631 -3.132 16.280 23.952 19.546 
 8.226 11.065 17.140 -15.844 -12.270 12.592 14.000  9.677 22.920 23.077 19.826 
-7.493  8.007  7.644 -19.217  9.538  5.572 12.719 -1.822 26.736  4.011 17.135 
-5.999 -0.581  0.645 17.076 -0.336 20.220  9.810  3.193 26.685 35.119 13.720 
17.210  4.044  5.531  8.385 -4.009 -5.806 31.838 16.624 31.227 -14.595  0.728 
 2.241  6.150  4.321 -3.216 -3.854  0.371  7.223 -11.503 29.667  9.647 21.989 
12.810 -6.527 -10.246 -0.880 -3.845 11.979 11.935  0.219  7.758 13.023 12.031 
 3.429 10.014 -7.960 -7.676  7.705 17.307 12.209 -24.113 11.749 15.720 -11.100 
-11.914  1.246  8.495  2.131 19.345  6.509 -4.573 17.853 -1.495 17.302  5.870 
 2.737 -1.182 -0.321  8.286  6.377 -0.176  0.388  6.377  7.584  6.684  8.447 
 1.696 -0.854 -11.966  0.793 28.116 14.774 -5.754 22.840 -1.176  2.148  7.431 
-8.211  6.985 15.931 -0.868 -10.705  3.167 11.934 10.025  4.115 12.439 14.834 
11.555  8.513 -2.421  1.220 11.982  7.895 17.248  9.234  3.674 15.168 15.603 
-8.831 -4.640 -4.988 11.887 11.686 18.846  2.810 -1.948 15.161 18.747 12.315 
-1.286 -2.196 11.658 10.914 10.249 -3.179  4.289 16.644 13.096 -8.808  7.772 
 7.307 -3.610 -7.708 -4.834  7.552 17.183  0.175  8.173  1.405 18.795 19.381 
-0.415 -0.514 19.181 16.472 15.751 14.020  6.848 15.559 -1.455  5.963 19.249 
-2.422 -3.863 -13.643 14.801  7.141  8.201  1.322  6.054  7.873  1.119 14.677 
 3.342 -8.358 -4.890 10.181 -4.622 -4.497 21.412 -7.935 28.116 10.370 23.240 
 7.487 -13.578  1.754  1.526 -9.597 18.729  9.636  6.397  4.191 10.526 14.980 
-3.442  1.832 18.049 15.754  8.801 15.696 26.944 10.417 12.880 17.899 28.873 
 4.116  1.337 13.380 -8.041 24.726  3.453 18.256 21.201 22.029 10.284 26.570 
-4.434 -2.047 17.088 -18.927 -3.870 10.125 11.324 10.757  1.791  9.910  9.640 
14.500  2.708 14.861  7.808 18.362 -11.997 13.059 18.823  6.372  5.226 20.160 
-1.334  6.089 10.642 12.450  2.922 19.625 13.547  6.579 -5.713 19.615 -4.905 
 4.015  1.714 17.860 17.559  0.965 -2.329 11.852 28.493 -12.627 -2.804 29.528 
 0.861  2.656  6.969  9.199 11.093  4.899 17.164  0.660 17.848 12.629 25.666 
 5.018 -2.900 16.424 10.622  6.431 13.480  8.765  0.070  5.583 16.712 14.248 
11.262  7.690 11.738  3.516 -12.971  3.004  4.500 19.471 -4.777  4.736  7.884 
12.592 17.449 -12.072 14.502  0.864  3.879  9.799 -1.175 -2.807  0.659 13.795 
-13.901 -7.557  4.952 -11.340 -14.535  4.042 23.775 10.782 10.291 -5.306 16.578 
 3.453  1.728 31.253 -8.058  3.383 18.676  7.743  3.608  3.327  5.269 14.742 
-9.973 13.013 -8.244 16.793 -13.686 17.658 -1.552  1.922  4.762 -4.153  9.228 
-2.012 14.970 -4.680 11.136  4.727  4.759  9.806 15.904 23.131 25.745 10.108 
10.989 -1.997 -5.925 -10.489  3.716 16.109 -2.825  2.876  3.601  0.190 22.916 
-2.828 16.543  3.390 -5.347  8.567 15.842 -0.357 16.921  1.198 35.821 17.765 
11.913  7.220 -1.430 -4.072  5.236 -2.842  4.558 20.396 25.257  9.680  5.924 
 5.055 -22.249 -0.664 -4.876  0.104  5.364  7.917 18.744  7.122  7.950  9.350 
 0.675 18.073  1.211 -0.526 -5.061 32.869  4.313 -10.184  6.316  3.280  2.980 
 5.955 -5.025 -0.222  7.168 15.666  6.527 21.719 12.920 -1.421 11.717 12.347 
-0.886 17.631 -0.942  8.501  6.315 10.922 15.172  5.435 18.943 22.859 11.458 
 4.477 15.505 19.128  5.256 -6.201  3.014  9.970 15.807  9.550 12.264 11.204 
10.661  3.531 12.523 16.548 10.509  4.869 11.066 10.483 16.408  2.031 17.483 
 9.881  9.753  5.947  1.778  8.586  9.401  3.061 18.515 31.037  6.900 13.319 
 1.030 10.323 -3.132 13.046  1.832 10.733  7.396 -3.451 16.372 35.087 13.109 
 5.122  5.746  6.112 14.875  9.382 -4.334  4.616 13.695  0.008  1.535 33.528 
 0.252  8.044 -3.549 -20.866 10.409  0.277 -10.730 10.287  6.376 -3.831 14.093 
-4.451 -13.311  6.186 14.345  8.829 12.609 -0.790 27.396 -4.191 18.400 32.390 
-5.343 -0.317  6.490 -10.674  1.091 11.300  2.190 -0.348  0.411 14.938 11.941 
-9.351 -5.512 -18.044  6.184 16.232  0.175  1.525  2.493 28.744 19.504  9.659 
17.394  9.704  2.016 15.205  3.528 -3.860 11.665 -4.404 15.211 18.819 21.347 
25.316 -9.525 31.620 -8.421 28.905 -10.575 10.883  6.601 -1.900 13.765 19.614 
-1.279 -8.456  2.830 20.137  4.891 10.429 16.162 21.040 13.598  7.580 12.779 
 9.704 12.431 31.009 -2.083 -20.817 10.708 13.941  4.342  3.232 21.369  8.070 
25.983 -17.970 -3.861  3.932 13.650 13.171 18.513 -5.411 20.345 25.102 26.255 
 9.488 -7.935 -2.394 -2.415 -3.515  7.103 -1.572 14.709  4.605  6.874 30.975 
-1.296 -4.419 -0.222  4.626  1.837 -7.112 -7.861 13.870 -2.632  3.109 20.298 
-0.898  8.572 16.207  6.073 -7.883  3.360  0.753 19.433 12.067 13.469 24.957 
-14.057  6.515  3.652 12.812 16.022 14.016 17.669 -3.829 20.349 19.568  8.527 
-3.616  9.200 -3.109 -7.833  5.886 29.037 13.246 11.617 11.772  5.212 -19.297 
-0.626  6.214  2.343  4.483  7.985  6.766 -6.414 16.943 -10.026 18.642  6.025 
-17.083 11.411 19.019  5.922  4.248  1.188 19.749  7.940  7.075  5.671 19.753 
 5.041 -6.722 -0.188 10.407  2.447 33.867 -1.119  4.859 14.832  8.160 15.181 
21.263 11.080  9.171 -13.675  5.221 11.903  6.031 24.056 -1.490 29.189 14.982 
 6.487 -6.081  9.995 -3.202 14.128  4.420 21.740 10.515  9.939 23.902  5.254 
-14.975 -20.044 11.544 -9.928 -15.336  5.072 14.198 15.749  6.933 -6.402 21.524 
 2.248 -15.421  7.442  3.521 20.987 14.950  4.407  9.656 15.342 21.498 21.733 
 9.706  2.511  5.906  9.588 12.086 18.778 10.234  0.738 20.085 11.456 18.202 
-3.482 16.875  4.795 18.094  7.798 18.177 -4.188 20.676 -0.387 24.708 15.168 
 5.241  3.812 15.509  7.351 11.703 10.533  0.669  4.082  7.918 16.466  2.672 
-0.575  2.514 12.401 -2.859 15.927  6.633  2.734  5.452 14.495  4.578 10.795 
 0.795 11.081 -4.221  6.765 12.169  6.678 26.251 26.801 16.762 21.818 15.688 
16.524 14.073 -2.010  2.509 11.634  1.329 -16.045 11.861 -12.095 12.292 38.861 
-7.241 -8.639 -0.427 -15.257  5.682  7.382  4.696  3.654 16.557 28.918 31.311 
-2.794 -7.544  6.432 15.165 -5.078  1.261  9.665 11.606 -1.407 21.946  5.652 
-5.344  2.280  2.366  5.695  2.952 11.630  4.948 15.264 12.449  5.874 10.957 
-12.789 -7.656 18.621  1.912  0.389 11.679  1.271  9.564 10.855 24.751 15.497 
 8.908 -6.485 -18.070  7.786 17.095 11.357  2.070 15.139  8.280 19.534 27.372 
 9.571  9.750 -0.834 -1.229  5.372  4.226 -11.597 17.280 17.345 -2.568 13.408 
-9.522  7.550 -3.285 23.144 14.669 -11.430  5.898 -5.304 19.379 -2.304 19.872 
 4.874  0.243  1.692 -4.093 -1.614  7.055 -0.049 11.238  5.213 20.241 -1.393 
-13.264 -6.640 -10.384 -6.207 13.781  6.374  2.473 -0.618 13.481  1.119 15.301 
-6.411 -7.632 26.963 14.172  5.931 -2.291  4.023 -2.006 -11.351 -2.902 18.500 
-5.621  9.440 -0.610 22.700 -6.452 28.950 28.948 17.080 23.597 26.731  9.741 
-5.378 11.360 -5.171 -22.023 -3.328 17.326 15.312  9.702 11.378 27.701 19.678 
12.590 -11.815  4.233  7.067 11.534  6.339  1.903 -0.546 19.432 33.435 23.910 
-3.557 11.997  7.529  8.548  4.421 11.875 -4.394 28.343  8.458 16.031 15.051 
-8.743 -7.775  0.741 -0.887  1.202  4.362 25.175  6.240 17.027 21.281 13.293 
 4.887  8.796 -4.203 11.181 16.437 17.114 34.736 18.854 20.391 32.153 21.273 
16.098  9.740  9.590  0.083 13.848 11.707 19.371  0.912  4.485 19.062 19.044 
 8.536 12.729 16.067  1.432  6.459 -3.934  3.303 14.786 24.855  6.780 35.156 
 2.194 -9.322 -0.978 20.939 -4.811 -5.288  4.095 10.662 12.192  6.808 11.014 
-2.061 20.142  5.952 -3.989  2.290 22.553  6.092 27.964 12.379 16.049 27.191 
-24.087 13.867  3.071 -1.771  2.356 18.854 -8.733  4.677 23.519 17.136 22.005 
 4.849 -11.832 -0.079 -17.090  3.265  6.695  4.183 -1.560 22.802 12.819 16.338 
 1.849  9.446  5.442 -4.782 -9.164  1.310 -3.224 -5.700  0.633 19.071  9.488 
-10.421 -2.359 24.861 11.275 15.829 14.031  4.846 17.424 16.649  7.483  7.560 
-10.578 -3.351  0.222  3.774 -3.092  3.397  9.666 13.789 13.141 -12.665  7.093 
12.159 14.146  5.758  1.646  4.955 -4.636 21.291 13.310 24.335  7.326 -0.143 
-7.497  7.933 -3.889  1.864 12.812 34.182 -7.494 23.885  7.699 20.485  6.232 
-18.282  9.012  9.165 13.936 -3.251 10.709 -6.648  1.832 -0.458 27.594  6.551 
10.656 -1.920 13.538  7.101 16.175  8.431  3.401  7.026  4.407  2.500 19.894 
 2.045 -1.288  0.791 -5.827 13.430  2.748  8.525  5.883  2.553 13.463  5.787 
 0.106 10.398  5.820  6.813  4.346 16.636 -3.574  4.276 -8.636 14.413 22.001 
14.751 -4.394 -1.819 21.997 -2.638  7.704 21.406 19.201 16.946 31.975 13.525 
 7.882 -12.502  2.816 -7.829  2.264 19.465 29.883 17.421  2.700  8.183 19.656 
-20.344  3.391  7.870 19.251  7.904  9.943  6.280  6.077  6.403 36.796 24.425 
 1.614  8.080  0.784 26.527 -2.786 19.201 -5.267  6.940 14.698 24.624 14.085 
-7.738 -16.170  3.720 22.834  9.887  4.570 -6.071 -1.269  4.090 12.691 17.379 
 7.775 14.010 -1.493  9.121 12.414  4.551 15.109 11.246 22.595 24.826  2.961 
-3.508 26.840  2.026 -19.380 -5.523 -1.101 -0.059 11.659 36.433 29.265 -2.812 
15.268 17.828  7.973  9.328 26.108  1.286 16.499 22.451  6.032 16.164 26.074 
-5.693 -5.126  9.545  3.495 16.035 -13.682 13.078 13.098 13.459  9.644 27.027 
 2.962 18.347 -1.801 -14.573  8.139 20.011 14.691  8.494 -5.805 23.103 21.541 
-2.947 -7.307  3.407 17.386  4.960  2.164 16.753  2.918 20.518  2.211  0.445 
-9.703 -0.107 -0.311 -4.536  8.845 -6.190  6.933  8.721 16.607 17.716 22.232 
-25.150  3.492  0.949 14.931  5.307  4.190 12.898 13.706 30.007 -1.927 27.186 
16.587  7.840  6.909  8.157  2.475 -7.245 10.134 18.972  4.343  5.437 17.754 
