 1.399  2.101  0.304  2.107  0.910  7.717  5.519 14.311 12.825 15.531 12.160 
 0.049 -2.899  5.057  6.256  2.616  8.352 10.246  9.076  8.947 19.900 12.949 
 2.992  1.097  1.867  9.412 -1.834  8.877 12.284  9.635 10.641  9.197 15.819 
 4.831  0.569  0.131  3.085  2.636  8.007  9.038 12.051 11.458 11.357 16.853 
 0.793  6.270  1.643  7.620  8.200 11.019 10.313  9.410 16.035  8.345 14.264 
 6.302 -2.502 -0.691  8.138  5.759  9.232  6.199 12.008  3.978 14.223 18.147 
 1.374  0.880  4.659  3.810  2.734  8.299  8.262 12.521  8.986  9.713 15.174 
-2.204 -3.253 -1.521  4.313  9.741  6.228  5.844  7.843 12.718 14.076 10.558 
 0.475 -1.124  7.136  6.542  8.903  6.760  8.731 13.087 11.522 11.313 17.088 
-2.683  3.981  1.231 -2.822  1.555  8.676  5.889 10.037 13.377 12.589  8.527 
 2.814  0.775  2.350  4.747  6.116  5.558 11.241 14.606 10.697 12.099 11.823 
 1.988  0.805  8.560  5.434  9.691  4.790  9.129 10.495 13.378 10.169 13.551 
 5.154  4.978  4.573  6.608  6.907  4.267  2.924  8.819  9.823 13.597 12.588 
 0.722 -0.887 -0.748  4.736  3.435  6.961  3.873  6.320  7.936 13.540 12.524 
-3.943 -2.968  3.076  3.613  1.101  5.947 14.857  7.983 16.243  5.748 10.087 
-3.703  5.421  4.471  6.671  3.060 -1.127  6.733  9.754 10.562 15.835 16.066 
 5.034  4.165  7.884  1.403 10.619 10.814  9.781  8.128 10.567 13.319 14.594 
-1.204 -1.588  7.105  4.802  5.392  6.545 10.043 14.037 12.271 11.475 13.788 
 1.853  1.881  8.247  3.881  6.815  7.643  6.279 13.314 20.800 15.373 16.043 
-4.397  2.789  4.874  3.690  8.733  5.893  7.253 11.710 11.886  9.233  4.990 
 6.344  3.120  1.110 11.804  6.237  6.628  6.855  6.955 12.104 17.145 10.654 
-2.165  1.242  0.697  2.619  5.369  5.957  8.366  7.121  9.795 12.957 15.218 
 2.321 -7.509  3.543 10.597  4.951  7.232  3.063  8.627 20.730  9.755 14.846 
-1.580  4.628 12.542  1.365  4.845  4.137 12.589 14.782 10.858 11.802 19.701 
 2.188  1.882  1.878  2.294  9.313  9.662  9.845  7.638 12.727 12.607 13.975 
 6.805  4.163  1.991  2.867  4.240  5.925  4.518  5.662 13.796 11.494 10.582 
-0.772  5.415 -1.402  2.147  8.242  9.010  5.130  6.205  7.760 13.569 15.649 
 4.978  2.128  4.140  6.851 12.323  4.458  6.258 16.089  8.582  8.093 15.721 
 0.663  2.994  0.910  5.636  9.230  4.339  5.971  6.946 10.803  9.397 13.013 
 2.263 -2.524  3.330  1.372  6.603 11.496  8.788  3.481 12.009  9.231 12.857 
-3.518  1.669 -1.297  5.769  7.392  5.173  8.336 14.335 10.346 10.872 11.719 
 3.124 -4.644  0.965  5.993  5.327  9.064  4.554  9.989  8.357  9.289 14.242 
-2.820  7.772  3.526  6.031  6.738  4.637  8.680 13.042 11.278 14.999 18.083 
 0.676  4.523 10.604  1.521  8.709  7.752  7.437  6.565  7.835 12.494 20.813 
-1.321 -1.598  5.310  5.848 -0.405  9.790  8.912  7.542 14.603  9.089 15.575 
 0.625  3.183  6.687  1.745 10.963  4.709  7.263 10.971  8.628  9.670 16.209 
-0.581  1.554  1.403  0.113 12.449  3.375  7.906 16.318 14.468 13.078 11.655 
-1.838  0.887  1.789  8.355  6.380 13.626  3.818  8.542  7.363 16.417 13.275 
-6.510  5.414  8.567  5.029  6.818  6.547 14.251 11.582 13.028 14.620 10.566 
-0.924  3.378  1.478  1.792  4.573  5.581 10.864 12.685  9.293 10.616 17.885 
 1.467  3.536  5.551  3.792  7.694  8.014 10.688 13.253  9.554 11.302  9.191 
-3.098 -4.558 -3.613  4.628  5.388  4.076 11.724  8.427  7.586 10.684 15.381 
 2.320  1.784  0.107  5.476 11.192 12.871 12.400  6.815  8.523 11.514 11.803 
-2.494  0.477  5.493  4.642  6.329  4.502  8.713 13.537 16.295 15.011 15.936 
-0.659  2.073 -0.376 10.052  5.373  8.399  2.026 13.565 12.856 16.214 13.890 
-2.856  4.344  6.422  2.537  7.278  2.327  9.334 13.581  9.052 15.650 13.288 
 2.133  6.755  3.064 10.387  5.919  7.664  8.966  7.127  6.546 16.978 20.253 
-2.748  4.109  3.031  3.531  8.449  8.037  8.988 14.016  6.090 10.953  8.267 
 2.339  3.694  4.985  9.196  5.138  7.929  7.028  6.745 10.037 14.589 18.019 
-2.854  1.107  2.458  2.664  0.235  5.443 11.615 12.878 14.679 16.705 15.298 
 1.444  3.623  7.983  8.629  9.048 10.684  8.060  5.282 18.087 11.421 13.975 
-3.247  1.219  6.459  4.087  5.402  6.426  9.651 13.039  9.599  7.142 14.119 
-2.632 -0.381  0.325  0.739  6.321  4.246  3.881 17.332 14.323 16.427 14.511 
-1.036 -2.110  3.993  5.780 14.122  9.884 12.204 11.869 18.725 17.065 15.053 
 1.176  2.973  8.179  4.730  8.687 11.392  9.158  2.369 11.131 16.357 17.594 
 1.517  3.406  3.105  1.589  3.107  9.909  7.253 15.497  5.207 11.984 10.864 
 2.158  0.806  4.008  3.185 11.601  5.394  9.725 14.406 12.218 10.757 16.535 
-0.805  0.248  4.525 -1.725  3.230  4.423  6.225  7.197  8.388 12.354 18.600 
-4.058  4.516 -1.231  3.840  4.966  3.157  6.260  7.779 15.013 13.546 19.128 
-0.604  3.126  0.139 -2.128  8.352  3.337 11.569  1.135  5.884 15.699  8.205 
-1.075  1.035  3.096  4.094  4.825  0.517  5.134 11.354 14.212 16.726 17.345 
-2.987  0.091  4.244  9.158  3.137  5.567 14.543  8.430 15.176 10.056 17.155 
 0.708 -0.046  1.996  6.371  7.957  5.719 10.129  9.753 11.883 14.171 11.733 
-0.689 -0.238  7.102  8.709 11.558  4.222  5.787  9.668 13.969 12.555 17.578 
-1.519  2.041  0.709  3.633  4.639 -0.204  8.101  8.402  6.681 11.764 14.095 
-1.084  5.025 -1.046  5.891  7.783 10.150 12.394  7.441 13.457  7.601 11.067 
-1.310  0.559  1.405  9.416  7.817 15.829  8.301  8.724  9.149 14.804 15.595 
 5.069 -0.379 -7.427  8.757  8.169  8.444 13.053  4.742  9.744 19.030 16.836 
 1.902 -2.355  1.529  0.984  6.060  4.628  6.282 12.917 13.064 12.535 15.470 
-1.149  0.897  7.783 -1.825  2.480 11.789  9.818 11.882  7.343 17.184 11.734 
 7.142 -5.720  0.732 -0.123  9.481  8.446  9.469 12.919 17.483 16.717 17.441 
-0.841  0.494 -0.329  5.733  8.510  6.700  8.043 13.734 16.116 16.990 16.221 
-6.734  6.205  9.034  2.969  6.899  8.348  5.244 15.129  7.812 13.316 15.096 
 2.699  1.913  1.796  3.131  3.298 10.081 10.321 13.876 10.785 13.251 19.334 
-1.144  6.347  0.651  3.142  9.019  5.982  7.861  7.048 11.603 10.851 20.411 
-1.113  4.266  4.995  2.347  4.032 16.571  8.722  5.552 11.481 17.928 12.919 
 0.787  0.018  2.361  1.602  7.330  8.072  7.187 13.808  9.003 13.164 15.344 
 4.588  2.255 -0.354  2.347  4.856  8.009  8.952 14.912 10.930 11.601 13.161 
 4.354  1.997  4.155  6.529  7.464  7.101  8.086  8.833 14.479 17.096 15.759 
 5.194 -0.413  3.051  9.148  3.102  4.569  5.215  3.587 11.262 10.714 12.870 
-1.265 -0.864  4.206 -3.341  4.606  5.866 12.705  8.963  7.415 16.109 15.210 
 4.735  0.313  2.908  4.637  4.401  8.720  3.587  4.348 13.893 11.227 16.152 
-4.944  2.036  8.628  5.778  4.420  8.739 10.142 11.579 11.706 13.121 16.516 
 1.152  6.826  2.248  4.587  6.922  2.893 11.696  5.400 16.799 15.063 16.697 
11.178  7.170  5.530  5.153  8.981  7.083 11.489  9.421 11.734 20.551 17.150 
 2.649  6.500  2.230  6.354  7.097  3.625  3.305 12.912 12.251 13.750 13.304 
 4.782  1.174  2.342  9.545  2.222  3.816 12.673 14.096 12.766 17.198 14.493 
 5.817  5.218  6.142  1.731  3.898  8.252 12.386  9.340  7.919 14.783 13.231 
 1.573  3.209  7.422  6.268  3.663  6.401 12.636 11.961  8.085 15.572 15.206 
 5.690 -4.637  4.966 -2.574  9.818  8.538  7.128  9.186 15.849 11.272  9.181 
-3.458  5.591  4.182  7.429  8.886  4.075  6.999 17.349 13.396  8.847 12.514 
 2.812  4.034  1.861  1.282  5.157  2.479  6.866 11.896 12.532  9.908 14.261 
-1.599  9.190  1.251  0.865  2.338  2.544  7.398 10.630  8.403  7.844 22.312 
-5.837  3.750  6.381  5.055  2.350 10.443 12.158  8.878 12.405 10.514 18.850 
-1.757 -6.862  8.172  6.664  6.282  5.289  7.022  5.933 15.058 14.276 15.920 
 3.993 -1.800 -3.115  5.549  4.062 11.391  8.873  7.177 12.719 12.013 13.133 
-1.826  5.093  3.835  4.412  7.090  2.947  5.653 11.666  8.349 15.045 12.956 
 0.051 10.025  1.732  7.247  2.782  6.608 10.789 11.119 15.274  7.704 13.393 
-4.517  7.030  1.543  5.420  5.439  6.305 11.261 12.665 12.138 14.635 17.312 
-1.390 -0.816  2.764  2.471  5.756  6.340  3.655 15.114  8.639 12.054 13.209 
-2.897 -0.683  4.661  4.149  7.565  4.149 10.351 12.167  4.840 13.528 13.591 
-0.146 -2.841 -0.657  4.213  7.935 13.657 12.153 14.911  9.157  9.451 18.558 
 3.519 -3.534 -1.485  3.711  7.905  8.914  6.164  8.617 11.418 18.992 19.361 
-2.184  2.555 -0.126  0.338  4.215  6.646  9.399 13.335 10.829 10.419 10.875 
 2.650  3.755  4.045 -2.511  2.488  8.340 10.584  5.517 13.635 12.957 19.858 
-3.511  3.156  0.037 12.875  1.464  6.308 10.669  7.199 10.046 17.578  8.671 
 2.443  2.482  3.049  1.918  7.094  0.155 10.522 10.685 14.298 13.107 18.265 
 1.371  1.690 -2.398  3.371  4.608 14.316  3.857 10.416 11.474 13.305 15.450 
-4.439  3.423  3.207  0.956  7.095 13.309  3.920  9.236 11.778 13.262 10.672 
 0.760 -0.854  7.062  2.935  6.661  4.305  6.520  4.363 11.360  3.961 16.167 
-4.629  1.471  3.541  3.297  6.025 10.142  7.718 13.035  8.806 16.955 13.637 
-4.130 -0.065  2.519  0.706  7.902 10.159  3.268  6.419  9.698 14.665  9.768 
-0.919  1.483 -6.344  8.394  7.973 13.869  5.705 10.832  8.694  8.051 20.131 
 2.543  3.637  3.985  1.331 14.232  9.398 13.414 13.324 12.576  8.411 18.327 
 1.903  1.087  1.007  7.015  6.776  9.802  6.993 10.041  1.780 12.757 17.991 
-4.302  5.109  2.803  5.209  6.392  6.878 12.499  9.154 10.250 11.948  4.480 
-4.387 -1.590 -1.521  4.075  6.809  8.291  3.712  5.120  7.574 15.769 12.184 
 0.499  2.994  0.399  2.392  9.007  6.392 12.032  8.061 13.089 12.943 13.548 
-1.118  6.020  4.267  2.972  8.075 -0.173  8.154  6.479 10.661 12.095 13.988 
-3.067 -0.492  5.485  0.468  5.460  0.098  1.059  9.904  8.141 22.196 15.662 
-3.030  4.630  6.544  8.670  2.109  8.029 11.262 11.175  9.508 11.714 13.529 
 1.835  1.943  3.062  2.262 12.136  2.830  5.412  7.770 13.691 16.416 13.859 
-2.193  3.721 -0.562  6.667 10.459 10.832 10.200  6.840 19.729 11.582  8.596 
 0.140  1.865  0.487  7.741  0.202  8.590 16.679 14.282 15.672  7.828 11.833 
-1.440  1.847  4.013  2.129  3.521 10.602 16.382 10.295  3.638 11.065  8.908 
-0.136  0.959  0.014  3.008  2.610  5.130 11.367 16.596 15.494 19.386 11.685 
 1.824 -2.300  4.118  4.729 -0.017  8.724  4.239 11.717  5.354 16.222 13.418 
-3.633 -0.437  0.364  4.226  1.094 11.532 10.110 10.563 18.052 14.516 17.243 
-0.797 -1.937  2.250  2.141  3.551 10.943 11.192  9.213 11.804 10.738 13.425 
 0.178 -3.368  6.143  6.440 10.058  5.215 12.593  8.880 10.798 13.944 16.299 
-2.498  1.428 -3.448  3.776  5.252  6.557 10.600  7.578 11.805 12.830 12.928 
-0.706 -1.645  8.399  6.531  7.533  5.644  7.814 11.839 16.692  9.331 13.918 
 1.565  2.706  3.724  4.739  1.812 11.287  5.810  9.591  8.440 11.649  8.601 
-3.406  1.856  3.339  3.246 10.363  3.569 12.709  8.284 12.435 11.313 12.364 
-1.964  9.978 -3.609  6.980  3.572  0.693  8.599 14.300 13.621 16.050 15.466 
 1.480 -4.066  3.636  2.436  2.335  6.322  6.317 11.852 10.969 16.915  9.199 
-0.356  2.167  5.780  0.982  3.769  4.817  6.210  9.339  9.791 13.026 10.499 
-0.512  1.070  5.863  4.344  2.712  3.769  4.554 17.634 11.366 14.243  9.688 
-3.250  1.266  4.339 -0.098  0.915  7.305  3.292  7.881 17.416 14.650 13.718 
-0.446  0.563  6.205  0.393 11.137  5.080  7.626 11.618 11.730  7.199 15.839 
-3.294 13.865  0.237  5.019  1.920  6.698  5.093 11.215  7.120 15.413 11.822 
 1.952  1.129  1.235  2.373  9.550  9.023  9.350 15.016 17.161 13.410 16.328 
-5.429  2.880  3.201  2.992  4.130  7.373  9.083  7.079 11.555 11.845 14.046 
 4.122  0.997  2.362  3.623  4.902  5.450  8.451  4.506 15.007 11.755 16.887 
-0.964  3.203  3.588  5.619  6.221  3.049  6.804  6.914 16.815  9.006 18.812 
 2.658  4.218  0.420  7.071  8.327  9.866  8.323 10.592 12.608 10.885 13.350 
-2.422  0.594  4.745  4.530  4.652  2.565  7.776  4.371 16.245 15.207 10.208 
 5.385  4.378  5.485  5.539  5.112  4.228  6.078  7.291 11.597 13.840 16.513 
-2.563 -3.651 -0.442  3.017  8.099  4.046 17.012  6.914  4.719 18.150 15.860 
 0.104  1.856  0.901 11.440  6.412  8.624 11.904  9.518  7.705 11.308 15.666 
-0.873 -1.269  6.285  4.311  6.246 12.500  7.388 12.787 11.922 14.923 13.845 
-0.576 -0.596  3.752  7.684  1.258  4.896  8.110 16.304 14.818  8.496 11.814 
 0.197  3.365 -1.247  5.900  6.691  8.737 11.352 13.360  8.659 14.369  9.504 
 2.770  3.118  1.288 -3.985  6.597  5.788  5.527 11.257  7.719 11.860 18.011 
 4.034 -7.974  4.150  1.161  7.499  9.185  9.454 12.585 14.625 14.907 20.278 
-2.163  4.572  1.006  2.866  9.083  8.092 12.087 13.194 12.443 13.242 16.226 
-2.333  4.086  0.974 10.234  9.117  5.662  7.014 13.937  7.897 10.613 10.150 
 1.252  1.816  2.934  0.611  6.867  7.722  5.562 11.194  8.856 15.157 20.812 
-0.741  3.155 -2.327  5.064  1.113  9.997 11.878 14.638 10.271 11.188  8.606 
-4.302  1.914  7.075  1.798  5.472  0.377 10.744  8.739 12.099  6.669 13.981 
 0.812  4.989 -0.122  8.489  4.134 10.211  8.822 11.593  5.770 16.670 19.039 
-0.314 -3.412  2.602  5.179  7.053  9.875  7.074  7.294  9.401  7.810 15.316 
 2.384  1.958  5.704 -0.687  4.417  7.700 11.038 13.089  6.481 12.469 12.195 
 1.097 -0.465 -0.138  7.920  3.007  5.611 14.579  6.767 12.944 10.902 12.033 
-6.414 -2.242  3.917  8.864 10.362  3.067  5.655  7.632 15.662  9.621 12.378 
-2.177 -2.620  2.560  6.344  5.927  7.703 11.085 12.553 10.827 16.441 19.744 
-0.830 -1.560 -0.866  6.169  8.239  4.745  9.195 16.436 13.067 15.510 15.375 
 2.552 -1.090 -3.921  1.642  6.880 14.603 10.536  8.400 14.594 13.944  9.691 
-2.532  1.857 -2.783  3.562  5.940  0.454  4.327  8.769 10.430 15.174 10.933 
 1.006 -2.179  3.600 -0.477  3.278  9.827  6.550  8.034 11.187 15.406  9.966 
-3.216 -2.198 -4.343  2.606  5.103 10.720 -1.033 10.993 11.449 10.801 14.195 
-0.044  1.833  7.869  5.954  3.834  8.932  6.413 11.846  6.406 16.866 12.586 
-5.501  0.974 10.916  6.569  3.834  5.133 11.000 11.100 15.376 12.185 15.621 
-3.491  0.618  1.219  1.734  2.956  6.534  6.002  6.165 13.384 11.259 15.471 
-1.275  0.117  1.881  3.975 10.613  7.949  6.900 11.479 10.983 10.785 17.783 
 1.025 -0.216  2.759 10.197  7.643  8.438  4.985 12.737 15.643 10.377 11.418 
-3.889 -2.501  1.485  5.355  5.773  9.819  8.106  9.801 18.326  7.021 13.509 
-1.697  0.381  4.229  9.302  3.609  3.728 12.923  5.554  8.486 14.648 14.817 
 3.432  2.947  0.722  3.126  6.519 13.466 13.045  5.388 13.640 15.760 15.935 
-4.392  0.015 -0.936  4.594  5.162  3.736 11.890  7.767  9.268 13.555 11.716 
-2.453  2.367  1.868  4.804  1.085 11.412 11.453  8.017 12.614 17.862 14.043 
 2.490 -2.110  0.483  8.314  1.609  4.944 16.387  8.141 11.133 16.278 14.016 
-0.652 -1.915  5.505  3.940  7.662  5.599  3.422 10.873 10.354 17.217 15.425 
-1.682  2.139  2.817  8.214  5.150  6.947  3.309 11.961 11.674  9.437 15.849 
-1.842  1.107  0.538  5.990  2.280  5.256  6.899  0.751 15.720 15.669 17.136 
 0.965  8.214  6.830  5.672  6.495 10.790  9.955 15.579  7.548 14.560 15.259 
 0.271 -0.851  0.705  6.183  2.887  5.620  8.522  7.856 17.305 12.561 13.657 
 6.649  4.265 -1.113  4.811  3.059 10.345  7.628 11.133 10.978 16.191 12.265 
-0.309  0.149  2.777  5.212  5.538 10.195 11.117 14.747  9.581 11.724  9.592 
-1.078  1.778 -0.089  3.389 -1.227 14.923 10.828 18.321 16.530  8.311 17.287 
-4.926  2.157  6.454  1.614  5.620  9.130  8.273 10.013  8.623  8.533 11.674 
-2.279  1.133  2.594  2.944  4.903 12.518  4.989  7.229 11.291 17.264  9.778 
-3.623  2.002  6.894  2.122  8.076 12.521 11.403 19.136  8.175 14.713 13.299 
 1.047 -0.192  3.286  9.257  5.729  9.698 13.818  3.257  6.111 14.380 18.335 
-2.608  4.548  5.808  1.940  3.244  5.775  7.862  9.197 10.779 12.769 13.559 
 2.696  1.697  4.518  5.660  8.402  8.562 10.610 18.287  3.483 12.905 21.737 
 2.537 -2.073  3.003 -2.686  9.363  9.805  9.313 12.634  5.489 11.327 17.751 
-1.003  2.576  4.243  0.393  8.279  3.376  9.172 12.452 19.149 10.980 18.618 
 7.009  2.185 -2.217  8.137  7.417  8.588 11.088  6.939  9.006 14.487 14.744 
-1.610  0.698  4.649  4.321  6.394  7.098 14.309 13.024 15.751 13.855  9.775 
-2.888 -0.147 -6.251  3.437  2.242  6.898  4.370 15.391 14.920 13.249 17.223 
 2.029  3.249  4.058  3.377  7.242  6.203  7.782  8.969  8.261 12.264  5.858 
-1.110  0.864  0.998 11.619  4.750 10.845 10.681 13.085 11.801 12.378 16.349 
 2.985  2.250  6.739  2.959  4.708  5.816  7.180 14.749  9.599 12.880 18.697 
 1.572  3.009 -4.610  8.992  8.940 13.737 10.246  9.713  9.338 11.673 12.711 
 7.871  9.733  8.306  4.905 10.513  6.153  7.118  8.293 11.056 12.302 13.350 
 2.780 -2.305  0.759 10.940  9.912 14.244  6.901 14.188 12.771 19.093 17.499 
-2.143  2.148 -2.314 -1.288  6.481 11.869  7.077 10.979 10.415 13.582 17.426 
 2.651 -0.079  2.239  4.715  2.646  6.328  7.582 12.277 10.849  7.244 10.684 
 1.305  5.045  4.095  6.826  7.808  3.034  1.474  5.078 11.587 12.927 12.453 
-5.244 -5.090  3.330  5.900  6.543  8.417  3.131 10.643 20.794 15.519 16.143 
 0.918 -0.464  4.780  6.686  4.661  9.746 11.026  9.888  7.978  7.454 16.668 
 4.731  4.997  6.863  7.012 10.208  6.627 12.101 14.278  8.566 13.591 11.280 
-2.156  1.198 -2.062  3.649  6.154  8.553  9.261  8.088  9.806 15.705  8.781 
 4.052  4.276 -1.429  6.977  2.236  7.125  9.959 12.318  9.797 15.867 16.283 
-0.432  1.719  1.420  4.166  6.902  5.233  9.273 10.895 14.675 14.630 16.136 
-3.234 -3.017  4.017  2.013  5.293 11.748  8.981  9.764 12.510 14.354 10.553 
 4.136 -0.433  1.122  2.580  2.833  5.143  5.986 10.493 11.630 11.764 12.444 
 1.676 -3.601  5.297  2.335  6.922  3.023 14.907 14.058  8.778 14.846 17.967 
-1.855 -1.100 -2.350  3.798  4.385  6.765  7.962  9.994 12.380 13.716 18.182 
-2.921 -1.650  3.983  2.034  8.265  2.449 12.063 12.713 11.747 11.317 18.993 
 2.985 -0.159  4.413  0.652  0.123  8.438 11.481 11.170  4.539 11.619 10.270 
 1.238  4.187  9.103  1.574  4.818  7.747  8.355  9.337 10.635 19.016 13.585 
 1.561 -1.773 -1.270  9.904  2.551  7.081  8.931 13.147 10.234  8.864  8.196 
 1.087 -2.756  8.639  7.438  7.869  5.700  6.977  9.785  8.876 15.260 15.465 
 2.445  0.652  6.794  6.165  4.585  9.561 12.717 10.856 14.138 12.151  9.400 
 2.000 -4.332  3.342  7.344  5.770  6.137  5.906  8.958 11.534 10.834 13.221 
 2.499  2.039  6.590  2.835  9.220  7.524  5.949  9.424 12.668  9.928 11.427 
 2.370  1.679  3.150  5.153 10.945  2.709 11.481  9.457 13.329 17.668 16.723 
-6.297  1.814  2.356  3.877  5.566  4.306 13.394 12.284 13.143 14.345 12.368 
 3.942  2.724  6.966  7.620 12.401  6.452 11.920  8.580  6.342  7.828 17.924 
 0.679 -0.099  5.619  4.127  7.165  7.928  6.053  8.042 13.410 12.965 19.579 
 1.513 -0.294  1.211 -3.521  7.667  9.526 13.398 12.522 13.673 14.085 13.904 
 1.781 -0.263  3.157  4.685  4.514 10.883  1.690  6.760  8.308 14.609 12.055 
-0.778  5.921 14.888  3.802  5.446  1.632  7.602  7.106  8.192 15.066 19.322 
-1.588  0.069  1.944  7.278  7.527 14.068  8.122  7.661 13.504 14.025  7.648 
 0.092 -2.230  3.338 -1.348  3.910  8.366  7.795  4.731  4.917 14.163 15.361 
-1.798  1.896  2.537  3.605  6.739  5.362  9.102  7.096  4.100  7.968 15.639 
-3.167  3.848  0.804  8.583  6.118  6.021  6.188 10.234 10.741 15.933 13.671 
-5.432 -0.979  4.531  5.088  0.171  6.702  7.246 10.591 12.565 12.262  7.300 
-0.004  2.796  1.586  4.300  3.140  7.463  9.629 15.685  8.292 12.408 14.634 
-3.125  3.974 -0.516  4.861  5.413  5.422 11.089  1.163 13.077 10.423 17.909 
-1.360  2.671 -3.088  6.385  7.028  6.732  8.645  8.873 12.113 10.050 15.610 
-1.005 -3.942  2.785  5.033  7.571  6.792  8.883  7.893 13.341  9.509 16.419 
 0.096  4.171  3.928  6.169 10.146  9.097  8.754 11.556 11.459 17.066 15.162 
 2.093  7.378  2.615 10.579  8.068  6.712 12.030 11.488 11.652 13.783 18.052 
-1.675  2.334  2.850  3.965  5.380  5.393 11.254  7.653 10.091 18.988 12.143 
 4.756  0.702  1.898  9.007  6.444  7.264  6.008 10.681 10.217  7.099 14.872 
 0.337  2.315  1.368  4.675  4.393  7.891  7.241  8.295 13.529 13.444 15.581 
 0.753 -1.218  6.370  6.089  2.408 10.870 14.162 10.867  8.328 16.056 12.860 
-1.581 -4.550 -0.843  0.121  3.507  6.060  7.852  5.182  8.216 18.765 13.432 
 2.336  0.985  7.697  6.782  5.705  5.511 13.287  6.732 12.715  8.545 12.497 
 3.070 -2.710  1.953  8.027  8.528  9.078  4.328  4.054 15.146  9.702 12.315 
 4.803 -0.348  6.721  5.650  2.767  8.254  8.093  7.155 16.598  9.212 10.120 
 3.597  0.579 -1.700  0.250  6.253 10.522  9.827  9.322 13.557 18.598  9.214 
 1.643  4.221 -1.691  2.529  1.223  6.078  6.509  6.729  5.996 12.173 12.564 
 3.341  0.908 -1.175  4.099  9.650  7.989 11.947  9.876 12.285 12.873 11.655 
 1.644  1.788  6.964  1.066  4.978  7.676 10.706 14.094  9.357 14.603 15.197 
-1.008  3.555  1.174  1.095  5.892 10.854  4.942  8.015 12.312 14.125 14.147 
-4.732 -1.914  6.227  5.175  1.705 10.524  8.936  5.020 15.485 10.048 13.582 
 1.134  4.319  1.132 10.752  6.673  3.711 15.158 11.558 14.744 14.245 13.392 
 5.398  2.876 -3.339  3.402  6.688  3.402 10.854 11.575 10.316 12.923 11.296 
-0.737  2.003 -0.817 -0.866  8.675  7.332 10.092 10.219 14.654 11.591 17.251 
-0.718  0.539  1.676  1.165  6.053  4.955  9.137  4.779 13.238 11.127 16.943 
-3.122 -1.940  1.582  6.947  3.761  9.034  3.350  8.903 11.202 15.267 17.287 
-4.442  0.381  7.571  1.509  8.227  0.340  9.966  9.281 14.482 13.609 17.181 
 1.093  3.578  4.984  4.820  7.637  4.950  8.716 14.348  9.998 13.615 13.348 
-1.909 -0.854  7.515  5.179  4.529  0.361  4.344 13.422 14.006 14.136 13.693 
 1.157  0.799  6.911  3.017  5.847  6.787  9.681 10.489  8.484  9.919 15.218 
 2.194 -1.053  0.673  8.420  1.827  1.267  9.031 11.824 11.946  9.699  7.680 
-2.467  2.209  1.275  4.410  3.026  2.618 13.282 15.514 11.304 16.764 14.430 
 0.113  2.256  3.678  4.740 11.555 13.502 10.767  7.087  9.300 13.735 13.198 
 4.447  2.691  1.609  0.211  4.556  6.685 11.719 10.272 13.180 10.016 12.724 
 3.698  6.419  2.528  5.792  0.252  5.946  8.838 16.073  9.262 13.926 13.545 
-4.214  0.448 -0.251  5.032  9.816 11.281  1.841 10.863 11.324 15.346 12.877 
-1.560  2.367  4.821  7.424  5.048  4.738  5.817 13.410  8.059 14.724 10.999 
 5.336 -0.867  4.711  7.701  2.872  8.421 16.078  9.619 11.044 16.771 13.629 
-3.108  1.693  5.741  2.743  3.865 12.180 14.070  5.934  9.940 13.326 18.182 
 2.906 -0.298  4.836  2.185  6.078  6.561  7.272  7.827 13.996 10.839 11.049 
-2.334  4.742  1.647  5.558  5.905  8.823  5.886  7.543 11.979  8.956 14.943 
-0.211  4.135 -0.201  1.548  2.609  4.160  5.106 11.823 11.213 12.004 13.949 
 0.126  2.668  6.237  5.917  5.265 10.268 10.425 12.741 13.053 13.079 18.760 
 2.445  6.042 -0.117  3.799  3.828  0.017  9.326 10.135 14.760  9.755  8.790 
-1.650  1.675 -0.563  5.185  1.875  2.919  3.472  8.973  8.427 14.388 12.433 
-0.535  1.731  1.330  3.691  6.763  6.729  9.141  5.433 11.827  9.192 14.821 
 0.787  3.563  5.312  8.505  9.627  6.684 13.653  7.837  7.470 17.195 13.892 
-0.017  2.606 -1.382  5.580  3.761  2.849  5.994 10.084 15.380 15.313 16.362 
-3.253  2.569  1.371  6.418  6.961  7.300  9.735  9.499 16.626 13.878 15.697 
 1.782  6.234 -1.021  8.315  2.058  4.445  4.012  6.203  8.915 11.350 13.254 
 5.704  1.892  0.949  2.769  2.641 10.213 12.252 13.443 17.187 10.923 16.492 
-0.172  3.138  3.545  5.232  8.187  0.662  6.439 10.909 12.667  8.820 11.131 
-2.545 -2.235 -3.455  6.294  2.855  6.369 12.408  7.576 16.285 13.865 18.635 
 4.171  2.406  3.156  4.657  7.474  5.679  4.339 14.840  8.023 14.043  9.034 
 2.711  0.612  3.399  1.625  3.585 11.086  8.728 14.299 16.767 16.050  9.594 
 0.936 -0.283  4.469  8.722  3.122  7.924  4.622 11.128 11.256 11.645 17.425 
 0.270  5.086 -0.004  4.901  0.705  8.633  8.417 11.077  9.192  7.737 10.534 
 0.229  1.826  1.456  8.006  3.232  6.442 10.555 15.098 14.926  7.399 18.191 
-0.217  6.044 -0.949  9.059  4.180  5.909  4.560  6.684  5.429 11.783 15.094 
 4.014 -1.201 -3.240  7.664  3.841  8.425  9.154  6.901 15.409 14.524  9.546 
 3.565  5.049  4.725  4.504  3.923  5.246  9.250 11.074 14.021 13.443 12.753 
 5.242  0.418  0.216  2.385  4.519  6.678 10.452  9.930 11.312 12.322 14.793 
-2.520 -5.402 -3.533  7.573  1.545  4.926  9.037  9.322 10.774 13.863 17.246 
 3.078  0.224  1.754  5.384  6.904  6.124  5.755  5.657 17.683 11.476 10.185 
 0.235 -1.874 -0.826  1.334  9.366  5.101  9.704 11.832  6.660  7.636 12.778 
 5.353  3.764  4.902  3.701  5.087 11.037  8.341  8.502 13.091 11.871 12.984 
 1.036 -0.923 10.156 -0.947  5.984  4.753  8.112  7.421 11.016 12.411 16.483 
 2.434 -6.704  5.066  8.942  1.052  6.036  7.427  8.761  7.991 16.094 12.009 
-1.547 -0.388  8.018  0.483  9.912  8.736 10.693  9.034 14.913 15.759 14.406 
 0.201  6.253  4.942  5.250  7.129  6.233 10.992  9.140  9.471 13.903  9.662 
-3.274  2.719  2.535  2.147  6.810  4.368  3.660  7.724  3.199  9.484 10.687 
-2.823 -0.430  1.382  3.867  3.140  7.331 11.682 15.950  9.334 10.247 16.057 
-8.365 -3.585  3.360  8.764  6.901 13.011  8.925 10.854 12.928 12.336 12.009 
-4.536 -1.110  4.967  4.439  2.311 10.046  3.899  9.494  9.511 14.222 13.351 
 1.336  1.606  0.485  6.834  5.626 12.357  5.533  8.172  8.070 10.817 11.131 
 4.268 -0.037 -0.999 -3.146  1.811  8.195 11.313 14.271  7.185  9.348 14.001 
-0.578  2.836  7.523 -2.883  0.572  6.002  5.626  6.909 10.351 18.660 16.826 
 0.324  2.847  5.074  2.414  5.516  3.606  5.391  7.669 12.406  7.026 14.018 
 1.264  5.960  0.575  0.002  4.505  8.449  7.024  8.824  8.281 10.045 18.488 
 4.548  4.035  2.600  4.898  8.528  4.744  6.048 11.352  9.467 18.567 11.726 
-2.884  4.083 -1.050  4.451  7.680  2.564  5.178  6.700 10.652 16.857 15.690 
 0.262  0.360  0.660  6.364  2.360  7.129  9.247  7.494  6.882 12.289 15.885 
 0.672  1.129  6.384  2.467  9.360  6.504  7.648 12.100 17.164 12.489 15.362 
-0.697 -1.297  5.228  1.997  4.010  7.111  5.587  8.417  8.803  7.074 14.411 
-4.843 -2.505  2.758  2.518 10.449  2.898 11.134  7.756 10.325 11.486  9.128 
 0.254  4.512  1.848  6.592  4.838  6.118 14.151  7.990  5.740 12.558 13.174 
-2.885 -0.317  6.795  4.896  1.330  9.353 10.762  9.817 17.627 12.499 10.619 
 3.291 -0.752  3.254  6.095 12.709  8.636  2.948  6.973 11.327 12.341  6.248 
-2.509  2.403  3.387  5.130 -2.975  4.522 11.280 12.430  8.093 14.793 16.417 
-0.912 -0.567  7.377  4.788  5.745 14.499  3.912  7.714 13.060  6.473 12.007 
-3.893 -3.247  2.077  4.419  8.023 12.602  6.439 12.387  6.175  7.535 13.625 
-1.010  1.471  4.565  6.007  8.144  9.318  3.798  7.813  8.222 17.892 11.237 
 0.600  2.721  1.847  5.146  8.824 10.524  8.115 13.556 12.912 14.314 14.214 
-1.537  7.042  3.977  1.849  6.509 10.597  6.369  7.136 11.609 12.324 12.336 
-1.151  5.950  4.556  5.748  2.061  6.712  5.549 11.724 11.285 12.225 15.301 
 1.896  0.926  6.434  3.205  6.474  2.169 14.082 11.231 10.582 13.938 18.653 
-4.138  3.052  3.947  6.353  6.999 10.002 12.447 10.044  8.409  8.375 10.431 
-2.720  3.018  2.700  6.409  8.082  7.613  7.446  8.847 10.755 16.061  9.629 
-0.365  0.970  5.675  2.487  1.682  6.165 11.550  7.330 15.479 13.190 13.473 
-2.382 -5.611  3.882  0.459  1.528  7.757 11.832  6.517 14.088 11.684 13.366 
 1.897  0.042  7.374  4.881  5.678  5.719  4.074 13.010 15.978 12.051 15.420 
-5.849  4.025  0.081 -0.771  2.949 11.877  6.207 14.616  8.334 14.845 12.226 
 0.220  1.683  2.993  4.372  7.546  7.915  3.286 10.029 12.842 18.224  9.807 
 2.796 -0.955  1.107  8.371  2.257  6.304  3.824  9.307 15.032 12.481 11.191 
-0.325  1.482 -0.484  2.183  5.789  4.266  4.061  6.789  9.351 15.510 14.373 
 0.743  1.170  6.286  7.549  0.404 10.704  6.674  9.686 11.509 12.108 16.579 
 1.729  0.875  5.414  7.100  1.095  5.952 12.554 11.768 10.734  8.425 16.359 
-0.091 -2.236  3.374  0.681  6.064 10.852  1.405 14.129 15.063  9.006 17.543 
-6.684  0.115 11.575  0.488  2.958  8.218 11.928 11.663  7.771 14.526 15.294 
 5.976  3.776  7.054  7.931 10.056  2.083  8.355 12.161 11.583 10.252 10.572 
 2.102 -4.152  3.391  2.370  8.031  5.030  8.952  6.311 10.889 15.123 17.040 
-0.992  7.749 -4.715  7.512  8.368  5.774  5.477  7.329  9.794 18.628 16.524 
-2.531 -0.406  0.431 11.421  6.094  4.748 10.671  9.123  9.670 16.301 14.454 
-4.011  0.066  7.255  7.803  5.225  6.057  2.341 15.356  8.608 18.879 11.454 
-0.221  7.602  8.460  8.198 10.569  4.709 10.834 11.444  9.957 13.015 16.849 
-3.513 -1.424  5.809  2.921  7.983  1.567  8.959 10.521  7.564  9.015 19.102 
-1.695  5.059 -0.779  4.009 13.528  4.841  8.348 16.088 12.440 13.998 15.487 
 0.536  2.547  3.365  5.680  7.435  1.456 11.184  4.795  7.750 10.927 12.835 
-1.634  4.992  3.333  0.132 10.892 11.887  7.580  8.869 11.765 13.656 13.411 
 1.076  2.062  6.844  1.310 12.891 11.214  8.819 12.554  4.871  8.763  9.367 
-0.024  4.481  1.001  2.715  4.730 12.020  6.150 11.230 10.655 14.731  9.959 
-1.066 -3.441  1.210  2.634 12.601  6.318  8.554 13.384  6.643 18.071 14.075 
 2.840  2.434  2.618  6.626  6.300  5.817 10.310 11.729 10.140 16.201 15.634 
 4.124 -0.183 -4.986  1.692 12.329  7.731  6.709  9.382 10.442 14.090 15.372 
 1.246 -1.901  0.538  2.795  8.129  4.408  0.796 11.434  6.810 16.477 14.886 
-0.824 -1.240  0.430 -1.751  0.472 10.376 12.718  6.558  9.209 14.109 10.740 
-1.886  0.446  8.657  3.209  1.848  8.031  6.243  5.792 11.791 10.123 12.283 
-0.899  0.622  5.223  4.562  6.719  6.078  8.366 11.646  7.622 12.443 10.505 
 0.440  4.578  5.188  8.545 -0.737  5.526  5.397  8.251  7.093 15.862 11.409 
-0.075 -4.058  0.802  4.988  5.799 10.776  9.793 14.068 10.343 15.084  9.900 
-4.962  0.463  0.726 10.083  5.550 13.396 13.238  6.720 13.962  8.041 15.727 
 3.938  3.768  8.091  3.233  1.270  8.525  9.827 11.276 11.264 12.883 12.652 
-3.132  7.043  4.633  5.105  3.135  6.695 11.706  8.253 14.025 13.596 16.916 
 1.939 -1.680 -2.431  3.510  8.499  7.960  9.993 10.261 12.718 16.395 13.163 
-1.761 -1.617  3.088  5.312  2.315  8.697  8.663  8.745  8.672 10.946  8.487 
 3.897 -3.467  2.937  5.491  5.368  6.722  8.175 10.671 13.578  7.609 17.755 
 0.523  1.715  0.040  8.976  5.401  6.434  5.475  7.771 10.907 15.625 16.076 
-0.008  3.252 -0.859  1.957  5.310  7.565  8.498 11.380  7.176 14.143 18.616 
-2.179  4.359  1.219  3.696  8.507  6.668  3.575  3.810 12.417 14.919 20.031 
-4.371  4.535 -0.578  1.183  3.200  4.343  8.223  7.642  8.513 12.125 12.911 
-3.789  0.036  1.086 -0.337  5.200  4.737  5.797  9.962 16.888 14.056 14.304 
 1.363  4.853  2.102  6.046 11.441  2.177 10.021  9.454 14.401 13.392 14.590 
 0.899 -4.471  3.460  6.498  4.363  8.179  4.514 12.095  9.636  9.088 11.611 
-2.728  1.417  7.661 -1.245  4.561  8.224  7.511 13.192 10.864  7.641 17.368 
-4.683  1.248 -0.341  6.199  9.235  6.057 11.347 11.507 11.848 15.440 14.160 
-0.802 -1.436  8.008  5.354  2.768  4.535 13.307  9.002  3.124 11.169 11.657 
 4.008 -9.021  5.579  9.843  9.876  4.363  4.227  8.198  9.233 11.696 13.502 
 0.885 -2.247 -2.181  3.069  2.222 14.033 13.454 11.256  7.876 10.949 16.612 
 9.772  1.379  0.712  7.242 12.008  3.183 12.711 11.972  2.079 15.848 18.665 
 0.879  0.002 -0.537  4.070  6.758 10.043 10.523 10.505 10.361 16.053 18.830 
 3.728  5.967  0.012  6.738  2.348  4.439  7.301  9.730 11.972 12.568 15.019 
-1.715  6.078  1.134  5.891  5.416  8.067  7.318  8.679 14.128  7.108 20.409 
 0.802  2.782 -0.390  7.509  5.905  8.445  9.874 11.707 13.662 14.716 11.020 
-3.559  0.470  5.995 -1.036  2.085  5.375  5.258  9.093 16.230 13.766 10.339 
 1.810 -0.849  8.333  2.764  2.883  5.467  9.332 10.506  6.757 10.747 14.232 
-4.677  0.614  3.219  1.633  5.553  6.936 13.386 14.642  9.092 15.178 13.778 
-0.829  2.104  1.447  5.891  2.055  7.460  5.412  3.019 14.374 12.484 14.761 
-1.574 -1.461  2.196  7.532  4.189  2.805 14.393 12.962 13.473 11.143 14.221 
 0.386  8.795  7.361  4.824  7.754 10.901  6.334  9.012  8.059 14.145  8.227 
 2.300  3.726  2.963  5.650  6.347  8.023  7.646 14.193 12.681 13.962 16.510 
-2.478  3.339  6.807  3.886  6.567  4.132  8.240 10.723 14.387 15.852 10.308 
-0.545  1.607 11.269  5.093  7.791  7.551  8.935 12.160 13.750 14.405 13.010 
 4.487  1.085  4.254  7.891  4.793  6.617  7.050  5.143 13.197 15.725  7.968 
 0.778  2.068  7.796 10.128  5.835  1.635  5.410  8.970 14.290 14.540 12.206 
 1.579 -4.170  0.986  2.548  5.597  7.062  6.230  9.347 12.890 14.508 16.564 
-3.314  0.042  2.201  5.549  3.991  2.559  8.878  6.755 16.266 13.135 17.509 
-2.093  2.080  6.553  5.274  0.483  2.935  7.617  8.718  8.968  9.389 13.132 
 5.593 -1.308 -1.171  2.975  7.478  5.543 10.062  5.644  9.766 15.084 13.867 
-2.057 -1.111  2.731  4.319  6.553  3.621  4.975 10.018  9.992 14.027 20.783 
 0.225  2.765  2.350  7.237 17.394  3.576 16.042  5.102  9.819 16.287 13.478 
-6.987  0.871  2.074  2.752  7.558  4.015  9.813 13.729 17.343  7.211 15.297 
-1.665  6.195  2.895  2.807  4.855  5.183  8.280  9.310 16.147 11.633 15.506 
 0.683  4.831  7.596  4.870  5.887  3.591  5.326 11.027 13.231  9.672 13.747 
 1.052 -0.265  3.165  2.438  4.991  8.705 12.755 10.428 14.543  8.933 15.196 
-2.942  2.909  2.275  5.652  7.173  1.617  8.217  6.155 14.596 14.623 18.607 
 3.311 -1.563  1.755  4.359  6.040  6.343 13.234 16.028  9.510  9.214 16.474 
-3.476  3.074  2.851  2.725  7.242  6.330  9.758  5.886  8.080  6.335  4.093 
-2.888  0.510  7.184  2.697  1.458  5.898  6.394  9.032  8.803 17.967 12.940 
 0.240  3.968  0.764  1.045  7.839  0.926 12.890  6.532 12.910 14.835 17.307 
-2.643 -4.478  2.493  4.861  5.373  3.084  6.385  6.382  5.560 13.083 21.268 
-1.207 -3.104  3.374  0.139  5.378 10.229  6.889 12.432  9.991 13.003  8.758 
 2.788 -0.331  3.920 -0.119  3.707  0.998  9.452  9.592 10.495 13.648 11.759 
-1.577  2.541  4.628 -1.592  4.669  9.027  7.165 12.346 11.336 14.012 13.158 
 4.377 -3.606 -2.140  4.329  4.337  5.948  7.485  9.182 15.513  6.736 18.376 
-3.843  1.919  5.768  0.217  1.733  6.623 10.575 10.454 19.541 13.816 15.015 
-2.721 -0.053 -0.038  3.572  9.739  7.172 12.477  9.830 18.426 11.147 17.990 
 3.381  3.176 -4.704  6.848  1.687  4.758  7.071 15.572  7.968 11.384 13.464 
 2.756  0.123  6.086  3.098  1.124 10.518  4.199  9.901 10.361  9.729 11.396 
-1.561  2.250  2.275  6.643  6.057 11.179  0.657  9.471  7.950 17.885 11.470 
-2.878  6.982  0.220  5.421  1.869  5.732 10.855  9.449 12.375 10.010 16.109 
 4.510  2.343  3.942  3.314  7.058  7.198  9.109  5.244  9.571 13.137 13.435 
-2.034 -5.184  0.675  4.296  8.348  9.017  9.593  6.317  8.425  7.649 15.042 
-3.682 -2.290  3.307  8.384  4.746  8.367 14.932 14.214 11.149 11.409  4.880 
-5.289  1.762  3.105  5.120 -0.065  1.803  6.614 13.153  9.603  9.989 12.862 
-0.384 -0.197 -1.102  1.804 -1.276 10.979 12.354  9.781 18.785 10.857 17.461 
 5.895  2.444 -2.938  3.862  1.471  7.637 16.630  8.145  9.852 11.547 12.900 
 2.533  1.614  4.642  9.281  5.228  6.688  6.217 13.421 10.806 17.502 19.868 
-2.927  5.392  1.489  6.089 12.318  9.949 10.179  7.411 15.540 14.995 19.035 
 2.668  1.367  3.852  5.899  7.652 10.677  8.966 10.028  7.474  8.791 13.910 
 0.580  1.267  7.627  0.668  6.543  8.560  3.570  9.799  8.623 13.211  9.668 
 3.447 -1.887  4.317  5.305  3.953  8.264  1.646 12.952  5.768 17.467 12.666 
 0.027  5.645  3.037  4.549  6.182  7.134  5.959  6.519 16.951 12.676 14.615 
 0.025  1.068 -0.042  1.256  8.376  5.362  7.400 11.504  6.851 13.399 13.048 
-2.044  3.148  5.338  4.417 -0.383  7.416  6.211  7.295 10.669 11.557 12.616 
 3.434  3.019 -0.214  6.766  5.698  9.171  8.146  5.910  7.009 13.396 12.484 
-0.031 -0.255  2.125  2.463  5.865  6.689  6.197 11.891 13.402 17.738  8.926 
-0.277 -4.051  6.171  3.072  2.664 11.237 11.806 10.232  9.211 15.979 14.638 
-6.897  6.329  3.299  2.617  4.958 15.145 13.473  6.779 10.777  6.475 12.479 
-2.854  1.661 -2.506  6.469  6.704  4.611  8.899  7.308  9.449 11.709 10.417 
 3.172  0.588  3.212  7.710  1.759  3.498  9.177 16.988  8.889 18.017 11.187 
-7.530 -3.592  0.833 -3.707  3.184  6.011  9.173 10.731  4.946 11.060 18.243 
-4.401  4.931  0.385  7.015  7.800  4.567  7.031 11.079  8.884 15.826 13.455 
 2.787 -4.159  3.239 -1.538  3.628  4.882  8.477 10.194  9.718 14.260 14.796 
 1.253  2.627  4.043  7.705 10.048  9.781 13.414  7.382 12.087 10.439 20.451 
 2.534 -2.043  2.117  8.348  7.950  1.831 10.383  9.074 16.037 15.007 14.845 
 1.525 -0.468 -3.751  2.892  0.437  8.419  4.142  8.254 10.732 16.268 14.007 
-2.641  7.734  4.546  2.182  8.384  3.317  6.261 13.094 11.141  9.527 17.734 
-1.265  6.855  3.101  4.497  9.860  3.947  8.885 10.426  8.730 14.238 13.885 
-3.923  1.007  4.772  2.724  3.828  5.990  5.387 10.921  5.334 13.968 11.192 
 2.824  4.089  1.176  4.618  6.518 10.517  8.687 13.574 13.985  9.459 14.286 
 4.729  3.905  4.058  5.648  9.257  8.849  6.858 15.590  9.588  8.001 15.110 
-3.527 -1.934  3.407  5.059 12.303  1.898 10.478  6.010 12.324 15.947 15.765 
 6.647  0.287  5.916  3.006  2.184  6.393  8.225 14.416  8.345  9.096  2.881 
-4.571 -0.706  8.227  3.523  3.261  9.424  9.916 10.303 16.932 15.374  9.958 
-0.700 -1.633  1.066  4.934  5.037  9.926 13.412  6.677 16.752  9.033 11.946 
-1.367  0.279  3.730  1.216  5.304 13.062  7.387 10.161 11.310 11.424  8.423 
-3.278  5.073  3.719  0.546  7.762 10.788  8.094  9.077 17.957  8.605 17.374 
 2.823  7.305  2.444  4.156 11.344  6.923  7.842  9.758 11.188 16.808 14.057 
-4.450 -3.669  1.764  1.247  9.155  4.695  8.210  9.701  9.824 13.756 14.700 
-1.268  0.313  5.018 -1.472  3.891  8.446  9.294 12.815 12.451 16.325  7.545 
 1.284 -2.480  3.169  2.405  5.497  4.026  9.633  4.053 12.480  9.166 18.259 
-0.830  7.829  6.682  6.609  5.209  7.939  3.288  3.327 10.198 15.863 14.427 
-0.851  4.013  1.764 -0.274  3.150  7.493 13.648 13.070 11.979  9.525 10.963 
-1.389 -1.638  0.144  8.688  8.820 13.068 10.563  6.206 15.013 15.823 15.771 
 4.026 -2.102  0.834  9.751  6.725  9.790  7.598  4.449 17.979 14.274 12.481 
-4.524 -5.344  1.120  0.204  4.209  7.513  6.812 10.684  9.069 14.388 15.559 
-1.587  4.666  2.584  4.277  8.529  3.229  3.764 12.499  7.432 14.609 14.711 
 5.197 -2.323  4.389  2.203  8.345  7.506 10.177 11.330  9.585  5.924  7.257 
-3.656  1.848 -0.167  4.125  7.853 10.283 13.544 11.277 14.739 11.200 13.743 
-3.230  6.678  5.407  3.389  7.982  8.897  4.520 12.540 12.910 15.951 21.021 
 2.631 -2.267  3.694  2.315  5.750 10.164 16.325 16.799 14.674 14.012 14.446 
 0.644  4.457  1.670 14.093  4.900 10.672  9.959 10.474 13.230 13.782 12.912 
-4.564  3.671 -0.798  7.787  1.506  5.652 10.996 10.350 13.957  6.382 16.077 
 3.312  3.417  4.350  5.345  3.314  4.810  5.324 11.765 12.762 10.715 17.130 
 2.149 -1.038 -6.292  1.315  8.168  6.716  2.046  9.132 12.071 17.966 18.925 
 0.173  4.767  0.247  8.723  1.562  3.673  9.163 10.643 11.578 15.870 16.264 
-1.074  1.522  1.543  5.852  1.066  4.125  7.138  5.868  8.240 10.456 11.751 
-1.720 -1.200  1.667  5.973  5.982  3.652  8.811 15.355 13.772 16.612 13.915 
-2.004  3.833  3.527 -1.074  3.805  7.750  9.807 15.102 13.065  9.341 13.572 
-3.955  1.455  1.167  3.683  3.336  2.827  6.084 10.000  7.706 15.693 14.029 
-1.028 -0.289  4.017  0.334 -2.197 13.642 11.855  9.111  7.195 15.384 16.596 
 1.147  5.741  3.800  2.448  0.722  4.372  5.400 11.415 13.186 15.393 13.993 
-2.379  9.402  2.608  7.067  5.305  2.277 14.137  6.279 12.451 13.819 15.308 
-0.646 -0.987  0.117 12.177  6.948 12.124 14.150 11.452 14.144  9.423 13.702 
 2.313  8.023 -0.264  8.203  7.295  6.239 11.745  7.176 15.017 11.859 15.151 
 2.443  2.227  9.840  6.250  4.150  8.805  8.230 14.288  8.358 14.706  6.606 
 1.248 -2.770  2.803  4.707  6.301  6.228 10.782  9.871 14.410 10.881 16.640 
 0.270  0.060  0.806  4.909  6.496  6.973  7.916 13.055 10.148 19.868 13.070 
 0.466  5.227  5.368  3.316  3.065  6.617  7.094 12.933 10.730 15.125 12.947 
-6.473 -3.246  1.291  3.182  4.243  5.462  2.240  7.515  2.431 11.804 12.162 
 0.582  0.892  6.360  8.896  5.028  3.567  7.239 13.197 11.927 14.826 15.438 
 1.704 -3.400  4.356  1.950  8.387  5.655  5.990 10.098 13.457 15.690 16.402 
-2.450  6.854  1.776  6.328  5.101  8.319  6.074  7.178 15.590 12.769 10.723 
 3.259  1.380 -1.206  2.359  9.352  4.594  7.223  7.503  9.111  9.986 12.192 
-0.396  2.994  2.200  5.011  5.902  5.550  3.644 11.467  9.071 11.679  9.205 
 5.419  8.791  7.987  6.666  7.282  8.693  9.005 12.708 13.402 21.126 10.126 
 0.229 -0.489  5.716  2.161  8.072  9.308  6.224  7.905 12.121 13.164 13.351 
-4.942  5.848  5.061  5.915  5.444  2.541  8.529  9.497 15.882 15.078 12.159 
-0.024  1.455  0.057  3.001  9.741  5.804  7.573 14.939 10.525 16.856 10.753 
 5.377  5.029  4.560  5.400  9.801  6.145  1.662  8.320 12.351  9.420 19.997 
 2.932  3.172  7.518  0.027  1.003  6.934  8.880 10.509 12.201 11.660 16.814 
-0.213 -2.209 -0.759  3.623  1.442  5.974  8.367  7.029  8.825 18.450 16.267 
 1.283  2.815  1.947 -0.262  6.313  6.165 14.036  8.106 11.092 11.756 18.259 
 6.714  1.762  4.809  2.116  3.705  3.127  9.405  0.978  9.479 13.628 23.309 
 2.209  1.741  0.739  4.760  4.078  4.033  7.282  9.452 10.895 11.372 11.737 
-3.416  1.948  1.134  1.846 10.714 14.983  6.818 11.509  6.305 16.467 13.242 
-3.668  3.298  5.426  1.290  5.804  6.106  0.157 11.167 11.590 13.006 14.702 
 1.443 -0.262  3.525  3.683  3.104 11.556 11.283 10.829 11.400 10.804  9.462 
-1.279  1.189 -1.790 -1.617  6.882 17.916  8.474 15.438 10.371 11.599  8.119 
 6.721  1.130  7.364  5.959  4.691  9.058 16.291  9.498 14.329 15.904  9.452 
 5.268  2.220  7.744  2.937  0.831  8.682  6.953  8.507 12.384 14.122 14.270 
-0.442  6.764  9.063  3.124  6.126 10.015  9.029  5.861  7.625  9.558 13.724 
 2.334  0.325  2.684 10.418 -0.948  5.266 10.131  9.461 11.925 12.451 12.454 
 6.092  0.279  2.911  9.835  5.636  6.891 13.294 13.988 11.790 17.533 19.573 
 0.082  6.040  3.540 12.155  1.813 13.234 10.353 10.094 12.908 19.213 13.642 
-2.853  3.305  4.809  6.471  6.069  5.311  7.157 10.404  8.498 13.818 14.687 
 3.856  4.891  3.589  3.236  5.458  0.792 12.277  9.222 11.287 15.357 21.563 
 0.605 -0.510  2.455  6.898  6.125  5.041 10.338 10.790  9.116 14.322  7.647 
 2.788  0.778  6.053  3.909  9.029 10.048 12.676 10.190  9.067 15.074 17.128 
 1.888  0.490  0.463  5.003  4.287 10.022  5.777  7.953  8.590 13.859  5.530 
 1.148  3.274 -0.216  4.949  6.201  1.856  9.272  6.511 15.708 12.780 15.495 
-2.360  3.247  5.894  0.428  8.563  6.865 14.409  6.667 10.268 17.201  9.191 
-1.924 -2.018  2.495  2.602  8.395  9.855 11.460 12.696  7.356 12.002 14.437 
-1.991  5.121  2.732  4.964 13.035  4.012  6.087  8.660 17.552  6.453 10.745 
 3.137  2.123  1.121 -3.138  2.774  9.744 10.091 12.422  8.156  4.192 15.293 
 1.702  2.696  2.759  6.138  5.331  1.398  5.585  8.547 13.985  7.608 14.360 
-0.973  4.202  0.323  8.851  2.555  4.925  6.282 12.594 11.192 14.068 11.214 
-0.239  6.704  2.678  0.023  5.607 12.317  9.491  9.805 14.560  8.625 13.983 
 4.874  4.063 -2.045 12.183 -1.128 11.417  3.334 10.294 16.183 17.418 10.076 
 2.540  3.078  8.464  4.695 -0.772  5.581  7.445  8.037  7.786 11.835 16.369 
 0.221  3.616  4.276  8.043  2.605 11.265  2.314  6.690 11.901 12.706 15.524 
 0.983  0.385  3.904  3.836  7.631  3.824 11.714 10.214  8.072 12.229 13.471 
 1.766  8.235  2.814  0.535  7.247  4.945 10.193  9.008 11.181  7.905 11.402 
-1.469  1.214 -1.173  4.613  6.329  6.896  6.259  7.763  7.453  8.918 17.414 
-1.951  2.692  5.705  2.185  8.673  3.012 11.630  2.939 11.108 10.121 18.472 
-2.275  4.694 -2.321 11.599  2.724  8.465  3.971 14.455 11.504 13.646 13.206 
-3.640  6.600  4.156  1.086  8.682 10.292 14.359  5.983 13.530 14.220 14.019 
-1.398  1.109  0.839  2.763  9.919  1.916  6.669 13.523 19.252 11.831 14.122 
 1.809  0.825  5.685  3.565  6.135  5.690  1.669 10.724 12.594 16.506 12.897 
 0.443  2.653  4.587  1.527  3.194 12.092 10.099  7.776 11.476 13.939 18.046 
 1.929  5.294  0.550  0.197  3.049  4.510  6.127  6.591 11.674 15.606 16.131 
-2.372 -3.513  8.449  6.366  8.467  7.962 11.996 13.726 15.946  9.611  9.228 
-2.152  6.698  5.296  3.083  7.677  7.399  9.732 14.148 10.923 13.017  8.948 
 2.978  4.523  6.603  3.530  4.099  7.786  2.407 11.461  3.594 11.355 15.979 
 4.616  0.416 -0.383  3.933  3.333  5.864  7.529 13.953 11.661 17.106 16.479 
-2.267  1.744  0.840 11.078  5.545  0.910  8.620 11.653 10.081 12.210 20.458 
-1.679  1.168  0.169  3.794  7.556  5.050  4.959 12.011 13.306 13.118 15.192 
 1.207  5.678 -0.801  5.363  6.918  3.877 10.325  5.580 16.653 12.147 11.963 
 0.363  1.564  3.350  1.880  3.582  9.363  6.350  7.350 12.580  9.796  5.864 
-5.370  2.838  2.743  5.354  9.648  5.765 11.363  8.148 16.957 11.981 12.236 
 0.400  0.694  3.801 -0.116  4.195  5.991  7.711  7.220  9.832 14.151 14.519 
 0.198  8.594  2.807  2.937  7.574  6.787 12.426  9.823 12.364 12.451 15.667 
 2.130 -0.538 -0.953  1.822  4.752  5.660 12.758  9.895 10.554 11.968  9.321 
 4.170  1.468  3.776  7.754  6.262  5.496 10.624 11.946 10.789 15.536 13.490 
 7.297  1.278  8.022  4.842  4.765  5.248  4.761 11.554 12.450 15.051 16.461 
 0.173  2.483  1.946 -0.593  3.467  1.943  6.155  8.310 11.873 16.541 10.966 
-6.142 -3.552  4.908 11.686  6.251  9.711  1.518  3.371 13.620 10.618 12.130 
 3.044 -2.142  3.965  7.046  6.736  6.092 10.574  9.926  5.157 11.136 13.480 
 4.985 -3.447  5.657  4.262  6.480  7.566  7.780 10.504 10.991 15.287 14.631 
-0.753  3.376 -0.405  3.310  5.405  3.386 11.892  8.067 11.225 10.771 13.784 
 2.027 -0.733  1.119  4.066  4.574  7.052  4.437 11.606 10.058 12.659 18.710 
-0.925  4.697  9.315  4.191  7.259  5.966  3.788  7.501  9.305 13.085 20.324 
-0.996  3.916 -0.450 -1.158 10.039  7.800 13.768  6.515  9.342 13.337 12.441 
 5.323  2.229  1.624  4.488  3.664  5.992 11.585 11.998  8.495  7.502 13.361 
 2.299  0.374 -1.960  7.797  9.862  5.847  9.936  8.221  7.050 10.312  9.953 
-2.931  1.101  2.417  5.343 11.269  2.941  7.169  5.935 12.917  9.898 14.196 
 1.039  5.242  1.898  6.491  9.544  5.671  9.685  6.973  7.286 16.481 17.494 
 5.987  3.954  3.473  2.385  5.036 14.985  5.344  8.352 10.867 12.631 15.036 
 1.490  1.886  4.818  1.455  7.361  2.197 14.571  5.639 14.197 10.480 20.682 
 0.787  0.996  3.397  7.817  8.353 12.483  4.152 18.017 13.657 12.732  8.829 
 1.692  1.698  5.074  4.449 -0.933 10.316 12.813  3.919  9.750 16.974 18.677 
 0.226  0.325  5.914 -1.358 11.203 13.310  6.729  1.722 10.494 15.412 12.259 
 0.897  2.339  2.674  5.693 11.519  6.992  2.948 11.227 10.102 13.674 14.656 
-4.392  4.124  7.905  0.625  3.931  3.096  7.982  9.125 17.480  9.227 14.548 
-4.823  1.484  2.873  4.282  5.681 11.087 10.616 12.668 13.222 16.763  8.367 
-5.170 -0.361  1.359  2.830  4.709 14.360  6.961 10.686 13.443  9.651 15.348 
 4.941  0.940 -1.119  4.123  1.151 10.574  7.259 12.278  7.563 10.273  9.219 
-0.155  2.710  7.877  5.796  9.124 10.587  6.618  9.243  8.261 14.382 12.590 
-3.008  1.222  6.183  5.797  8.413  1.649  5.576  6.119  7.710 13.612  9.400 
-0.891  2.984  6.666  2.858  6.157 12.165 10.375 11.816 13.787 13.131 17.945 
 3.316 -0.450  4.474  3.907  4.469 12.248  5.231  7.158 11.744 12.237 16.569 
-7.571 -3.710  4.098  3.299  4.369  2.271  9.704  8.590  8.604 19.054 16.911 
-4.821  3.736  5.120  3.513  6.359  9.360  9.124 12.573 13.221 12.171 10.760 
-1.043  6.797 -1.186  1.786  8.082  5.890 13.436 10.891 11.361 15.185 12.014 
-4.689 -2.055  7.438  2.978  7.334 14.038  8.716 14.959 11.535 14.756 13.184 
-1.128 -0.610  2.474  1.782  0.867  2.705 16.534 10.597 13.557 13.582 11.800 
 5.358 -4.361 -0.505  6.153  0.384  9.669  7.013 12.897 11.579 13.219 11.984 
 2.794  7.562  3.935 -0.269  0.750  7.675 10.239 14.164 12.979  9.024  9.156 
 0.227 -2.255  2.342  3.649  8.411  9.796  5.249 11.087  8.992 15.461 13.915 
 1.501  2.949  4.789  7.970  3.399 10.297 10.321 11.884 13.294 10.851 11.223 
 6.842  0.092 11.233  1.238  6.359  1.744  7.252 13.339 10.883 12.228 17.886 
-3.808  1.974  1.170  1.438  7.295  3.200  9.672 12.262 11.929 12.847 10.919 
-1.956  3.262  0.759  2.077  9.853  4.013  5.631  3.871 16.399 10.335 16.294 
-3.623  7.374 -1.246  3.434 -0.715  7.890  4.389 10.288 10.193 13.355 14.186 
-7.337  0.602  3.840  9.598  6.028  4.007  7.507  6.299 14.575 19.075 13.170 
 1.518  5.308 -1.186  6.803  1.096  7.670  6.201 13.273  7.911 14.213 15.376 
-0.108  2.855  2.354  2.226  1.605  3.414  9.312  8.254  4.830  7.357 10.545 
 3.254  0.299  2.053  4.918  4.474  5.331 14.853 10.267 12.541 11.262 14.145 
-5.665 -0.902 -3.843  5.542 -0.256  6.777  2.604 13.101 22.179 17.118 11.072 
-2.031  1.994  4.962  5.948  7.696  4.790 13.080 11.057 11.569 13.232 15.167 
 1.571  4.526 -0.420 -1.734  1.969  7.694  6.498  7.008 15.862 10.587 12.048 
-0.906  1.879 -2.489  8.512  4.223  5.794  5.077 11.535 13.883 12.079 10.115 
 5.991 -1.501  1.758  3.861  4.272 15.117  5.801 10.781  6.975  9.331 15.347 
-0.811 -1.796  0.730 12.244  4.220  6.435  8.832  7.302 12.919 13.551 13.068 
 4.043 -1.280 -0.383  8.291  8.126  5.633  7.656 11.747 17.796 11.132 19.461 
 4.308  3.722  0.368  7.343  8.125  5.378  9.581 12.559 14.597 15.667 18.814 
 0.247 -1.362  2.207  3.804  1.511  4.675  4.325  9.723  8.306  9.656 10.005 
 1.761  4.568  7.069  0.164  4.453  9.342  8.234 10.174 17.271 14.182 14.944 
-0.960  6.191  0.554  2.265  3.956  3.715  6.978  7.300 12.849  8.917 10.594 
-1.063  2.514 -1.318  5.336  8.323  2.940  5.793  5.806 10.848 16.649 17.148 
-0.698  4.092  5.699  3.652  7.240  4.860  9.046 10.643  2.932 13.697 12.579 
 3.611 -4.017  2.111 -2.668  3.581 11.296  3.550  7.349  4.166 12.513 15.981 
-3.740  0.486  5.157 -1.072  8.101  4.875 12.961 12.357 12.816 10.924 16.946 
 1.060  5.669 -2.998  1.252  1.466 10.660 13.034 14.233 12.892 10.769 11.111 
-0.877  0.714  3.068  1.093  5.040  6.014 12.097  5.043 10.442 10.944 13.293 
-1.048  0.673  4.748  5.688  9.781  7.250 11.548 12.704 11.970 11.770 14.075 
 1.050  3.346  5.739  0.226  4.371  5.124  6.815  8.745 10.809 11.891 10.384 
-0.678  7.521  1.009  2.078  3.592  4.779  7.844 10.820  9.189 15.347 13.609 
-2.331 -1.791  1.622  5.908  7.014  9.226 11.747  7.242  8.802 16.697 14.470 
-5.039  5.948  5.973  2.349  2.435  9.696  2.713 15.333  4.977 12.402 14.879 
 4.788  3.744 -3.669  1.906  0.946  7.328  6.976  6.707 10.585 12.966 12.480 
 1.112  0.055  8.680  6.259  5.757  3.999  9.807 10.067  6.423 12.906 19.673 
-4.442  2.787 10.985  3.224  6.729  8.977  6.363  9.178  9.067 11.018  8.995 
-4.448  2.671  2.394 10.196  9.985  1.948  7.738 10.473  9.091 16.133  9.621 
-3.109 -0.449  3.670  1.216  7.152  5.036  3.256 10.069 12.389 13.097 23.344 
 4.064  0.530 -1.012  4.243  4.811 11.272  9.059 11.701  9.577 11.871 10.464 
 1.899  2.402  4.469  8.044  5.648  2.103  6.824 13.179 12.819  8.627 14.027 
-3.693  2.240 -0.487  2.959  9.321  6.594  9.875  8.817 16.226 12.357 11.036 
-2.128 -6.210  1.486  6.228  6.891 10.346 15.229 15.045  9.098 10.454 10.564 
-0.727  2.005  1.570  4.898  5.734  7.480 12.423 11.114 10.940 12.303  7.632 
-4.565 -5.078  9.612  0.198  7.515  8.843  6.937  8.932 11.112 16.985 13.940 
 0.752  2.416  1.355  0.044  1.917 13.151  8.868 13.195 14.639  9.974 17.267 
 5.327  0.510  4.259  5.741  4.861  8.880  8.638  8.932 12.210 15.423  9.710 
-0.789 -1.242  4.974  1.927  1.743  9.173  7.987 11.213 11.524  8.581 16.003 
-2.662  3.635  3.132  3.137  5.532 12.083 10.344 10.651  6.091 12.754 15.659 
-2.867  2.726  7.848  2.966  4.126  8.223  8.731  5.264  6.509 10.820 13.694 
 2.279 -6.282  0.988  4.965  3.995  8.857 12.960  7.776 13.762 14.771 12.222 
-4.532 -6.908 -1.029 -2.126  8.268  5.721  6.690  8.098 12.342 13.160  8.266 
 2.135 -3.919  1.680  6.131  9.897  5.447  8.166  4.064  7.836 10.837 15.857 
 0.561  1.257  5.994  0.642  7.974  6.259  9.510 10.677 13.268 18.140 14.891 
 2.095  1.358  2.170  3.290 14.687  7.072  8.595 10.971  6.132 10.310 11.882 
 5.648 -0.553  4.251  0.235  3.596  8.217  9.478  8.888 11.511 14.404 13.224 
-1.767 -2.052 -3.722  5.747  7.844  9.284  5.037  7.145 12.653 12.618 17.601 
 2.240  0.022  0.648  8.598  1.762  2.396  8.551  9.424 10.172 15.297 13.847 
 2.490  0.572  3.284  4.174  8.037  7.299 -1.407  6.135  8.732 10.994 10.432 
 9.089  1.020  7.744  2.007  5.877  8.206 11.528  9.516 14.033 10.317 15.804 
 1.742 -0.764 -2.490  3.076  8.086 12.633  6.620 12.177 15.193  7.780 11.472 
 2.264  4.941  8.810  5.378  7.144  6.612  9.117 13.869  8.432 15.576 15.612 
-2.373  1.582  2.463  1.516  6.797  8.929 10.381  6.523 14.801 16.569 11.763 
 5.250  2.327  2.025  3.428  7.950  3.445  5.648 13.295  8.803 11.943  2.922 
 6.583  4.448  5.335  4.148  3.403  9.763  7.983 11.244 12.242 14.599 12.590 
-0.593  2.669  2.976  0.875  4.348  5.327  7.881 10.409 14.073 16.285 15.386 
-3.484  2.483  4.263  3.441  6.801  9.655 10.815 12.987  4.987 11.644 16.491 
-4.711 -0.226  1.630  8.797  7.403  2.769 10.498 11.346 10.933 16.377 17.075 
-1.376 -0.341  3.263  2.661  2.500  7.460 14.830  8.916 17.508 13.443 15.493 
-1.991  2.250  1.893 -0.864 -1.440  3.783  2.129  9.165  8.905 12.901 14.402 
 2.861  6.600  0.750  2.137  3.623 10.741  7.036 10.211  7.824 16.233 14.182 
-2.061  6.939  0.819  9.817  4.177  4.515  0.096 12.790  6.030 15.360 15.812 
-0.187  1.665  1.267  8.118  6.576  3.556  3.314  7.043 15.148 12.502  9.893 
 2.960  9.108 -1.104  7.861  7.416 11.643 10.319 10.865 10.663 17.028 15.166 
-1.755  6.913 -2.997  3.060 12.245  4.060  6.013  6.991  9.728 17.484  7.640 
-3.995  8.452 -1.165  3.004  2.674 11.589  9.235  9.414 13.352  6.563 13.662 
 0.358  1.426  1.800  2.252  4.058  6.819  2.200  5.933 14.173 14.100  4.549 
 1.738 -3.077 -2.043 -0.075  5.212  8.035 10.534  6.557 11.092 10.332  9.975 
-1.803  6.390  8.912  7.848  6.435  2.286 12.649  8.586  8.592  5.652 20.236 
-2.393  3.475  5.468 -2.064  3.009  6.025  7.520 10.361 13.650 17.396 11.257 
-6.098  2.196  4.886  5.266  8.908  4.541  7.503 15.546 17.441 13.949 13.161 
-0.553  2.986  2.584  7.891  7.547  6.589  5.633  8.034 10.740  8.593 15.375 
-2.252 -1.961 -0.870  1.289  3.851  6.072  8.983 11.194 12.164 10.160 13.060 
 2.125  1.872 11.380 -1.807  2.967  1.692 12.675 10.813  8.789 15.340 16.693 
 0.050  6.062  2.274  3.628  7.325  5.463  9.207 10.976 11.282 12.089 11.758 
 1.161  4.261  0.706  6.227  9.344 12.492  9.821  6.562 10.270 14.897 15.227 
 2.815  6.916  6.926  4.436 -0.504  6.364  8.749 10.195 14.254 13.698 17.388 
-0.290  2.264  3.544 -0.129  7.803 11.595  7.181  5.504  9.036 12.757 12.533 
 1.310  4.497  5.767  7.602  1.904  5.565  8.917 12.171 12.140 13.630 17.884 
-2.538 -5.094 -3.838  4.839  6.627 -1.877  8.793  8.292  4.328  9.711  6.796 
-1.320  3.817  8.689 -1.098  5.293  4.232 16.186 10.451 12.728 11.531 16.106 
-3.549  2.753 -2.832  1.485  6.084 10.182  7.512  9.036  5.354 13.772 12.574 
 0.500  1.731 -2.280  4.779  5.246  4.717  9.332 17.442  9.301 10.320 11.237 
-0.719  6.045  2.995  3.588 -1.383  9.598  5.122  8.633  7.683  6.287 17.016 
-6.246 -3.092  5.671  7.499  4.398  7.639  9.412 10.128  9.964 15.115  7.675 
 0.035 -5.909  0.029  1.515  7.284  2.618 14.130 11.888 12.119 14.205 16.648 
 5.369  2.048  3.539  5.822 10.706  3.340  8.036 16.686 13.525 15.866 14.214 
-1.275  1.878  2.883  4.086  2.306 -0.198  7.720 13.986 10.202 17.251 13.335 
 3.094 -1.355  1.403  7.814  3.633  7.143 12.306  5.101 13.579 12.566 15.741 
-1.931  1.733  6.673 13.771  4.076  0.952 12.389 13.172 10.199 14.789 10.380 
-1.297  4.400  2.235  0.558  5.642 10.264 10.016  6.764 12.465 15.187 15.172 
-1.276 -2.815  1.502 11.290  5.307  9.394  8.901 13.650 10.452 13.166 18.245 
 0.368 -2.691  2.629  5.711  8.805  3.832  9.480  9.433 14.123 13.225 15.466 
 0.189  1.708  1.879  6.346  5.415  4.228 11.029  9.341  8.897 14.425 12.851 
-3.054  0.864  3.750  6.167  3.320  4.468  4.652  6.117 15.144  9.468 13.377 
 7.897  0.852  1.839  3.985  9.087  8.264  6.142 14.669  9.729 14.017 13.083 
-2.702  6.259  5.882 -1.798  3.579  9.214  5.559  7.708  3.603 13.248 15.868 
-0.341 -0.836  1.573  1.024  6.722 10.342 12.567  6.780 10.533 18.111 12.062 
 3.292 -2.803  3.500  0.664  7.994  9.101 13.037  7.805 10.143 14.520 12.211 
 3.597  0.633  5.192 -3.139  4.334  7.077  8.127 13.557 13.730  8.526  9.380 
-0.957  4.786  4.967  0.796  4.257  9.683  4.583  9.350  8.062 11.020 10.618 
 3.995 -4.820  6.615  1.492  3.491  8.872  3.451  8.901 13.955 12.499 10.560 
-0.861  3.983 -4.201  8.420  8.696  4.690 10.656 11.054 13.779 15.884  9.697 
 3.252  0.853  3.422  0.587  7.880  3.436 13.499  9.253 14.984 12.538 17.825 
 4.134 -0.676  0.015  5.697  2.748  9.464 11.604 14.807  0.235 12.602 17.178 
-2.201  0.808  3.206  2.573  7.051  0.190  6.230 13.838 15.437 12.404 14.005 
-0.182  1.580  3.578  1.070  4.615 10.339 13.804  9.637 14.506 12.938 12.551 
-0.466 -0.332  2.455  9.142  7.077 11.257  9.074 13.070 10.793 11.550 15.746 
-2.757 -0.914  2.543  1.143  4.602  8.852  6.244 11.364  8.111 11.998 11.015 
-0.812  0.094 -1.534  0.625  6.186  5.273 12.107 10.339 14.807 12.076  8.842 
 0.399  0.577  2.514  3.696  8.381 12.670 11.221 10.020 13.914 11.446 14.779 
-3.287  0.114  3.112 -0.015  3.923  9.849  5.244  9.230  9.653  9.716 17.802 
 0.493 -0.595 -0.037  3.241  7.269 11.180 13.051  5.085  4.232 12.978 13.027 
-0.232 -0.053  4.939  3.403  7.143  2.327  6.901 11.736 12.752 14.328 14.172 
 4.475  6.716  4.699  6.314  9.384  6.159  6.532 13.996 10.337 11.610 12.030 
 2.372  1.338  2.709 -0.331  5.851  2.964 10.123  5.635 11.382 12.584 14.192 
 1.375  4.079  0.441 -0.267  0.776  2.479 11.205 13.856 13.988 14.728 18.861 
 0.227  5.982 -1.631  5.528  7.406  9.205  7.820  9.926  8.723  7.945 17.986 
 1.399  1.567  4.983  5.356  7.451  7.307  9.547 11.939  7.421  9.090 19.123 
 3.329  1.453  2.063 -2.138  7.869  8.263  9.409 13.304 12.414 15.812 14.363 
 0.991 -0.287  3.759  6.487  5.008 13.632  6.545  9.992 13.261 10.963 12.910 
 0.973 -0.594 -0.158  5.536  7.386  7.886  8.625 17.457  8.883  6.737 14.381 
 4.640 -3.823  3.790  1.592  6.478  4.128  7.107 11.016 10.243 14.009 14.319 
-2.503  3.415  8.099  8.006  1.198  4.591 11.205 10.162  8.457 11.734 12.431 
 2.477  0.866  2.233  3.422  1.485  2.969 14.930  9.304 10.585 15.789 20.391 
 0.673  2.786  3.726  3.668  6.879  7.774  9.076 10.287  9.607 14.337 20.448 
 1.916  6.905  3.554 -7.081 -1.770  7.831  8.829 15.384 16.673 11.151 15.915 
 3.062 -0.123  5.383  6.847  5.456  3.274  2.094 11.753  9.978 11.121 18.068 
-4.476  0.188  2.596  8.773  6.342  7.245  6.952  6.800  7.837 17.605 11.405 
-2.477 -0.767  3.358  8.380  2.835 17.068  6.543 10.187  8.289 14.213  8.983 
 0.696  0.565 -2.261  7.819  4.543  6.091  8.143  9.528 14.188 14.006 16.821 
-1.659  3.168  5.123 -0.698  6.425  6.857 10.193  9.633 11.613  8.726 16.110 
 6.030  7.123  4.814  3.492  9.771  4.655  9.065 14.256 13.947  7.744 15.305 
-1.186  3.772  0.006 10.110  7.559  3.842  6.402 11.580  9.858 11.779 12.279 
-0.701 -4.040  2.058  3.186  7.788  7.027  9.144 10.622  8.931 13.838 15.002 
-10.888  4.141 -0.077  4.434  6.978  4.916 12.650 11.643 15.934 10.922  6.712 
 2.512  5.084  7.654 -3.776  2.166  7.916  7.909 13.279 12.989 16.639 12.952 
-1.066  1.631  4.421  5.654  4.329  1.028  6.974  7.244 10.875 13.080 13.144 
 4.196 -0.184  0.880  4.890  4.325  4.925 10.607  7.083 12.185 13.881 18.174 
-4.959  4.728  1.609  6.905  4.653  8.727 12.473  9.182 11.127  6.822 11.861 
 1.795  4.287  7.420  0.603  3.232  5.751 10.507  0.194 12.545 12.332 14.799 
 2.903 -5.188  8.869 11.307  3.243  4.982  8.228  7.776 11.059  8.165 16.582 
-4.003  0.014  5.078  8.185  6.103  6.374  9.559 10.070 10.670  8.921 16.640 
-6.212  3.821  1.218  6.427  1.984  7.652 11.062 10.570 11.538  9.999 13.908 
 4.238  2.329  5.592  7.615  8.339 12.417  8.065 10.053 13.702 12.749 15.857 
 0.475 -2.267  7.357  4.294  6.434  7.739  5.373 11.471  6.377 16.429  9.954 
-4.173  5.771  0.145  1.937  1.630  8.252  7.067 13.155 15.932 11.940 13.728 
-0.908 -0.228  5.670 -0.152 -4.224  6.961  9.598 12.422  9.348  7.490 11.934 
 4.213 -0.659  2.914  4.688  6.309  6.126  7.905  7.889  6.700 16.826 12.905 
-0.151 -1.674  7.138  2.798  6.856  5.690 11.169 11.859 12.771  5.236  9.779 
 4.967 -1.660  1.402  3.780  4.686  8.491  8.934  8.667 13.327 11.121 19.055 
 0.022  2.054  3.385  7.720  5.431  6.227  1.531 11.087 17.943 13.759 17.108 
 4.095  3.360  0.327  6.877  1.631  9.793  6.789  4.492 10.516 12.470 19.373 
 1.095  0.685 -0.675  7.958  4.348  4.213  4.867  5.836  9.978 13.957 10.317 
 4.057  0.378  2.286  4.760  8.295  6.042  8.983 13.469  9.614 12.175  7.796 
-2.093  2.040  5.228  8.731  1.155 -1.091  2.365 11.960  9.797  9.893 14.574 
 1.676  3.965  4.089  4.573  7.511  7.328  7.957 11.514 11.401  9.202 11.369 
-1.162 -5.165  5.573  6.716 10.075  5.737  5.401  9.655 14.691 15.651 21.337 
 1.835  1.265  3.388 -1.620  8.861  5.101 10.611  7.489  7.831 17.235 14.142 
-6.188  2.175  8.272  3.829  2.496  5.205 10.944  4.099 16.078 17.124 11.249 
 3.131 -4.068  7.621  7.218  6.695  6.372 12.509 11.675 13.154 14.108 11.348 
-1.086  3.652  2.135  3.458  3.874  3.983 16.805  5.779 15.800  8.251 21.351 
-1.830  1.284 -0.249 -0.755  7.059  4.824  9.884 14.147 10.288 19.052 20.073 
-0.666 -2.307  1.757  4.910  6.141  4.493 10.614 12.217 13.800 15.027  9.310 
-0.511  1.592  4.529  6.697  8.065  9.932  6.498 13.549 13.762  9.976 14.072 
 0.396  2.853  1.534  2.124  5.591  9.396  6.467  7.003 16.995  9.806 13.344 
 7.574  4.454  5.476  6.917 -0.549 12.260  9.351 13.065  9.717 15.400 15.210 
-1.989  5.294  3.786  8.155  1.254  6.115  8.167 13.403  7.150  6.687 13.249 
 7.243  5.702  0.777  3.767  4.986  5.019 10.690 13.147 15.609 12.525 14.546 
 6.773  2.358  5.493 10.770  5.177  8.766  8.300 11.433  8.996 14.654 12.028 
 2.275 -0.919 -0.688  2.903  9.263  8.688  7.899  8.500 14.232  6.418  9.005 
 3.579 -1.631  0.187  2.662  8.409  4.052  2.901 14.382 11.018 10.665 17.640 
 0.995 -0.275  5.939  1.389  6.728  7.382 11.128 12.165 13.548 13.064 12.547 
-2.389 -0.118  6.233  3.822  5.165  7.729  3.262  9.285 10.434 11.832 17.429 
-0.880 -3.467  3.125  7.152  0.822 10.471  1.144 11.921 11.658 12.613 16.136 
 2.725 -4.249  2.418  4.497 12.634 11.257  9.249 13.375 13.772 15.279 15.928 
-6.210 -2.684  0.335  1.442  4.143  7.687  7.150 11.290  7.666 16.783 16.582 
-5.478  8.020  8.583  3.003  9.009  3.460  5.085 13.659 10.834 10.483 15.855 
-1.450  3.076  0.170  7.449  5.284  7.406 10.845  4.189 11.125 15.171 17.574 
-1.547  0.921  3.860  7.216  7.099 10.298  9.087  5.353  8.648 16.234 21.166 
 3.677  3.901  0.298  4.922  5.727  6.952 11.279  8.952 12.379 14.010 16.828 
-0.886 -3.708 10.153  4.256  1.745  4.146 11.039 10.097  7.123 11.371 15.395 
 6.999 -1.734  6.391  7.346  7.373  3.327  8.912  3.493  7.848  9.899 15.332 
-1.572  2.362  6.488  5.480  7.631  6.603 13.976  6.394 14.753 11.908 20.786 
 0.765  4.649  6.454  1.231 10.139  3.669  3.305 10.928 12.126  9.997 13.480 
-0.534  4.349  2.079  6.069  7.374  6.127  1.185 11.822 16.372  9.077 15.795 
-3.246  0.311  4.035  1.186  5.472  3.231  6.839  4.698 10.852  9.037 11.821 
 3.960  1.015  3.578  5.137  6.857 11.504 10.859  9.563 12.921 18.070 15.614 
-1.003 -1.116 -1.042  2.260  3.266  5.609  7.839  7.120 14.920  5.237 13.645 
-1.117 -0.213  4.505 -1.912  8.355  3.323  5.678  8.651 12.242 10.078 18.836 
 0.487 -1.084  1.655  8.150  7.410  4.738 10.216 10.967 13.160 15.855 14.119 
 1.471  2.348 -0.135  3.200 -2.510  8.494  5.718 11.547 10.186 13.311 11.437 
 2.831  2.010  3.866 -0.111 -0.100  9.251  7.772  7.867 19.328 15.024 12.011 
-1.819  5.418  5.930  9.211  4.669  5.125  6.967  8.130 12.439 17.430 14.585 
-0.331 -0.340  4.057  4.710 10.141  2.475  9.815 12.842  9.239  9.883 15.000 
-0.388 -0.373  5.165  5.441  8.052  5.289 12.602  9.885  8.946 12.493 13.781 
-2.151 -1.781  0.468  3.124  8.223  2.082  7.757  6.707  9.991 10.872 10.256 
-0.280 -7.496 -0.559  3.789  6.091  7.411 11.820  9.905  9.339 14.744 11.480 
 1.341  0.260 -0.151  3.038  4.102  5.497  4.179 11.110 12.872  9.849  9.402 
 0.528 -0.375  2.714 -1.093  3.755  6.798  5.532 12.069 10.456 10.588 17.131 
-0.515  0.929  4.487  4.220  0.725  2.107  9.422 15.776  8.025  7.861 13.768 
 0.698  5.058  5.036  6.735  4.275 10.151  3.188  7.099 13.701 15.028 15.124 
 0.419 -0.481  2.025  2.817  2.605  2.287  7.359  8.662 11.805  9.465 15.130 
-2.044  7.763  4.640  6.899  3.235  6.131  4.385  0.317  8.144 15.929 17.844 
 0.034  4.743  5.028  4.236  2.076  6.930  3.406 13.300  7.983 10.280 11.352 
-1.581 -3.304 11.731  8.666 14.104  3.647  6.185 12.949 10.485 12.150 15.909 
-1.456  2.597  3.411  6.439  6.644  5.305  5.822 11.768 11.106 16.142 17.973 
 0.434  3.098  5.992  3.537  6.526  5.981  8.270 11.881 13.209 14.750  8.666 
 1.356 -5.018  6.304 13.275  5.300  1.394  7.359 14.602  9.061 13.740 16.424 
 1.065 -2.674  3.135  8.890  7.276  6.708  9.498 11.893  7.116  9.834 14.022 
 1.277  3.944  4.221  1.997  2.791  5.136  3.343  7.807 13.229 16.189 11.930 
 6.124  0.896  0.309  1.688  2.634 11.116  1.459  5.738  8.760 14.919 16.594 
 0.430  0.647  3.549 10.581 10.550 10.888  6.924  8.708 12.185 13.098 13.100 
 1.692  8.042  2.585 -2.412  5.781 10.270 11.036 17.457 11.567  9.493 15.745 
 3.326 -1.972  0.010  3.520  7.736  6.859  4.532 11.073 16.783 12.085  9.279 
 0.874  1.420  1.649  1.118 13.726  6.867 12.149 10.014  8.056 15.865 19.006 
-2.655  2.283 -6.410  3.925  8.468 11.690 12.515 14.900 16.829 13.294 14.437 
-3.517 -2.923 -3.536  3.592  2.212  7.651  2.649 10.744 10.197 16.927 19.589 
-3.990 -1.591  0.250  5.185  8.243  3.803 11.153 11.690 11.690 11.522 11.816 
-0.032  5.718  0.825  0.051  6.825  0.753  9.964  6.685 14.455 15.313 13.414 
-2.072 -5.590  4.068  9.250 11.439  0.794 13.610  6.519  4.898 12.947 13.810 
 1.446  0.054  0.238  8.739 -0.195 10.591  2.996 11.320 15.725  9.762 15.220 
-2.055 -1.525  0.590 -3.029  3.538  5.387 10.450 10.686  6.089 14.067 14.868 
-1.609  4.846  5.049  5.864  6.456 11.430 12.232  5.896 10.450 16.306 16.187 
 1.876  4.606  1.573 -0.242  5.306  5.808  9.778 12.579 14.156 13.439 11.438 
-1.122 -2.252  0.689  1.292  5.240 13.047 13.061 13.339 14.482  7.815 15.593 
 3.730  3.384  2.371 -1.353 10.113  7.107  5.687  8.517  7.932 10.601  9.840 
-2.093 -5.629 -4.513  2.260  2.434  9.903  8.486  4.679  9.191  9.568 15.036 
 7.079  2.062  7.218  3.152  7.272  2.602  3.546 14.141  7.447 14.456 12.984 
-4.481  5.977  3.131  4.170  6.064 10.631 11.111  7.946  7.646 12.557 12.418 
 4.623  2.982  3.012  1.869  5.481  3.678  8.453 11.669 13.801 14.812 17.449 
 0.289  3.500  7.509  8.717  1.913  9.673  8.456 13.105 12.471 14.115 13.325 
-6.832  3.320  3.246 -3.620  6.892  2.156  8.137 10.545 10.822 17.790 13.277 
 1.252 -3.801  0.533  8.839  0.512  7.944  2.964  8.526 13.206 11.716 14.142 
-2.999  1.835  7.138  5.083 11.963  9.358  8.818 10.610 11.636  9.249 12.496 
-0.548  5.936  6.594  3.261  0.057  7.957  8.400 10.283  9.970 13.320 16.335 
 3.815  3.895  5.716  5.538  4.022 10.168  4.443 12.114 13.971  5.375 15.574 
-0.355 -0.854  2.323 11.761  3.923 10.163 10.726  9.868  7.109 15.150 12.515 
 0.531  1.504  5.976  2.482  4.638 11.423  3.853  5.080 11.114 15.994 18.383 
-2.607  5.191  3.904  4.891  2.664  9.227  9.790 12.689  6.110 15.619 12.492 
 3.610  8.126  4.963  1.740 -0.052  7.033 14.360 14.640 14.049  9.334 14.103 
-6.218  1.894  5.166  2.610  5.262  6.211  9.580  9.596 17.309  9.231 16.465 
 1.321  2.414  0.154  8.913  4.994  6.990  4.395  6.701 12.232 10.779  8.252 
-2.840  7.032 -1.749  0.937 15.541  1.339  7.303  9.845 10.313 15.042 10.570 
 0.624 -6.597  4.635  6.565  2.488  7.783  1.918  9.012 12.103 15.563 13.407 
-6.892  6.599  3.472 -0.216  7.371  8.152  7.199  8.560 12.342 15.251 12.371 
-6.192 -1.717  0.121  5.163  5.466  7.950 11.398  8.565 11.133 14.793 15.301 
-5.848 -2.011  1.674  3.860  5.703  7.043  6.742  7.070 10.965 12.835 11.919 
 0.608  1.193  3.119  7.622  2.538  5.915  4.956 10.631  9.052 14.364 12.106 
-4.605  3.089  5.826  4.147  1.988  2.651  8.924 14.095 13.439  8.834  8.415 
 2.035  8.990  2.420  7.592  4.079  4.073 13.031  8.161 17.933 13.143 15.789 
-3.340 -1.234  6.377  3.065  9.607  4.861  4.864 11.576 12.965 12.559 14.268 
-5.584 -1.600  1.628  8.827  4.461  6.449  9.727 13.434 12.662 12.923 11.083 
 0.834  1.968 -2.358  7.799  6.291 -0.592  9.531  9.114 12.456  9.089 15.618 
 3.156 -0.805  8.351  6.539  2.099  8.694 11.325 10.266 13.752 12.492 14.614 
 8.338  0.650 -0.675  2.166  3.957  0.677  6.997  7.110 17.002 15.287 17.811 
 0.683  2.763  4.433  3.373 10.718  1.368  5.371 10.925 11.874 12.953 16.930 
 0.308  2.654  2.156  3.686  5.896  5.150  5.822  2.514 13.316 11.632 19.605 
 2.350 -2.600  1.318  0.843  3.187 11.612  5.171 10.256  9.996  7.949 17.055 
 3.314 -0.315  4.263  6.184  5.644  9.258 11.486 12.225 12.395 15.437  8.768 
 1.447  3.654  2.163  9.533  4.468  4.889  7.440  7.458 13.188 13.928 13.883 
 0.958  5.245  2.183  2.228  2.181  7.804  9.177 12.029 10.533 15.660 20.276 
-1.856 -0.886  0.716  6.067  1.699  7.146 13.281 16.353  7.337 12.245 11.052 
 0.859  3.097  1.629  8.244  2.851  2.888  9.391  7.546  3.645 13.841 16.319 
-3.895  2.796 -1.548  5.391 10.101  3.784  5.058  8.780 13.448 12.419  7.960 
-1.237  4.376  4.503  4.752  5.085  2.189  2.460  9.454 11.149 15.062 13.844 
-1.976  2.093  0.092  4.597  0.008 11.918  8.273 12.563 17.805  7.147 19.084 
-2.302 -1.326  5.118  4.199  6.316  3.284  9.241 13.236  7.743 15.183 19.125 
 0.115 -2.302  2.502  6.161  2.607  7.269  7.246  5.326 14.855 12.744 15.266 
-0.647 -1.821  1.924  1.597  7.001  2.808  9.017  4.381  8.145 17.233 16.336 
 5.846  1.789  6.130 -4.552  6.722  7.520 10.523 11.202 13.220 17.877 14.711 
 3.882 -3.118  0.953  5.032  1.853  7.484  5.534  4.428  7.999 16.164 16.364 
-2.253 -5.855 -3.696  0.113  6.009  8.835  6.420  8.572 11.392 13.066 12.929 
-0.066  4.342  3.915  4.217  0.703 11.173  6.973  8.979 12.417 15.213 12.479 
-6.364  5.106  3.703  7.915 12.104 11.464  0.187  7.814  8.519 11.684 16.248 
 1.648 -7.370  3.754  0.150  5.196  5.416 11.371  9.340 10.357  6.121 14.955 
-0.743 -1.566  0.859  7.939  6.321  7.273 10.814 10.260 18.192  9.709 17.610 
 3.141  2.704 -0.308  4.630  5.470 11.375  9.882 10.034 15.690 14.118 16.776 
 0.727 -1.501  3.203 -1.160  2.874  7.596  8.260 16.306 14.963 13.829 14.885 
 3.457  5.935  0.966  7.169  6.102  9.589  6.706  9.979 13.757 11.995 17.808 
-4.076  0.342  7.180  4.888  9.202 11.346  8.521  6.535 12.253 14.922  9.924 
 3.063  1.016  3.121 10.154  4.301  9.192 13.988 13.340 13.010 16.539 13.083 
 3.165 -0.910  4.827  4.047  3.833 10.203  7.340 12.416 10.234 13.799 12.281 
 1.006  4.231  9.490  5.515  5.844  9.813  9.917 11.366  8.568 12.103 12.577 
 2.729  3.698  5.293  3.942  4.467  9.367  5.915 16.785 11.519 13.168 13.473 
-2.899  2.394  2.656  1.719  7.843  7.574 12.699 14.132  9.458  9.188 12.111 
 5.647 -0.486 -1.519  0.728  1.969  5.833 14.274  3.877 13.285 14.387 19.419 
-2.614  0.424  4.420  4.511  4.803 13.554 13.593  4.647  3.314  9.841 16.208 
 5.304  3.497  7.285 10.991  7.298  3.385  9.615 10.256  9.016 14.933 16.342 
-3.179  2.924  5.766  3.763  6.217 10.443  5.849  7.559  8.926 13.482 18.831 
 1.233  4.938  4.521  1.832  6.760  0.389 13.565 12.329 11.514  7.557 10.185 
 4.896  4.444  0.712  1.142  2.784  3.929 13.253  7.091  7.642 17.571 14.956 
 2.417  7.494 14.389  8.860  2.341  5.056  4.301  6.363 13.670 15.149 10.868 
 0.586  1.805  5.673  3.936  1.974  9.019 12.673 11.265 12.137 11.048 16.478 
 2.698  4.860  5.109  1.735  7.167  8.480  7.878 14.536  6.256 12.828 15.865 
-0.663  1.163  6.000  8.194  7.180  2.741  7.520  8.363 11.318 14.307 14.778 
-0.505  2.764  3.888  0.749  7.404  2.161 13.583  7.466 11.279 10.378 16.079 
-0.546  0.344  0.617  4.348  5.325  3.514  5.647 18.535  7.640 13.761 13.348 
-2.952  2.264  4.387  1.832 -0.759  4.487  7.162  9.325  7.255 13.090 13.406 
-1.132  1.365 -0.492  5.188  4.429  7.754  8.690 15.240 13.934  9.735 14.663 
 2.853 -0.762  8.252  9.042  4.636  5.122 11.522  8.733 10.751 12.851 14.457 
 0.295  5.334  0.037  3.107  7.904  5.337  8.851  8.452 13.626 14.718 10.931 
 4.401 -2.692  2.858  5.049  3.530  8.066  6.698 14.611 14.909 15.500 17.578 
 3.037  6.008 -0.967 -1.688  2.852  6.567  5.520  8.740 14.813  8.068  9.513 
-2.205  0.801 -1.311 -0.081  3.079  7.384 17.866 13.924 11.520 14.545 14.271 
 5.416  4.174 -4.800  4.340  8.248  4.263  4.115 12.007 12.082 14.320 17.277 
-5.796  4.009  0.259  2.730  7.923  7.911  9.997 16.031 12.922 15.913 13.407 
 4.120  1.370  4.783  6.174 10.280  6.483  6.764  7.461 14.452 13.528 20.301 
-3.314  3.021 -0.861  6.267  4.926  4.984  5.804 13.103 10.868  8.637 11.049 
 0.284  1.359  4.159  5.954  6.946  7.618  7.658 11.950 12.833 12.787 16.904 
-4.957  4.249  1.946  4.253  4.628  8.898  0.807  6.455  8.522 12.095 12.343 
-2.072 -1.454  2.933  7.126  8.831  8.814 10.740  9.837 13.096 14.576 13.178 
-4.023  6.459  7.339  3.782  4.077 13.583 13.415  6.532 13.227 12.046 10.803 
 4.480  3.919  1.212  3.029  7.040  5.202 12.065 10.441  7.729 11.801 15.133 
-1.783  0.938  4.902  6.631  4.913 10.569  9.106 10.536  8.736 16.832 13.100 
 4.258  1.101  2.427  7.874  7.495  3.937 10.215  9.695 11.740 15.443 11.876 
-1.344  6.142  5.651  9.738  8.798  2.909 12.759  9.581 10.666 13.828 12.584 
-3.756  2.816 -0.759  4.828  5.395 10.551  8.328  9.309 10.542  9.034 14.176 
-3.892  4.546  3.993 -0.878 10.108  3.268 10.166  5.156 11.295  8.594 15.644 
 1.387  0.833 -0.828  9.030  7.721  4.050  8.606  8.541  9.469 16.241 17.637 
-1.333 -1.952  3.999  4.038  8.519  9.032  7.196 12.958  8.555  9.855 15.416 
-5.104 -2.468  6.605  4.237  4.832  2.199  3.140  5.338 11.204 17.986 18.576 
-1.253  2.162  1.458  0.322  2.835  8.863 12.376 10.205  8.259 16.213 16.743 
-3.313  2.314 -1.204  6.361  8.919  6.082  9.299  5.842 11.484 18.235 12.715 
 2.296  1.780  4.596 11.893  7.147  6.006 10.784  4.079 10.563  9.992 12.618 
 2.723  4.292  0.205  9.607  6.890  8.443  7.363  8.376 15.067 15.576 11.210 
-3.539 -1.286 -0.981  4.285 11.129  0.915  5.118  6.160  7.363  8.971 19.765 
 2.508  4.695  2.283  7.332  6.661  7.390  2.641  9.951  9.308 12.070 17.303 
 1.529  4.690  3.666  1.216  1.873  9.401  6.678 11.524 14.882 15.737 16.836 
-0.574  5.202 -3.976  4.214  7.179  3.614 11.689 11.996 12.652  7.040 11.125 
-1.652  6.799  5.759  6.824 10.013 10.772  8.374  3.650 10.065 11.709 10.213 
-3.961  2.025  0.771  2.749  5.606  7.277  9.995  9.158 12.824 12.353 14.351 
-3.553  0.137  3.019  5.466  6.966  4.357 10.911 12.653  8.359 15.537 11.422 
-0.464 -3.163  3.611  2.970  4.197  5.008 14.751 10.063 10.461 15.876 13.316 
 0.071  0.414  3.512  4.216  9.744  9.539  7.401  7.763  9.167  8.558 14.339 
 2.229  0.141  5.840 11.181  8.452  9.875  9.766 15.345  9.221 17.918 11.470 
-2.553 -1.110  1.656  5.369  3.418  7.990 13.432 15.017  9.287 12.548 17.171 
 2.435  2.337  3.622  6.580  2.100  5.574  7.433  6.627  9.726 16.009 10.279 
-1.201  2.884  6.114  3.455  3.485  5.407  5.252 14.646  8.695 12.349 13.154 
 1.174  6.804  1.360  3.274  9.187 10.906 10.419  5.846 10.826 10.803 19.296 
 1.500 -4.367  6.169  3.800  3.865  8.571 11.061 14.358  8.593 14.533 15.155 
 0.262 -2.300  8.755  2.125  4.675  9.237 11.179  1.310  6.884 11.642 20.288 
-0.386  4.277  2.793  1.829  7.102  5.213 11.587  6.327 10.389  8.331 10.821 
 0.055 -3.192  4.669  2.486 13.830  8.049  7.300  9.708 12.156 15.260 12.188 
-2.560  0.515  4.011  5.544  6.298  9.609  9.224 10.694  8.192  4.760 12.263 
-5.355  3.064  0.798  8.844  2.282 11.500 10.952  9.463  9.790 18.072 13.011 
 0.916  2.001 -2.938  4.922  6.705  2.698  7.082 12.790 11.987 12.194 18.437 
-4.946 -4.814  2.400 -1.146 11.238  6.265  9.031  7.537 17.093 11.742 17.395 
 0.035  0.679  1.854  0.704 11.044  4.319  7.720 11.719 11.059 12.391 20.895 
-2.042  1.644  0.381  6.456  3.513  7.361 19.374 10.113 15.388 13.092 15.347 
 2.094  1.323 12.485  3.540 13.826  8.309  8.813  8.399 17.074 11.208 17.540 
-2.214  6.480  2.120  5.467  8.604 12.071  8.390 10.370 17.761  7.537 12.013 
 2.572  0.733 -1.049 12.160  4.278  9.837  7.049 11.655 12.749 10.729 14.611 
-2.712  3.016  5.487  4.631 10.736  7.266  8.694  8.030  7.957  5.964 12.540 
-1.728 -5.430  1.681  7.806  2.231  8.716 10.415  8.041 11.367 13.735 11.900 
 2.090 -0.080  1.778  4.337  6.256  5.359  2.501 14.001 11.919 10.175 15.245 
-0.868  4.527  6.750  8.969  6.858  9.918  5.530  8.158 14.888 11.100 18.208 
-0.976  5.190  7.969  3.032  6.807  8.436  9.313  6.533 12.391 12.008  9.073 
 2.595  2.328  5.741  2.866  4.696  3.803 11.866 13.677 14.724 15.650  8.154 
-0.581  8.127  3.453  3.327 12.122 11.385  6.454 13.291  7.461  7.145 13.453 
-3.650  2.553  4.972  3.281  4.285  0.884  6.547 11.065 10.986 11.469 13.730 
 2.918  5.487  2.333  5.509  4.880 10.607  6.597  8.026 10.088 14.360 18.645 
-5.243  8.062  3.896  1.694  4.266  4.881 11.608  7.551 10.781 10.396 14.407 
-1.838 -4.464 -0.403  3.635  8.634  5.001  2.445  8.521 12.638 12.846 14.898 
-1.174  2.305  2.167 10.240  5.444  9.164  7.122  6.783  8.363  8.768 13.405 
 0.899  5.873  8.239  5.123  2.741  3.480 11.484 10.337  8.635 13.750 13.476 
-1.049 -5.075  4.025  7.963  1.798  6.799  7.826  8.663 10.589 18.657 15.777 
-1.738 -2.641  6.236  5.994  6.776  5.674 10.341 13.967 10.708 13.711 12.991 
 1.061  2.948  5.307  5.853  7.597  7.198 12.629 13.320  4.343 14.284 12.132 
-1.990 -4.437 -1.572 11.462  8.640  3.448  7.272 12.043 14.396 11.467 15.399 
-0.299  5.284  2.240  4.047  5.046  7.099  7.810 10.200  3.635 17.578 10.768 
 7.109  2.441  1.074  7.894  8.638  3.835 10.008  1.503 14.351 14.754 13.855 
-3.698  3.448 -2.480  0.249  3.769  9.186  5.953 17.629  8.031  7.939 18.892 
 6.876 -0.238  7.021  5.827  5.601  9.164 12.571  8.841 15.618 20.161 14.532 
 4.212  4.408  1.444  3.572  8.525  2.186 12.058 15.814  7.977 17.345 11.331 
-1.774  7.161  3.536  2.918  1.894  0.606  3.485 13.093 10.879 17.635 18.428 
 2.787  1.711 -2.357 10.610 -1.766 10.138  5.579  3.492 12.365 13.758  9.082 
-4.153  0.134  3.315  5.337  4.454 10.280  8.016  8.485  9.774  9.875 15.875 
 1.102  4.897  2.087  1.624  6.608  5.752  9.077 10.640 10.794  9.321 13.318 
-1.157  0.505 -0.349  3.428  9.217  7.010  8.357  9.436 13.536 13.545 17.178 
-2.183 -3.460  4.667  3.569  0.751 11.443 10.231 11.127 14.522 16.443 16.198 
 3.478 -1.676  7.588  5.794  2.974 12.131 10.296  2.002 17.128 10.046 11.900 
 0.469  0.152  4.436  4.402  6.222  4.499  1.563  5.887  9.530 11.055 13.766 
 2.403 -7.031  5.105  4.509  4.896  9.205 12.658  5.348 13.488 11.209 13.100 
-6.855 -1.092 -1.703  5.151  7.176  7.275  8.565  6.386 11.055 16.148 13.242 
 1.075 -1.195 -1.554 -0.901  6.330  8.542  2.644  7.629 12.296 15.502 15.689 
 4.699 -0.117 -4.256  3.578  7.719  4.929  6.894  9.337  7.703  6.112 17.047 
 0.897 -2.885  6.343  8.122  2.936  3.586  5.119  4.659 15.082  7.585 13.125 
-1.033  1.904  0.150  6.516  7.326  7.779 10.407  8.598  8.430 12.664  8.993 
 4.744 -0.110  3.598 -3.067  2.107  3.055  5.191 11.135 13.514  8.685 10.768 
 0.581  0.100  5.985  3.944  7.855  8.993  5.858 12.641  9.288  9.450 13.776 
 1.158  0.202  5.952  2.320  1.332  6.526 14.308  9.569 13.499 10.007  7.850 
-4.943 -0.902 -2.271 10.796  9.000  9.138  8.487 14.620 12.331 16.062 11.904 
-4.887 -0.889  6.480 -0.045  9.728  8.414  8.522  8.850 15.138 11.927 12.942 
-6.786  0.324  0.465  2.075  8.699 11.138  7.707 13.343 15.361 13.490 13.862 
