 3.028 13.055 10.409  7.407  8.930  3.778 13.161  4.737  5.239  9.953  7.481 
 8.142 12.110 10.782 12.767  8.122  9.304  5.162  5.362  9.137 10.383  7.327 
12.995  7.214  9.103  7.100  7.386  9.087  6.875  7.426 10.421  6.853 12.249 
-1.726  9.172 10.809  3.316  7.933  7.744  6.876 10.270  6.055 12.715 15.515 
 7.789 13.851 13.121  7.738  4.647  8.656  4.288  7.538  5.331 12.856  7.867 
 7.455 11.462  9.604  7.892 10.646 10.364  7.777  7.979  5.514 11.350  8.759 
10.156 11.021  9.968  8.554  4.950  7.556  6.790 10.815  9.917  8.626  8.909 
 8.880 11.883 11.180  7.984  0.743 11.863  6.471  7.107 12.617  6.154  9.895 
12.369  8.156  6.943 14.492  8.970  6.362  5.329  6.300  2.651 10.367  9.578 
 6.232 10.725  7.618  3.660  6.735  8.644 10.912  2.946  4.621  5.304  9.915 
 6.394  8.582  7.826  5.578  2.032 10.699  0.976  5.928  3.306 17.605  9.825 
 9.780  6.447  7.573 12.470  8.493 11.721  8.909  5.100  9.807 12.271 12.823 
 6.088  9.291  6.256  7.331  4.473  4.334  6.675  1.872  6.647 10.104  7.047 
12.654  6.231 14.795 10.932  6.782  9.389  7.191  6.386  9.464 10.596  5.395 
13.355 12.052  4.051  5.764  7.203  4.905  6.921  8.518 10.636 11.514 15.598 
 7.658 13.240  2.883  4.152  7.684 13.458  7.906  8.374  7.121 12.427  8.067 
 6.857  6.847  8.297 10.370  2.046  1.823  7.279  7.434  4.812  9.849  8.025 
13.326  5.458  8.576  6.884  4.508 10.875  7.218  3.688 11.251  8.102  6.447 
 7.762 10.596  2.497  1.662  3.427 12.922  4.072  8.982 10.015  8.765  7.881 
12.012  7.926  6.989  7.969  3.294  0.909  4.975  7.281 10.394 11.105 12.782 
10.226  6.902  2.049  4.525  5.356 11.009 10.721  4.293 11.762  8.099  5.204 
10.581 13.852 10.715 -0.269  4.888  5.829 10.005  7.199 11.147 10.887 14.807 
 9.515  7.733 -0.993 15.214 12.244  2.290 11.798  6.616  6.084  7.793  4.918 
 6.394  9.553  9.182  2.070  6.873  7.537  9.237  9.392 11.071 13.728  7.840 
 6.326  3.851  8.345 -1.103  9.682 11.573 10.414  7.115 10.572  8.564 13.167 
15.196  9.243  9.552 10.459  7.914  9.653 12.806  5.826  9.391  7.044 10.523 
11.119  9.517  7.878  4.526  6.125 12.896  5.987 10.071  8.283  8.378 11.747 
11.724 10.029 14.320  4.845 11.331  5.404  7.362 12.201  4.066  8.514  4.733 
14.638  9.125 10.424  4.797  6.951  0.570  5.320 10.638 13.247 10.237  6.920 
 6.166 12.919  9.034  9.350  9.984  6.210  5.632  8.238  6.308  9.535 12.294 
12.266 12.616 13.246 10.319  7.698 12.162  9.187  4.764  8.401  7.363 10.894 
12.875  8.449  9.273 12.318  8.447  6.020  8.776  3.910  3.711  9.447 13.184 
15.286  7.640  9.324  6.119  8.346 10.826  9.534  9.726  4.713  9.351 15.120 
 9.108 12.937  3.007  7.558  7.751  4.390  8.133  9.328  4.574 10.806 10.965 
13.913  8.535  6.692  9.642  4.314 11.834 11.075  6.940  8.367 13.050  9.498 
 6.534 11.050  8.000  6.896  8.969  5.482  8.955  9.152  9.546  5.882 12.105 
 8.070 10.906  6.905  9.714 10.418 10.509  5.185  8.625  6.619  9.321  6.977 
12.401  9.231  6.110 10.213  9.430  7.012  6.906  9.081 10.450  8.918  9.729 
 9.846  7.380  9.296 11.536 11.462  6.361  7.801  5.453  9.667 13.007  7.673 
13.218 12.844  6.820 11.072  9.564  6.204 15.185  7.998  8.568  5.205  8.388 
11.920 10.510 10.954 11.377  8.000  8.520  3.117  7.650  3.839  6.666 12.858 
 6.238  8.424 11.318  7.812  8.574  7.357  7.422  5.630  6.423  3.897 14.522 
10.661  2.512  7.936  3.080 13.099  6.884  3.893 14.056  3.425  6.466 10.066 
 8.509  7.584 12.616  8.893  4.698  7.466  6.420  3.969 10.212  7.647 14.183 
17.950 10.085  8.885  7.327  7.103  8.021 10.963  0.932  9.195 10.790 12.818 
 5.156  7.758  5.491 11.638  2.326  7.195  3.840 10.224 11.611 10.333  8.081 
10.086  8.812  5.797 11.785  7.095  6.668  2.260  5.506 10.595 12.424 11.184 
13.169  9.862  7.887  6.267  5.140  6.008  8.861 11.181 10.960 13.731  9.620 
12.618  8.977 10.907  8.484 12.309  8.149  9.569  5.104 -1.503  7.752  9.225 
11.161 17.453  6.601  2.275  3.562  7.964  9.554  7.528  7.056  7.686 11.651 
11.315  7.280  8.192  6.899 11.975 10.597  8.303  3.162  3.134  5.319  9.526 
12.385  9.583  4.495  8.856  9.791  5.522 -4.598  7.496 15.775 15.463  8.736 
13.474 13.199  3.255  7.303  9.726  8.512  8.765  7.798  4.582 12.571 17.928 
 0.650  7.084 10.576  5.587  8.145  7.800  4.660 10.870  5.690 10.386  5.173 
 8.932 11.845  9.783  5.179  8.347  1.086  5.222  6.483 11.718 10.476  5.026 
15.636 11.155  3.670 13.812 10.113 12.040  0.150  6.844  6.948  5.340 11.212 
14.999 10.598 10.978  8.385  8.972 14.205 10.624  3.967  7.635  5.883 12.226 
 8.922 12.476  3.599 13.892 12.637  7.123  2.982  9.477 10.580 11.966  3.734 
 9.357 11.935  3.834  4.368 11.434  6.713  9.217  9.666 12.174  7.492  6.523 
10.268  4.929  9.579  4.780  6.320  6.390  9.502  8.721  6.924  3.609 11.328 
 8.015 10.055  6.281  6.808 11.078  6.170 10.427  2.061  3.468 10.036 10.492 
11.264 10.478 13.260 10.493  6.854  8.827  2.886  5.958  6.172  5.934  8.176 
 5.055  6.516  8.848  7.065  9.859  4.580  7.613  5.336  7.478  9.469 11.098 
 4.584  9.872  2.206  4.332  4.089  8.769 10.741  6.396  2.349  7.333  8.050 
11.837 10.427  5.499  9.009  8.121  6.647  3.415 10.411  8.681 13.495 11.539 
14.970  9.833  5.263  7.539  6.362  8.943 10.924 11.304 11.392  6.585  9.340 
11.791 15.948 12.200  7.103  9.812  9.298 10.044  4.609  7.441  6.689 12.348 
 7.312  7.451 11.073 10.352  8.246  6.324  5.042 11.951  5.422 10.153 14.007 
 9.862  3.067 11.417  9.454  6.076 11.075  6.578  3.816 10.123  4.213  6.873 
11.267  3.967  9.657  5.936  9.295  8.676  7.859 11.985  3.253  8.927 11.306 
10.203 10.361  4.075 14.055  7.312  9.378  6.433  2.104  7.692 11.175  8.605 
10.823 11.216  9.748 10.010  9.422  1.139  4.652  8.259  9.206 12.856 13.573 
12.454 10.053  5.159  5.668 12.776  4.539  8.367 12.530 10.101 11.324  7.199 
 5.949  4.846 10.910  8.503  3.359  8.166  2.359  9.333  9.867  5.631 12.786 
 6.481 12.499  9.522  6.562  6.839  2.351  6.436  7.028  7.676  9.022  7.302 
11.414 12.048  5.462  8.175  3.244  4.302  7.551 10.051  8.580 10.623 11.908 
14.588  9.771 10.904 -0.923  4.383  5.359  9.129  1.834  5.568 16.018  9.547 
11.257  5.806  9.759  8.440  2.517  1.761  6.061  9.621 13.375 11.630 10.214 
18.177 16.221  9.832 11.225 15.379  5.405  4.359  2.211  8.341  8.263  5.892 
13.672 12.883  8.481  9.190  8.445  1.595  7.790  6.213  8.963 11.318 11.581 
11.003  9.839 12.628  7.258  4.985  6.857  3.126 10.928  7.739 12.931  8.492 
 7.570 13.786  9.853  5.461  1.063  1.835 13.282  5.602  7.267  3.986  6.272 
15.565  6.337  5.262  6.644  8.660  9.612  6.070  8.202 11.778  8.384 13.158 
 6.883  6.067 10.978  6.872  9.906  8.663  8.155  7.755 13.649  9.602 11.935 
10.757  5.525 14.935  5.833  3.501 13.050  6.327  6.207  5.824 11.877  9.712 
 5.249 12.273 11.121  9.431  6.695  9.352  5.420 11.011 10.739  8.742 10.527 
10.172 10.805  7.584  6.754  8.161  4.148 11.664  8.741 11.440 13.503 16.649 
 8.977 11.459 11.115  8.232  9.659  3.473  7.014  3.790  6.844 12.934  8.318 
 8.613 11.947  8.343  9.495  9.773  4.177  8.502  8.629 10.247 10.543  5.483 
 4.778  9.367 11.566  3.304  9.227  7.138  9.906  8.349  5.688 10.520  6.918 
 6.859 11.414 13.079  3.102  8.419  5.425  5.116  6.028 15.566 13.166 11.788 
 9.090  6.809  8.707  8.562  9.097  5.223  5.487 10.485  4.649  8.048  8.854 
15.369  6.796  9.405  8.722  8.031  1.259  0.139 12.850  5.400 10.170 11.846 
12.347  6.404  6.385 12.505  9.505 12.164  5.706  6.902 11.586 16.812  7.976 
10.451  7.080  9.404 11.961  3.522  5.912  5.732  5.266  8.947 10.408  9.599 
11.721 15.338  3.389 -3.300  4.311  6.064  4.743  7.707  5.764  5.963 13.343 
 9.157  8.814  5.703  1.559  8.246  6.940  8.096  4.730  5.842  9.008 12.389 
 7.424 12.007  9.421  5.079  6.465  7.115  9.152  5.494  8.518  6.595  6.632 
13.934  6.792  1.804  8.788  1.713  8.845  7.726  1.603 11.161 11.002  7.087 
11.896 12.657  3.629  8.931  1.938 11.070  9.146 11.091  7.981 11.324 12.425 
11.963  7.211  8.127  6.218  6.485  6.227  4.187 10.077  9.800  8.785 19.918 
12.736  8.748  9.654  4.285  6.738  9.056  7.506 10.355  5.579  9.536 10.554 
 7.062 13.056 15.083  5.256  5.874  6.518  8.576  5.283  8.019  9.045 10.583 
14.613  6.783  4.955 -0.413 11.088  5.310  3.920  8.221  4.779  6.228  7.148 
14.191  8.784 11.291  4.477  5.442  8.734  8.019  4.740 12.840  7.108 15.048 
 6.115  8.659  4.342  7.901 12.441 15.317  6.347  8.923  7.718  5.990 10.049 
 8.273 11.460  8.396  7.281 10.218  2.428  8.471  6.135 13.270  5.599  8.657 
 8.517 12.075  9.055 12.146  5.650 13.540  8.510  3.179  7.200 10.649  8.675 
10.372 11.118 14.532  7.715  9.171  8.640  7.373  9.631  9.009 10.491 11.785 
10.165 11.638 10.384  5.291  4.627  6.353  5.938  8.660  9.233 13.202 11.011 
10.082  4.407  9.551  3.641  3.176  7.350  7.481  8.840  8.952 10.613 16.200 
 7.173  4.043  6.893  8.411  5.579  4.387  5.998  4.551  5.457  5.539  6.305 
12.272 11.374  6.186  4.678  9.584  5.545  6.527  3.038  7.855 10.946  7.043 
14.628  9.873  5.434  3.429  6.339 -0.065  4.288  5.154 11.499  8.863  7.612 
 3.934  9.844  8.237 -3.473  4.091  2.125  6.719  9.184  6.350 11.101 12.586 
 4.769 13.968  8.460  7.185  6.192 11.350  7.268  7.644 12.568  5.291 11.965 
 9.868 13.364 16.345 11.536  8.153 10.835 12.938  3.416  7.000  9.424  4.366 
 8.247  9.195  1.016  0.751  7.107  9.880  5.813  6.759  9.816  8.725  7.025 
10.971  9.161  5.627  7.301  8.335  6.805  8.979  7.530  7.814  5.683  7.991 
 7.887  5.953 11.393  6.017  4.526  5.004  9.539  8.976  9.720  4.830  8.101 
13.803  9.907  8.987  7.624  6.516  3.015 12.463  7.919  7.121  5.722 12.622 
10.420 14.750  6.147  9.362 10.777  4.739  6.381  5.872  6.513 12.487  8.924 
11.655 14.095 13.238  2.431  6.348  7.860  5.608  8.418  1.932  4.905  7.254 
13.009  7.890  7.369  7.779  4.816  7.939  3.802  9.932  8.503 14.483 13.112 
 7.062  6.605  5.933  1.916  5.003  8.552 11.606  9.362  3.417  6.079 11.902 
12.229  8.947  7.055  5.102  6.955  6.105  4.307 12.012  9.639  6.970  8.728 
11.153  9.948  6.067 13.732  3.954 10.008  4.201  3.907 11.352 11.863  8.157 
11.041  5.486 10.621  7.741  2.877 11.918 16.121  8.184 13.490 12.023  5.954 
 5.725  9.398  7.275  8.441  1.830 12.611  7.136  5.791  4.785 10.539  9.601 
10.343 13.064  9.558  6.373 10.791  0.590  5.806 10.400  9.705  9.317 10.417 
 4.159  9.283 11.057  7.633  5.912 12.821 10.757 11.265  2.386  9.966 13.931 
14.877 14.250 13.826 10.886  2.398  6.281  6.630 10.471  6.789  8.324 11.793 
 6.477 10.683  7.288  7.444  8.305  7.309  9.946  6.044  8.945  9.449  2.446 
 5.692  9.707  6.921 12.400 10.522  9.912  4.551  8.705  6.748  9.342 13.187 
 7.301 13.458  6.793 11.033 12.704  6.343  7.453  9.115  9.917  6.131  7.481 
11.412  9.964  4.599 12.206  8.812  9.344  5.781  4.679  6.853 10.347 10.324 
 8.227 11.006  4.460 10.003 10.721  8.583  4.249 11.870 11.435 18.702  9.465 
 5.952  8.117  6.538  4.237  6.892  8.901  4.968  6.822  5.279 10.352  9.707 
10.235 10.046  6.701  4.587  3.355  7.490  7.379  8.913 12.793 11.328 10.972 
11.495  9.248  8.276  8.826  6.904  3.586  9.747  9.778  6.948  4.104  8.194 
 7.911  4.487  8.290  3.383  5.621  8.733  6.616  5.932  8.518 10.872 15.556 
 7.533  9.903  6.843  6.101  8.243  7.337 11.380  7.196 18.927  6.082  6.733 
10.887  7.083  8.151  7.554  6.564  9.935  9.426  9.292 10.215  9.108 11.473 
12.621  9.402  9.623  5.155 12.956 10.673  7.413 10.230 12.150 13.230 11.411 
12.883 10.706 12.668  9.134  6.468  3.150  2.348  7.891  4.282  6.019  5.089 
 9.181  9.955  4.420  1.651  4.697  7.166  3.934  5.479  5.828 10.153  8.960 
16.286 11.473 14.045  5.290  3.889 10.973  8.104  8.473  6.322 10.144  9.764 
 4.395  8.716  7.113 10.188  4.432  9.250 12.053 -0.616  7.057  8.169 14.380 
14.244  9.651  5.823  9.319  7.606  9.498  4.158  6.174  3.946  5.467 10.071 
11.619  8.086  8.766  7.723  8.176  6.643  9.972  5.119  6.578 12.459 10.794 
11.058  9.257 11.499  9.549 14.265  0.502  3.277  4.492  4.575 10.057  7.866 
 9.518  7.361  3.209  7.376  9.482  2.204  8.436 10.103  0.092 11.518  4.812 
10.415  8.504  3.359  6.834  6.048  7.371  7.825  1.970  8.767  7.535 13.304 
 9.526 12.636  9.740  4.829  9.835  5.648  6.256  8.798  9.487  9.471 10.073 
11.292 10.296  7.747  7.403  9.524  3.505  7.871  6.328  7.502 12.627 11.592 
 8.560  7.291  3.787 13.258 12.076  5.837  5.079  8.264 10.175  7.462 12.119 
 7.846  7.995  8.408  4.357  5.661  6.749 11.694  8.363  1.458 10.413 12.840 
 8.052  8.764  9.392  5.407  3.254 12.529  8.131  5.027 11.114  3.486 10.839 
 8.888  6.259  8.750  5.184 11.341  9.264 11.653 10.364 12.099  6.919 15.392 
12.289 12.484  7.147  9.408  9.567  6.528  4.070  4.138  6.709 15.566  7.154 
13.525 13.384 13.944 10.865  6.696 10.696  0.703 10.665 11.023  5.964  5.043 
12.556  9.148  6.753  0.909  5.731  8.804 11.496  7.507 12.791 10.126  6.189 
 9.886  8.815  6.800  6.737 10.464  7.708  2.416  4.100  0.271  4.380  9.483 
14.061  7.872  5.870 12.060  0.650  8.214  8.160  7.378  7.859  9.728  9.645 
10.055  7.943 10.435  1.041  8.226  6.777  6.823  5.782  6.913  9.760  9.672 
 9.636 12.267  7.628  7.907  5.159  9.035  8.549  4.978 10.893  7.867  8.492 
 3.847  4.100  7.659 -1.279  7.559  5.215 13.175  5.690 11.317 11.519 10.446 
 9.267  8.476  7.604 10.067  9.660  8.522  5.390  2.725 12.107  8.173  7.020 
 9.280 11.429  6.568  9.796  4.156  6.804  6.269  8.314  7.927  7.262  6.943 
14.433 11.075  6.239 10.582  4.977 -0.182 13.013  4.866  6.807 11.346 13.313 
11.600 11.421  9.087  7.839  6.563 -1.405  5.610 13.505  4.994 12.373  7.912 
15.564  4.301  6.203  7.287  4.970  8.201 13.642  5.633  2.683  6.061  8.899 
11.473  6.300  9.304  8.252  6.171  1.402  8.356  5.887  7.831  8.455  8.423 
14.246 11.790 10.451  5.055  5.431 10.956 10.517 10.490  3.423 14.414  9.355 
15.916 12.296  7.086  5.539 16.331 11.479 11.148 10.377  7.392  6.206 10.159 
13.317  4.839  5.320  7.605  1.473  3.644 11.627  3.652  7.415  8.946  8.133 
10.845 14.060 11.670  4.116 11.252 10.309  6.593  4.186 11.073 14.430 10.950 
13.156 14.086  0.679  3.285  3.252  5.432  9.215  4.563 11.260  2.586 10.234 
13.124 13.324  6.188 -0.058  3.610  4.881  1.945  9.506  3.649  7.193  6.113 
 4.484 11.676  8.296  5.155  9.989  4.040  6.244 12.309  6.603 16.200  9.958 
11.638  3.679 10.734  9.374  3.751  9.860 11.706  8.592  7.328  6.555  9.604 
 3.714  8.014  5.552 10.830  7.644  6.529 10.432 12.710 10.967 13.926  7.436 
 1.695  8.677  7.581 10.907  7.206  3.518  2.157  5.667 11.901 10.790 10.216 
11.464 14.872  5.547  5.007  9.001  2.926 10.862  7.607  8.281 10.779  5.178 
12.507  3.623  4.253  1.298 11.062  7.540  9.085  6.000 10.177 11.376 10.664 
10.065  9.661 15.755  2.738  8.905  8.958 10.569  5.102  3.943  5.006 15.939 
 7.924  9.136 12.470  8.751  3.254 10.484  3.150  8.365  7.402  9.304  7.156 
 4.955  6.405  9.461  7.028  9.276  1.411  7.162  8.785  3.222  1.915 10.093 
 3.377  7.420  6.297 11.032  4.123  5.846  4.086 11.379 11.692 12.337 11.700 
10.124  6.632 11.423 12.187  6.139  8.421 -2.975 10.874  7.845  6.609  8.257 
 8.131  5.504  4.711 10.081  6.489 13.061  5.631  8.977 11.245 10.996  6.868 
12.618  5.316  6.859  9.905  1.487  7.366  1.537  3.950 10.104  9.740  6.887 
 7.951 11.040  8.263  7.644  8.640  6.900  2.747  8.169 10.300 12.364 15.607 
15.803  8.370  7.647  7.825 11.746  3.661  4.194  7.556 15.679 14.194 12.702 
12.096  8.234  2.767 10.878  1.198 10.510  0.676  7.551  4.105  9.087  8.505 
 7.462  7.570  9.003  5.094  9.545 10.402  3.385 11.102  7.066  8.711 11.185 
 3.103 16.217  7.700  3.493  7.761  9.031  7.592  9.311  9.407 14.417 10.994 
 9.793  8.643  3.542  4.601  9.534  5.783  3.977  9.448 10.753 10.024  9.208 
 3.541  7.587  2.903  7.351  8.955  2.652  9.613  5.499  6.731  4.983  9.489 
 9.992  7.757  5.565 11.549  2.626  6.553  8.865  9.170  5.504  7.972  7.299 
10.769  2.469  6.335 11.586 10.913  5.775  6.132  7.252 13.122 10.215  8.005 
10.635 14.708  8.450  6.038 10.685  6.714  9.252  7.904  9.462 10.913  9.856 
 8.309  6.971 13.017  4.489 14.765  9.804  4.923  3.175 10.941  7.537  9.652 
 7.818  9.018 11.512  2.644  7.343 10.635  5.212 11.514  9.625  7.064 13.143 
15.496  5.566  8.128  9.546  7.087 11.630 -0.535  9.663  8.970 11.499  6.534 
 9.962  7.892 10.932  5.700 10.386  4.206  5.133  2.708 13.648  4.919  9.846 
12.988  8.449 -1.146 11.225  5.200  6.971  8.043  7.403  5.815  9.998 12.325 
 6.001  3.655 10.132 10.321  2.459  8.954  6.422  6.985  9.051  2.370  9.353 
11.230  2.961  4.554  9.480  7.457  9.823  7.466  6.691  6.255 12.545 14.165 
 7.939 13.409  4.934 12.315 12.918 10.134  8.196  6.598 13.757 12.941 16.418 
10.995  4.368  8.597  4.589  1.539  8.974 14.150  6.374 12.973 14.279  6.648 
12.376  7.520  9.137  0.540 11.402  5.577  8.316  9.484  9.734 11.628 14.137 
 6.541  5.624  9.212  6.299  6.319  1.654 11.783  6.101  8.108 10.312 11.466 
 4.593  5.568 12.925 13.632  7.311 11.617  1.583  9.171 10.918  9.619  5.176 
13.711  9.846 11.606  5.466  7.714  8.422 11.843  6.267  8.981  9.939  7.385 
 5.108  8.153  7.606 10.513 13.647 12.065  7.946  6.237  9.716 12.197 10.776 
10.663  3.353  4.729 11.727  4.258  3.152  8.559  1.274  6.348 14.603 12.539 
10.154  9.060  6.985  7.708  7.758 -0.085  5.393 10.881  3.829  3.161  6.378 
 6.152  3.139 10.429  4.745  6.707  5.507  1.848 11.282  9.599  7.667  5.197 
 6.143  3.910  7.109  4.163  4.208  7.916  4.839 10.098  6.592  7.961  6.534 
 8.395 16.031  7.227  6.118  6.110  4.722  8.653  4.810  9.729 11.055  7.959 
 2.890  3.725  9.633  1.930  4.514 -0.809  1.858  8.558  6.264 10.883 12.167 
12.741  9.031  8.489  1.963  0.802  7.623  6.060  7.446  5.903 12.037 14.037 
 9.935  4.802  7.987  4.073  3.493  7.053  5.429  5.272 13.291  4.567  8.251 
13.342  7.280  9.594 11.087 -0.110  4.994  9.151  3.987  7.870  6.047 11.646 
 8.616 15.110 12.930  8.243  8.760 12.557 10.767  4.544 13.352 12.884 11.060 
 6.341  8.142 10.306  9.299  9.763 15.547  8.801  6.363  9.663 11.506  7.898 
 7.929 14.236 11.629  4.758  4.750  6.182  7.278  6.485  0.637 10.151 15.465 
14.535  6.718  7.133  6.767  3.178  5.273  9.944  0.570  9.805  3.790 11.725 
 4.615  2.594  4.508  6.743  5.964 -0.595  5.274  7.771 12.808  8.170  6.894 
12.700  5.203  3.983  4.941 -0.346  8.890  7.058 10.729  2.639  2.582 11.366 
14.589 13.099 12.355 11.367  5.936  5.712  4.933  6.052 11.334 12.524 10.267 
 6.652  7.482  7.795  6.235  5.234  9.203 10.761  9.120 15.088 14.227  5.107 
 8.718  7.698 12.228 12.675  8.267  8.968 11.821  6.397  9.529  7.027  9.288 
 7.460  7.795  1.286  4.122  9.264  5.085 10.156  1.912  6.851  7.575 10.417 
14.287  9.242  7.024  6.017 12.106  8.984  3.364  4.485  9.518  8.968 11.053 
13.462 11.064 13.371  6.477  6.106  4.787  6.384  6.979  4.638  9.300 13.732 
14.875  6.079  5.643  6.926  7.770 13.156 15.092  4.845  8.705 14.464  1.699 
 8.109 12.718 10.711  5.756  9.061  9.779  5.719  8.391  4.555 14.886 12.566 
10.909 15.374 12.606  7.030  6.386 10.719  8.929  3.793  4.299  6.388  5.467 
 8.710 13.761  8.947  7.462  8.239  8.198  6.703  7.250 10.852  6.179 12.587 
 9.720  8.603  8.080  6.514  2.898  4.608  8.482  8.165  9.518  8.761  9.923 
11.746  7.352  5.549  3.999 12.341  5.099  5.809  4.563  9.029 13.829 15.806 
16.058  5.744  5.598 11.271  5.916  3.519  9.525  7.694  5.580  5.456  7.695 
14.958  6.891  6.509  3.455  5.167  6.610  7.998  6.760 12.770  8.364  7.556 
12.434 11.775  6.481  3.622  9.299  2.605 15.883  5.405  6.839  8.562 11.618 
 9.475  3.864 10.699 12.730  2.084  7.861  6.605  8.208  7.642  2.781 10.866 
 7.595  4.798  9.864  6.648 -2.793  5.915  7.771  4.354  5.956  2.197  5.796 
 6.482 10.167  9.677  8.189  2.288  8.608  8.422 13.445 12.197  6.320  8.893 
 6.945  4.918  5.683  7.331 11.988  6.491  8.781  9.307  8.232  8.468  6.645 
11.853  8.488 12.271  4.532  6.951  6.127  4.460  9.093 11.217 10.023  8.455 
10.480 13.002 10.907  8.028  6.197  3.009  4.523  1.169  7.156 13.369  9.391 
 4.035 13.304  7.773  5.575  6.468  7.572  5.275  9.731 11.912  7.444  5.937 
10.186 13.873  5.543  5.624  4.480  4.710  6.910  9.880  7.011 10.255  8.742 
 9.876  8.865 17.038  1.477  9.989  2.727 11.310  4.544  8.151  6.653 11.088 
11.903  8.093  5.773  9.524  7.742  4.128  5.388  4.000  2.321  5.885 10.614 
10.334 12.348  2.496  1.152  9.242  4.394  2.038 10.021  5.228  8.417  8.639 
 9.908 11.582  7.709  2.492  4.558  6.378  5.272  5.693  7.489  9.027  7.226 
 9.047  7.719  6.954  4.546  2.876  4.995  5.406  9.768  8.490  8.623 12.011 
 9.046  0.384 11.827  5.284  2.290 10.867  5.743  9.415  8.114 12.192  9.520 
11.459  3.128  6.413  9.541  6.708  4.998  9.050  6.924  8.007  2.502  9.961 
15.004 11.324 10.104  6.814 11.380 13.193  3.804 10.069  7.278 10.380  5.092 
 8.981 10.312  7.058 11.783  7.516 11.293  7.770  3.831 11.657  1.435  8.187 
 8.406  9.379  9.883  8.430 11.570  6.541 -0.105  3.585 10.487 10.596  1.605 
10.375 16.256  7.539  3.036  6.297  6.427  1.147  5.172  5.132 11.078  9.708 
 8.574  8.060  9.459 11.719  8.023  4.483  7.642  7.048  4.899 14.507 10.610 
12.012  7.591 11.045 10.719  9.280  7.207  5.508  5.360 11.405  6.575  8.134 
 7.782  7.560  4.315  7.560  5.623  7.718 13.569  2.028  8.722  8.757 10.712 
 8.485  7.834  8.014  9.269  5.124  5.724  8.884  4.316  5.352  7.804 14.727 
13.186  3.924  6.197  8.925  1.322  3.255  7.990 13.962  8.195  8.980  7.929 
 6.217 18.638 11.449 11.924  2.554  8.373  3.022  1.791  5.453  6.040  6.226 
 8.969  5.639 11.485  4.902  6.095 12.791 10.847  2.205  5.514  7.605 10.110 
 4.597  5.009  6.079  6.330  7.716 10.933  8.738  6.996  9.254  7.700 10.490 
14.845 11.226  5.407  6.398  4.860  4.959  5.449  3.289  6.096 12.875  6.631 
11.187 11.073  9.659  7.548  6.436  7.157  5.791  5.761  6.784  8.240  7.659 
10.345 11.335  9.561  3.588  7.545  5.002  4.024  4.540  6.936 12.820  3.868 
 9.430  8.201 12.127 10.605  7.654  9.348 10.918  4.428  5.672 11.699 17.073 
14.234  7.185  0.471  8.410  1.738  7.787  9.140 12.160  9.237 14.498 13.194 
 7.814  8.760  7.954  7.091  4.902  5.933 11.504  6.590  5.367 13.176 16.942 
 3.655  9.422  3.578  5.021  6.177  5.916  6.670  5.124 10.256 10.200  5.217 
11.395  6.852 11.655  8.886 10.688  3.739  1.861  4.844  8.635 10.652  6.168 
10.214  9.395  2.293  7.778  4.258  3.409  3.688  4.114  5.797 12.666 11.684 
 9.717  7.567 10.173  8.133 15.133  9.124  5.878  7.275  5.638 -0.238  7.948 
 7.369  8.498  8.538  9.261  7.039  2.717  9.615  6.313  2.754  5.871 14.854 
10.647  5.087 11.579  8.402  4.970  9.308  6.919  9.500  2.399  2.973 12.992 
10.086 18.046  4.072  7.882  4.715  9.176  3.545  6.413 12.034 10.726  5.211 
 8.221 14.080 13.064  9.854  8.079  9.356  5.860  4.661 10.800  7.123  7.949 
10.687 11.783 11.311  6.964  5.716  8.019 12.146  6.212  6.672  9.464  8.193 
10.761  6.627  9.417  4.296  5.903  5.648  6.440  3.430  9.055  7.435 13.945 
14.017  6.117  5.718  6.471 10.226  6.442 11.246  9.223  9.392  8.730  7.121 
 6.776 10.145 15.820  2.561 11.825  7.983 12.831  9.613  7.009  2.672 14.403 
 7.791 16.244  9.031  8.090  0.645  7.204  9.216  8.054  9.228 10.370 11.309 
 6.599 12.116  4.585  8.000  5.890  8.934  5.984  9.993  5.889  7.751  8.436 
12.274  5.953  8.005  9.965  8.412  3.511  8.802 12.879 13.262  2.474 11.202 
10.934 11.451 10.828  5.807  5.310  6.088 13.333  4.842  8.920  7.602 11.654 
12.233 12.181 10.737  5.106  7.997  3.261  2.949  6.669  1.600  5.030  9.410 
11.698 13.283  6.130 10.003  8.270  5.394  7.407  6.159  6.798  9.267  8.637 
 6.271 12.081 10.041  4.123  7.756  7.896  8.103 10.386  8.198  7.940  3.419 
10.364  7.038  7.808  2.616  6.723  8.445 13.924  5.300  8.664  5.759  9.783 
 5.599 15.457 11.569  7.270 10.489  5.493  5.174  7.074  7.220  7.512  9.786 
17.130  9.454  5.897  5.952  4.300  8.197  8.485 11.290  8.599  9.740  9.583 
 9.665 11.816 11.804  9.078  7.076  7.853  9.579  8.475 10.092 12.761  5.941 
 9.397  5.919  5.692  7.820 12.685 15.153  6.789  6.678 11.691 10.290 10.396 
 5.869  9.538 10.627  2.996  7.781  7.903  7.412  1.727  7.613  6.308 13.258 
10.684  8.669  8.130  7.439  8.628  4.498  3.980  2.772  2.212 10.921  8.900 
 5.224 10.110  8.095  5.601 11.863  4.864  7.497 13.324  8.729 12.472 16.954 
11.022  3.155  8.116  5.929  3.232  9.420  7.395  4.273 19.151 10.100  9.701 
11.311  5.698  7.337  9.450  7.446  7.628 -0.472  7.921 11.267  7.159 12.676 
11.584  7.024  7.118  3.721 10.335 13.757  4.462  9.205  4.063  6.365  9.039 
 6.729  7.950  6.333 10.335 13.359 10.113  7.700  3.740  1.316  6.643  7.691 
10.174 10.073 12.041  6.951  6.629  6.597  9.360  9.241  5.356  9.571  5.110 
13.059  8.136  5.431  5.336 13.048  8.214 10.647  4.354  7.211  5.348  8.420 
 5.354  7.598  7.084  3.500  7.113  9.298  7.387  7.313  1.309 10.675 12.710 
 8.901  5.136 17.722  7.197  9.463  3.138  8.899  5.606  7.530  9.247  5.066 
10.176 12.003  9.746 14.356  5.483  2.146  7.465 10.846  1.287 11.181 13.654 
 7.483 15.317  7.209  7.773 13.475  8.152  8.461  9.587  8.991 12.584  9.062 
 8.460  8.364  3.855  7.830  4.755  4.273  9.194  3.355 10.781  8.164 11.542 
 6.796 13.279  8.256  8.984 18.743  9.133  7.766  2.716  6.186 11.877 14.484 
14.422  7.975 11.417  7.217 14.102  8.412  6.972 -0.737  8.244  9.023 10.225 
12.723  9.241  5.035  8.127  7.922  7.261  7.027  8.872  8.138  4.916  8.545 
13.260 11.136  5.386  0.669  9.653 10.894  9.472 10.623  3.912  3.433 11.451 
15.218  9.129  8.909  8.169  5.491  9.191  6.765  2.724  5.765  9.408  4.274 
11.698 10.057  8.334  9.131 14.916  3.127 14.321  7.954  8.288  6.460 14.689 
10.347  7.910  1.413 12.489  4.978 10.417  8.846  2.682  6.015 13.715 12.484 
11.681  5.850  4.711  8.331  7.654 10.928  1.828  9.840  9.341 12.740 12.556 
 4.573  7.002  6.693 13.548  4.150  6.453  5.574 10.445  3.332  9.620 18.012 
 7.058  9.953 12.624 15.483  6.051  9.615 10.310 10.557 10.101  7.710  9.262 
 7.532  7.162  8.799  5.185  5.371  8.486  5.002  8.446  9.937 11.022 10.457 
 9.137 11.309 12.258  7.190  7.352  2.373  4.844  7.771  6.176  6.441 10.983 
 7.369  9.699  9.351 10.934  8.700  6.323 -0.221  8.618  7.356 10.483  9.656 
 9.969  6.242  4.391  7.542  9.612  6.358  6.495  9.013  9.241 10.886 12.496 
 8.344  3.691  4.040 11.364  5.233  5.402  5.153 11.663  8.574  6.514 12.924 
10.931  8.435  4.776  8.278  8.042  8.715  5.688  8.401  5.869  6.313  8.281 
 9.671 10.614  3.843 10.913 10.229  7.176  4.923 13.026  9.115  7.535  5.973 
 8.371 10.942 12.547  7.329  1.068  1.591  5.365  8.572 12.693 13.542 12.202 
 8.636  1.648  9.731  4.641 10.922  8.227  0.865  8.660  3.865  9.806 10.924 
10.091 -1.614  5.622 11.632  4.802  9.241  7.071  4.197  3.855  7.467 16.418 
14.623 12.150  7.787  6.844  4.579  4.662  7.201  9.071  7.117 11.956 10.062 
 9.740  9.261  8.597  9.039 11.762  6.137 10.406  6.942 10.728 10.505 11.783 
13.718  8.467 13.688  5.853  3.257  6.600 11.506 10.910  6.070  6.370 10.366 
 7.384  8.278  6.992  0.577  3.565  7.298 12.074  7.312 11.336  7.729 11.858 
13.857  5.444 10.990  6.570  5.469  5.361  5.682  7.820 13.404  4.601 10.432 
10.265  9.965  6.316  9.592 15.396  6.205  2.744  9.391  5.747 10.029  3.326 
 5.418  8.711  4.150  7.892 -0.772 10.548  6.270  9.677  8.976 12.472 10.325 
15.354  4.267  5.357  6.794  4.356  6.316  7.076  1.385 12.281  2.197 12.634 
 9.199 13.913 13.089 11.231 11.788  6.541 10.447  2.698 11.743 10.441  7.950 
13.368 12.175 12.651  4.210  5.734 11.989 10.171 10.948  9.472  7.102  9.426 
13.530 14.634 14.118  4.074  9.825  8.887  5.066  5.777  4.477 10.907 10.162 
15.598  9.095  4.508  3.922  7.261  4.334  7.009  6.508  9.729  7.595  8.343 
 9.736 11.004 10.579  5.464  5.669 -1.506 10.815  5.979  9.606 11.721 11.289 
10.527  7.514 12.485  3.512  3.460  5.207  7.839  9.957  4.923  4.901 12.737 
 1.938 10.216  6.687  9.255  5.454  9.317  7.602  8.917 10.516 10.828  7.900 
 8.999  5.612  1.294  3.539  3.700  9.545  3.162 13.189  8.049 11.509  9.913 
15.695  5.905 10.797 12.304  9.113  7.541  3.897 12.481  6.807 13.557  8.201 
 7.779  7.988  6.671 12.276  5.479 11.737 11.458 11.381  8.728  7.873  6.225 
13.543 11.127 12.706  9.727  7.116 11.466  3.723  5.446 10.657 10.964  9.388 
 4.780 14.427  8.240 10.691  9.348  5.621  7.469  6.468 11.654  3.472 10.921 
10.224  9.248  8.208  5.973 12.449  8.735 15.064 10.030 10.624  9.629 11.429 
13.343  7.085  5.954  2.867  8.460  3.313  2.654  1.496  5.588  9.945  9.466 
10.559  8.580 12.729  8.469  7.434  3.134  7.150  5.259  8.191  5.627  4.651 
16.464  8.538  9.697  8.413  9.350  3.911  7.786  6.669  3.574  6.812  7.781 
 8.202 11.612  7.418  6.802  6.333  7.331 11.440  7.407  6.141  6.295 13.155 
 8.557 10.487  5.932  8.142  5.094 11.419  7.510  9.360 16.781 12.426 14.400 
 9.375 11.227  9.715 10.356  2.894 10.883  4.832  7.375 10.531 13.612  9.964 
 9.497  9.108 10.197  3.259  7.123  5.881  7.770 12.658 11.946 11.868  7.604 
 8.317 12.906  8.108  6.330  5.845  9.872 10.098  8.707  3.790  6.166 11.005 
 6.996 11.712  9.580  8.796  4.796  6.399  6.245  7.640  0.104 12.214 16.429 
 5.089  7.265 11.316  7.175  8.504  5.793  3.636  7.375 11.032 10.386 12.271 
 8.501 12.057 10.401  8.140 10.881  1.153  5.195  7.028  3.203  7.773  6.884 
 6.388 13.721  0.588  8.762  9.917  7.942 11.048 13.359  4.344 11.256  6.635 
13.830  5.678  2.783  8.074  9.481  7.459  8.863  7.095 14.095  9.733 11.314 
12.276 10.147 11.056  6.208  3.384  4.801  7.689  8.831  6.011  8.371 14.516 
10.914 15.768  8.896  6.784 11.632  0.338  7.994  5.768  8.459  3.748 14.700 
15.100  5.945 10.430 10.050  5.418  5.544  5.758  8.427  5.590 13.603 15.512 
12.824  8.528  7.067  6.443 14.754  7.388  6.321  6.443  6.918  8.489  6.455 
 9.249  7.959 10.486  3.574  6.922  6.179 11.164  9.865  1.427  4.536  9.248 
 9.332  9.144  4.508 11.832  4.941  9.290  5.726  8.539  8.653  9.096  7.620 
 9.045  8.929  9.533 12.539  3.945 10.800  8.971  6.317  9.451 10.038 16.248 
 7.155 14.337 11.576  6.154  9.714 11.220  7.648  7.058  8.259 11.803  9.788 
 9.791 12.300  5.078  4.963  5.234  8.605  5.856 11.522  7.044 12.733 10.106 
10.733 10.645  6.218 11.011 10.859  3.225  5.700  8.233 10.256  8.111 10.337 
17.659  9.733  6.850  4.873  7.474  4.825  5.428  7.328 10.828 11.166  5.444 
 9.138 11.971  8.807  6.737  5.723  4.666  9.930  8.459  9.973  7.308 16.346 
11.674  6.517 12.242  7.964  6.510  5.433  2.838  2.658  6.040  4.860  5.513 
13.286  7.094  7.190 12.729 -2.639  4.318  6.407  4.339  4.754  7.023 11.163 
10.406 10.028 11.118  4.004 10.032  7.604  2.379  9.127 10.532 15.944  3.854 
 7.462 13.102 13.811  8.487  9.432  9.892  9.579  8.999  4.339 12.342  7.249 
13.422  8.166  3.178  8.495  9.224  0.738  6.784  9.313  0.815 10.098  6.505 
 5.285  6.956  7.819  8.133  8.049  4.776  9.358  8.758 13.430 10.361  9.498 
 9.090  7.354  1.331  5.588  6.550  6.718  4.380  6.535 13.925  9.111 11.088 
 4.962  5.974  8.505 11.131  6.141  8.910 10.986  9.542  2.120 14.122  9.463 
14.854  8.317  9.296  3.843  7.580  7.649  4.652 13.564 11.274 10.729 14.436 
11.431  6.453  6.679  7.737 11.232  6.399  9.061  9.241  9.693 12.522 12.649 
12.324  3.657  3.097  4.504  5.780 10.274  6.183 12.385  9.890  9.116 10.550 
 6.336 10.146  9.290  8.895  6.089  5.656  2.114  3.690 10.083  4.162 10.378 
 7.906  6.462  6.626  6.075  2.311 11.311  3.788  5.393 12.612  9.366  9.159 
14.818 11.445  9.096  6.948  3.562  9.045 10.752  8.965  6.421  4.308 18.480 
 8.836 12.296  6.804  7.358  7.693  5.605  8.905  4.476  7.491 10.713  5.412 
12.702  8.253  8.888  0.931 11.146  3.493  8.681 10.783  8.189  6.698 11.076 
10.415  5.766  5.877 13.426 11.603  7.313  5.576  6.125  6.143  9.977 10.097 
 9.201 10.697  8.368  6.859 11.249  7.380 10.697 10.765  9.882 11.307  8.178 
12.594  1.769  7.470  5.739  8.114  4.282 12.026  6.306  7.392  9.181  8.017 
10.501 12.087 14.048  8.827  6.748  9.685  5.608  4.913 11.666  6.433 10.824 
 9.377  4.498  7.046  9.865 10.385  2.635  4.537  1.873  6.825  9.967 11.394 
 5.490  5.403  4.373  4.292  4.306  5.138  6.456  4.615 11.137  5.987  8.664 
 9.003  9.674  2.043  6.369  8.545  1.592  8.642 10.366  6.531 14.743  9.101 
 9.113  6.476  8.478  8.889  6.879 10.809 11.881 12.482  9.853  6.726 12.394 
11.532  7.881 15.499  8.190  7.913 11.464  6.743  2.974 10.487  6.114 12.801 
13.458 16.594 10.537  6.953  4.315 10.925  4.905  8.311  5.127  4.576 10.535 
 8.681 11.755 11.206  9.735  4.473  5.693  7.429  5.639  7.471  6.815  3.796 
 8.518  7.937  8.943  3.391  6.294  6.853  8.299  9.471  3.774  6.343  8.129 
 8.455  9.367 11.574  9.407  5.510  6.100  6.958 12.106  3.667  2.560  4.477 
12.011  4.233  4.229  3.003  6.869  9.498 11.675  6.736  7.226  8.786  8.054 
 6.676  7.328  8.104  7.748  3.322  4.541  4.733  5.995 10.038  2.441 10.836 
 9.744  8.551 13.009 -2.096  8.334  8.187  5.454  3.514  8.852  7.460 12.013 
 9.546  7.649  2.337  9.486  1.336 13.549  7.849  9.955 13.797 15.568 14.722 
13.858  6.795  6.469 10.793 10.543  1.830  5.562  9.106  5.692  7.967  6.145 
 5.253  9.132 11.574 11.936 10.514 12.810  3.647 12.209  3.600 10.510 13.930 
11.513 12.158 11.279  8.249  9.951  7.861  9.426  9.421  7.871 11.531  5.766 
10.005 12.068  7.813  5.396  9.644  9.674  5.967  7.922  8.337  9.849  6.478 
 8.769  3.906 12.334  6.982  6.888  8.612  3.196  8.286  5.877  9.538 10.318 
10.498 13.332  7.063  6.662  5.117  5.243  5.159  4.336  8.390 10.056 14.214 
 8.600  6.784  7.016  3.453  7.663 -0.298  3.381  7.669  9.568  6.760  9.750 
19.300  2.320  9.643 13.352 13.899  3.108  5.122  9.211  6.504  3.544 13.395 
 3.199 13.071  8.813  7.643  9.162  9.287  5.849 10.530  6.684 11.174  7.953 
 9.579  5.179  7.921  9.118  6.657  5.926 10.518 10.525 10.760  9.664  6.349 
 9.161 12.181 10.949 14.379 11.156  4.664 12.990 10.540  3.327 10.692 13.988 
 5.896  3.036  6.860  9.547 12.136  3.334 11.715  7.759 12.995  9.096  9.806 
11.766  4.649 10.690  4.268  4.122  9.988  6.696  5.744  8.276  6.525  9.134 
15.112  6.448  6.138 10.660 10.126  6.009  9.216  6.303  8.603 11.827 10.907 
 7.731  4.208  7.510 11.991  4.248  2.228  8.846 10.042  2.182  9.760  8.582 
 9.886  9.680  5.016 10.978 11.239 10.366  1.727  7.764  8.121  6.001  8.791 
13.246  8.632  6.876 11.082  1.598  1.534  6.802  7.988  5.764  9.438 11.449 
12.415 10.427 10.868  6.739  9.529  8.947  4.727  5.413  4.239  6.115 12.449 
10.823  2.306  9.139  6.417 11.100 12.159  9.916  2.751  5.544  8.093  9.605 
 5.366  6.381  2.118 13.347 11.463  8.085  7.523  3.489  1.390  8.777 16.579 
13.411  7.562 11.387 11.868  2.714  3.231  6.835  2.150  6.816 13.551  9.317 
 5.309  9.114 13.275  7.480  6.433  5.047  3.026  4.605  3.948  6.723 12.197 
10.244 13.905  3.468  3.172  5.008  7.052  8.087  7.977  7.034  7.043  7.075 
 9.370  8.846 13.488  4.649  1.290  2.963  7.492  5.434  1.932  8.439 12.108 
12.195  9.284 11.458  8.746  8.059  5.481  5.231  2.144  6.046  8.721 17.172 
11.429  4.286  8.557  4.392  5.750 10.254 11.878  8.149 12.833 12.707 10.727 
15.769 10.872 10.273  8.827  4.946  8.189  9.080 14.544  5.391  9.456  7.945 
 7.970 11.767  3.607  9.735  7.622  9.574  4.642  6.569  7.911  7.165 11.799 
11.022 12.166  2.151  7.403 13.560  4.861 13.248  8.859  3.972  9.848  9.862 
 8.388 11.648  6.960  6.124  3.919 -0.000  7.781 12.021 10.784  9.769 17.469 
 8.122  7.313  6.847  3.411  7.370  9.038  6.562  6.113  8.293  8.203  9.322 
10.766  8.108  2.935  7.300  7.087  5.560  5.746  9.848  9.163  9.873 10.111 
 9.089  4.560  7.916  5.391 10.664 10.051 13.442  8.859  5.876  7.247 13.295 
11.332  5.232 11.179  7.675 14.774  9.429  7.565 11.258 10.279 12.906 17.420 
10.870 15.513 10.527  9.013  8.980  2.464 10.353  7.203  6.218 10.839 16.350 
13.535 10.599 10.181  5.954  3.560  7.628 12.512  6.355 12.610  8.138 12.877 
16.510  4.491 12.209  4.955  8.812  8.969  5.995 13.677  4.463  7.191 11.386 
 3.265 10.874  8.018  2.912  6.562 10.119  9.494  6.116 13.884  9.081  9.799 
 9.156  6.929 12.118  9.686  5.905  5.654  0.818 11.905  4.517 11.423  6.231 
10.976  9.366 10.457  6.681 10.037 10.839  7.576  2.197  7.743  4.875 12.580 
11.228  7.975  7.250  3.800  4.847  3.751 12.389 11.939 10.244  7.145 13.134 
10.855 13.897 11.998 10.759  6.509 11.568 11.894 12.524  8.866  2.943  5.632 
 6.798  5.141  9.832  4.750  3.703  6.236  9.692  5.284  4.402  3.388 11.740 
13.379  7.826  3.722  6.315  6.439  7.287  3.426 10.099  7.513  8.330  8.696 
11.724  7.432 10.439  9.498  9.304  5.031  0.836  9.033  8.002 12.957  8.916 
 9.554  1.882 17.320  4.254  6.257 14.053  7.546  6.599  4.722 13.202  9.568 
 8.916 10.477 13.122  9.378  8.076  8.721  8.751  5.018 10.589  8.105 10.988 
 9.093  9.027 13.489  3.715  4.441 10.046  9.687 10.159  8.980 11.912 10.922 
12.172  8.272 10.574  2.506  8.625 10.533  3.970 12.982  9.212 11.245  7.718 
 5.932  8.082  3.950  8.300 11.063  5.891  6.377  7.348  8.475 13.168  6.178 
12.431 10.224  2.043  8.000 11.384  4.521  2.030 12.721 12.996 11.712 12.581 
 6.900  3.099  8.790  7.688  5.301  9.530  7.860  9.523  6.720  3.333  5.959 
 7.188  5.286 11.174  5.291  8.070  3.511  7.334  2.206  8.861  9.334 10.802 
13.065  5.142 11.935 11.706  8.926  4.993  1.557 11.939 10.628  8.167  7.521 
10.895  9.133 14.590  6.935  5.990 11.641  8.203 11.537  8.567  8.333  8.579 
10.765  6.568 10.021  8.123 10.161  9.572  2.007  4.783  3.716 12.059  6.376 
10.739  8.430 11.060  8.285  3.115  4.688 12.423 10.637  7.241 10.674 11.585 
10.376 11.916 14.461  9.608  8.199  2.716  5.356  2.136  6.921  8.067 10.063 
 6.606  7.706  8.970  7.580  5.461  8.135  8.396  5.513 11.477  9.046  9.958 
 6.487  6.880  7.035  6.275 -0.275  8.944  4.217  8.014  6.219  5.131  9.955 
11.000 11.916 11.255  6.779  5.708  4.992 10.930  7.495 12.780  8.236 11.267 
10.722 10.504 10.472  9.130  5.220  3.737  5.803  3.253  4.994  8.614  7.676 
12.512  9.908  9.046  0.039  8.005  3.767  7.440  7.600  9.998  4.504  5.579 
12.071 10.482  4.736 13.241  7.303 10.290  7.298  9.010  7.743  8.179 12.904 
10.498  9.345  5.879  4.338  2.435  1.186  6.821  4.880  7.757  8.135  6.327 
 5.227  7.921  9.146  9.263  6.455  6.236  6.740  3.800 11.037 14.120 14.545 
 7.635  5.131  8.688  2.576  8.337 11.723 11.276 11.132  1.975  6.776  6.481 
10.469  4.096  7.757  4.914  1.871 13.926  7.947  5.856 12.276 10.594  8.348 
11.262 10.438 10.120 11.170  4.368  4.316  6.272  3.603 17.181 11.180 11.805 
11.132 14.601  7.328  7.728  1.053 10.842  7.258 11.334 11.608  5.923  9.430 
11.625  9.880  9.165 13.758 10.320 11.812  9.345 12.785 10.498 10.393 14.235 
12.483 12.060  8.604  8.075  9.653  5.893  4.377  5.976  8.458 13.950 11.748 
12.087 10.855  4.401 12.914  6.802  2.574  8.857  7.676  8.809  7.143 12.043 
13.969 11.162 10.048  4.363  5.015  1.276  4.242  4.956  5.362  7.184  8.275 
 9.271  9.364  3.325  7.051  8.710 11.232  7.929 10.077  9.570  5.480  8.777 
11.700  9.482 10.921 -0.172 15.487  7.753  5.500  6.642 12.481  8.637  5.648 
11.543  5.874  6.822 13.334 11.542  9.305 12.842 10.550  5.788  8.862  9.659 
 9.721 11.339  6.721 10.842  8.173  7.570  8.468  6.878  5.117 13.582  5.824 
11.079 14.425 17.805 10.706  6.077  1.321  8.185  8.095 16.422  6.911 11.817 
11.810  5.045 14.751  5.864  5.331  4.124  8.379  9.112  8.149  7.236  9.892 
 6.320  4.697  6.647  7.129  1.681  4.699  8.314  6.158  8.107  4.889  9.234 
 6.440 10.973  5.117  9.968 10.239  5.506  6.809  4.160 11.524 11.338  8.747 
11.283  9.964  6.842  5.401  9.955  7.864  9.918 10.685  7.137  8.812 11.463 
 8.820  9.379 11.010  3.305 10.106  7.712  9.704  8.058  5.386  4.814 10.310 
 5.657 11.378  9.709 13.907  7.107 10.625 11.415  7.464  7.021  4.410 11.027 
14.393  2.214 11.455  9.840  5.917  6.127  2.893 10.958  7.725  8.877  7.244 
 7.309  9.867  1.128  5.316  8.915  7.241  2.518  5.114 11.515  6.309  6.510 
11.694  6.846  8.704  4.986  3.735 12.447 13.222  5.727  7.569 11.396  8.344 
 3.087  8.681 13.309  9.382  1.432  9.523  9.561  9.123  4.446  8.212 12.234 
 4.784 14.556  7.971  9.452  2.082  7.413  2.274  0.103 12.475  8.998  4.395 
10.912 10.401  5.667 12.967  5.562  0.700  8.479  3.408  6.197  7.291 12.733 
13.217  4.833  5.932  9.839  8.689  6.357  6.645  8.765 11.969 10.160  7.913 
12.583  7.321  9.367  5.664  9.887  6.050  7.343  6.359  9.681 11.174  8.092 
 7.764 11.282  8.685  5.454  1.323  9.293  9.767  6.072 10.762  1.584 12.513 
 5.913  7.512  0.484  8.801  6.749  7.065  9.180  4.909  6.765  7.933  9.759 
12.026 11.241  3.815 10.215  8.228 10.292 11.558 11.661 13.970  9.488  5.981 
14.169 11.674  9.821 13.011  7.648  5.141 10.348 10.573 14.931  6.845  6.552 
14.438 10.677  8.197  8.349  8.654  7.074  8.228  5.377  9.697  6.741 11.559 
 4.473  0.381  1.751  9.820  8.670  3.585  6.197  8.704  1.236 12.285 10.365 
 8.570  3.103  2.404  5.929  8.657  8.729  2.174  4.948  3.439  8.527 15.576 
 6.122  5.632 -3.633  8.629 11.805  7.414  4.934  9.822 11.430  9.396 11.915 
12.550  5.686  9.375  9.348  7.781  9.150  5.112 11.417  7.935  6.378  3.163 
10.323 15.783 10.606  3.542  6.806  3.101  7.371  8.467  9.674 10.796 11.712 
12.464 14.061  5.946  8.603  7.606  1.929  5.279  4.215  9.096  8.670 12.768 
 7.920  4.540  8.465 10.873 14.462  6.108  8.874 11.350  9.732  5.725 14.595 
 8.801  7.596  3.103 12.703  5.921  3.543  4.186  6.362  6.262 10.274  4.167 
 7.734 11.364  6.889  3.505  7.658  0.430  6.382  7.384  7.626 10.106 15.803 
12.118 12.382  6.215 10.980  8.755 13.333  6.853  7.935 10.008  5.785  9.170 
 6.449 11.515  5.180  6.740  5.066  4.168  9.230  7.054  8.518 10.131 12.280 
 5.433 13.326  4.548  4.027  9.898  6.768  5.156  8.635  8.597  9.532 11.877 
 9.215  9.462 12.176  5.059  5.531  3.680 14.674  6.024  7.882 12.344  8.547 
 5.464 10.860 -1.286  6.983  3.521 10.711 10.502  7.920 10.718 16.482 11.784 
 9.074  4.059 11.772  7.301 13.327  6.915  8.008  8.662 10.401 10.838 15.604 
 8.956 12.655  4.576 12.156  7.642  6.632  3.402 10.223  9.422 12.764 13.887 
11.952  7.340  7.513  5.490  0.110  2.499  8.260  8.836  9.631 15.898 14.395 
 8.801  7.786  4.760  2.055 10.759  4.370  5.936 13.997  9.021  6.944  8.997 
 5.488 11.081  8.850  4.139  9.237  8.947  8.782  6.632  6.828  8.056  9.016 
11.441  6.924  7.293  6.337  6.306  4.949  7.316  1.457  9.814  1.933  3.916 
10.985  8.871 10.918  6.013 10.890 -0.979  9.697  5.861  7.843  8.849 10.946 
11.650  8.406 11.553  6.890  2.141  7.176  2.619  9.396  6.649  1.255 10.547 
 8.967 11.324  4.473 10.635 11.274  4.863  8.121  9.639 14.984 10.874 13.551 
 9.246 10.449  6.410  9.080 15.414  7.228  9.651  5.254  6.033  8.678 14.831 
 7.431  7.724 11.467  5.458  1.607  5.195  4.981 13.277 15.066 11.164 13.358 
11.612 13.657  8.837  9.491  4.237  7.086  1.823  3.729 13.420 11.354 11.255 
 9.524  7.835  5.672 14.802  8.615 -0.057  6.465  9.102  4.629  3.634 13.183 
11.456 11.383 10.605  4.136  4.715  7.770  8.878  9.509  3.227  6.313 11.371 
14.286  7.434  8.011  4.722  7.153  3.082  3.919  5.372  7.050 12.374  9.228 
10.398  6.127 11.776  7.479  2.034  7.015  8.533  8.111  4.290 10.489 10.899 
 8.827 11.045  3.688  8.504  7.496 10.871  7.681  1.950  8.666  5.183 18.214 
11.086  8.990  0.831  5.563  6.792  6.931  9.041  7.618  4.687 10.084  8.665 
 8.350  8.920  4.633 10.868  6.425  9.905  6.917  5.809  4.671 11.194 10.553 
 8.382  9.302  4.392  6.705  3.560  7.912  9.498  6.714  9.826  9.189  8.177 
 7.328  9.549  7.162  8.908  9.204  8.764  4.988  8.765 11.096 10.698 15.857 
11.576 10.145 11.217  9.263  1.086 10.180 10.612 10.971 10.464  9.373 12.660 
11.306  8.550  8.488 11.220  7.248  5.650 12.964  9.844 12.477 10.011  7.896 
 8.521  8.497  3.473  0.339  9.844 14.237  8.255 12.193  4.998  8.300 12.696 
13.440 10.252  7.626  3.769  9.108  1.882  8.139 14.230 11.811  8.802  6.529 
 8.430  5.179  4.387  5.650  8.225  9.262  6.856  4.937  3.421  9.026 11.711 
12.987 10.881  8.581  5.638  9.717  4.924  8.449  8.524 12.598  9.733 12.408 
 5.790  9.987  9.041  4.436  4.730 12.156  7.573 10.836  8.494 10.321 16.255 
10.254 11.003 10.828  8.274 12.188  3.240  4.301 12.493  7.713 11.083 10.542 
 6.900  4.216  2.813  4.065 10.335  5.007  4.012  5.437  9.254 10.134 10.902 
 8.159 13.779  3.635  5.695  8.614  9.590  8.022  2.388  9.770  8.899  7.842 
 8.849 11.263 10.899  5.474 10.043 10.432  6.675 12.915  3.970  7.191 11.763 
12.577  7.873  4.889 10.046  5.350  5.942  5.505  6.305 11.330  7.947 10.227 
14.200 13.724  6.018  4.065  9.842  6.644  6.369  3.400  7.375  3.358  8.405 
12.490  7.748  8.289  8.497  4.283  6.696  9.268  7.280  8.285  5.791  5.761 
11.066  5.137  5.109  6.666  3.524  8.813 10.707  8.647 15.160  9.150  9.202 
 4.726  8.656  8.791 10.742  7.640  8.738  2.470  5.205 10.752  7.790 10.573 
 9.976  8.006  8.473  5.490  9.964  7.272  5.849 10.387  5.114  9.146 12.107 
 8.580 11.340  3.008  7.304  2.988  4.951  6.888 11.883  7.418  3.917 10.867 
 7.390  6.226  8.110  4.088  4.274  0.986  5.236  7.904 10.552  6.585 11.423 
12.936 10.624 12.646 10.011  8.073  5.228  7.189 14.477  5.641  7.426  6.856 
13.343  6.324  4.922 10.994  0.263  5.687  9.162  7.869 12.310  4.550  9.757 
 7.624 12.527  7.197  5.762  5.432 12.307 11.783 11.732  6.754  9.404  9.369 
10.949  6.799 12.182  9.381  5.537  4.263  2.629  6.830  7.631  8.838  7.789 
 9.226  9.365  9.170  3.520  6.969  8.011 10.528  5.828  3.796  5.042  4.194 
 7.596  4.004 12.589  3.874 14.144 13.782  7.972  7.311  6.509  9.991  3.100 
10.824  8.918  3.553  5.880  8.109  3.854  4.821  8.027  5.945  7.185 15.449 
15.254  5.399  3.574 14.057  7.542  3.468  8.793 -0.299  5.400 11.476 10.199 
 9.082  7.180  3.697  7.660 11.505  3.386  6.287  6.964 10.530  8.335 11.147 
18.965 10.116 11.669  7.839  7.870 12.273  6.275  3.373  0.897  5.854 12.791 
 6.823 11.464 10.612  8.803  3.836  9.964 15.111  3.553 10.208 10.271 11.727 
 6.696  9.933  7.288  5.259  9.566  9.446 10.089 10.561 11.407  6.979 10.655 
15.305 11.283  9.739  5.854  4.984  0.666  8.672  8.714 11.073  8.138 11.573 
 7.101  5.928  6.684 10.007 10.082  7.432  4.319  6.324 10.102 15.251 10.223 
 5.441 12.074  7.794 12.769  7.168  6.007  7.074  5.383  9.826 12.331 10.173 
11.646 10.052 10.038  9.413 10.925  9.918  8.161  6.861 10.328 14.279 10.072 
 9.236 12.154  6.485  8.866  6.441  9.443 10.918  7.344  6.951  7.047  3.184 
14.804  7.341  7.440  6.934  5.329  8.631  9.930  1.880  3.318  9.970  9.786 
13.857  4.615 12.047  5.838  8.488  4.205  2.714  6.415  7.823  9.815 10.115 
12.078 10.419  7.937  6.821  8.714  5.841  9.622  4.538  9.914  9.811 12.790 
10.451 12.457 13.068  5.407  4.743 12.273  3.237 11.165  5.267  9.772  5.964 
10.329 12.414 10.284  5.166 10.817  6.965  8.234 10.919  9.137  6.174  9.397 
 5.399 11.620 13.591  8.480  7.653 10.550  5.709 10.267  6.404 10.179 14.565 
13.136  7.788 10.831  6.627 10.513  9.218 14.699  5.512  3.393  8.015 13.061 
11.954 12.140  8.112  9.870  5.233  5.833  3.028  6.026 10.681 10.468  9.377 
14.353 14.487 10.465  8.901  7.984  7.722  6.674  9.158  7.224  8.806  7.579 
11.915  9.338  8.699  8.093  4.449  9.320  3.509  0.982  9.133  9.490  3.344 
 9.375 10.368  6.982  5.495  6.345  3.873  5.471 -1.389  8.149  6.005  8.478 
 9.145  9.419  8.606  5.186 16.077  3.114  4.310 12.043 11.237  8.784  5.400 
11.808 10.765  7.036  7.920 10.550  2.952  7.468  7.353 13.904 10.336 12.403 
11.538  4.790  2.005  3.299  6.443  8.154  6.103  9.862 10.976  2.742  9.769 
12.232  8.513  5.520  3.132  7.150  0.928  7.034  7.581  9.502 10.566  4.911 
15.471  8.475  8.752 11.057  2.592  8.492  7.694  3.281  7.178  8.058  8.529 
 7.778  5.563  6.406  5.851  5.607  6.196  4.510  3.379  8.943  6.533  9.300 
 4.999  5.413  5.041  7.340  4.256  5.485  8.745 14.201 11.373  6.348 10.875 
 8.216  6.802  6.725  8.345  5.375  5.251 10.022  9.258  5.270  9.522  8.141 
 8.739  4.557 11.142 10.733  0.637  5.195  8.958  2.620 12.099  9.370 11.684 
13.139  9.603 12.990 11.746  7.094  5.534  7.107  7.841 14.978  9.712 13.332 
15.446  9.933 10.460 12.699  8.688  6.577 13.144  4.842  6.785 10.380  8.903 
11.477  9.697  8.817 12.956  6.372  8.418  8.689  8.782  7.251  9.172 14.052 
 2.658  9.180 13.287  5.445  5.878  6.763 10.712  6.296  6.320  7.887  9.469 
16.065  3.120  7.775  6.747 10.052  3.553  6.882  3.475 13.754  2.604  9.137 
 5.919  6.833  8.792  4.328  8.939  7.831 13.737  1.092 11.997  8.697 10.859 
13.004 10.545  6.686  4.221  6.748 10.235  5.006  7.267  5.251  8.082 10.583 
10.042  4.316 14.722  7.868  8.173 11.120  1.212  1.992 14.519  7.366 10.242 
12.224  8.821  8.741  8.904  7.179  5.854  8.861  4.361  6.876 14.512 14.973 
10.021  9.144  3.829  5.884  9.001  8.988  5.892 10.735  2.345 15.062 10.447 
16.325 12.749  7.553  5.381  9.874  8.675  6.067 13.576  6.610  5.644 14.853 
11.526  6.471 10.121  1.831  5.772  2.020  5.219  6.534  0.937 10.555  6.943 
 9.210 10.541  4.305 10.297  3.301 10.030  9.265  7.325 12.426 12.925  6.631 
10.491  8.109  2.804  6.054  4.703  6.748  3.396  4.649 13.056  3.540  9.509 
11.078 10.090  9.858 11.588  5.729  6.938  1.266  5.528  2.394 10.397 10.186 
12.906  9.513 11.446  7.776  9.968  8.119 11.480 11.026 11.220 15.199  9.776 
10.165  5.913  8.889  4.478 10.639  5.997  7.935  5.755 10.337  5.430  9.826 
11.223  9.890 10.224  9.544  5.009  5.692  6.323 16.806  9.162 10.036  9.649 
10.997 12.892  8.198  9.283  8.772 10.883 15.913  3.760  9.628  7.081  9.532 
 6.692  4.332 10.964  6.851  5.407  8.212  6.563  8.013  8.033  9.628  7.628 
 8.402  4.333 10.642  9.490  8.118  3.923  9.508  7.191 10.964 11.297 12.000 
10.094  7.243 10.154  9.958  4.862  4.104  6.388 11.791  4.664  9.161 12.336 
12.121 16.179  7.510 10.602  1.133  9.498  7.709  3.063  4.829  4.610  7.823 
 9.869 13.675  9.650 10.330  7.868  7.889  8.723  7.259 11.734  6.689  8.593 
 6.650 13.408 13.373  6.686  3.557 -0.043  0.745 11.591  7.769 15.428 10.330 
 9.101 12.743 10.054  4.886  5.325  5.454  7.573  3.902 11.714 12.614 18.369 
 9.599 19.370 11.736 12.653  9.827 10.249  7.322 13.346  8.664 17.101 12.669 
 3.701  3.353  7.001 11.933  8.863  6.020  0.742  4.223  6.303 11.832 11.532 
 9.200  9.934 10.552  8.001 11.059  6.829  6.098 10.093  9.633 12.165  8.873 
11.125  8.623  9.994 11.072  3.332  7.724  9.109  5.117 13.793  6.952  6.319 
11.551 10.259  8.297  6.532 11.709  6.239  9.653  5.258  9.420  8.279  8.290 
 8.306 10.415  3.163  7.839  6.511  7.055 15.997  9.282 10.919 11.291 15.954 
 5.057 15.573  8.885  7.370  9.909  2.308  7.982 11.402  4.539  8.773 10.255 
15.616 11.173  7.864  7.286  7.274  5.618  5.407  8.624 10.447  1.140 12.051 
 8.298  4.317  9.601  4.565  6.407  7.341  7.775 10.460 11.214 11.029  5.850 
11.698 14.471 10.601  2.672  5.909  6.085  4.899  8.414  6.283  6.972  7.566 
 7.640  9.813  5.379  9.691  2.534  5.560  5.771  5.858 10.594  8.018 11.028 
 8.696 11.380  9.965  8.034  9.817 10.284 13.595  3.033  4.109  6.217  5.506 
14.026 10.354 15.396  8.750  9.883  3.407  6.286  3.446  7.063  4.697 13.561 
10.492  8.493  7.842 -2.058  6.092  6.990  9.280  8.902  8.217  8.805 13.014 
 2.835  6.372  8.021 13.561  5.091  3.415  7.757  8.968  6.247  4.912  7.639 
 4.544  3.953  8.645 10.790  8.981  7.106  9.678  6.582  9.112  9.617 10.593 
 8.812 12.371  7.023  3.831  1.501  8.148  9.364  7.954 10.102  7.929 10.118 
 7.591 10.523  4.090 12.483  6.729 11.450  5.216  9.454 12.622 12.699  8.449 
10.651 10.186  5.227 10.463  5.502 10.988  8.779  6.373  9.744  6.489 11.142 
 8.236 10.040 10.426  4.221  6.770  4.991  4.658  4.737  8.487  8.801  6.197 
10.851  9.343  8.386  4.699 13.373  6.677  4.905 11.068 16.205  9.068  8.120 
12.771  7.831  8.324  4.225  3.369  8.695  8.870  5.292  6.526  8.794 10.027 
13.519 12.862  8.001 10.683 11.975  8.743  8.541  2.062 10.402 14.132 11.028 
 7.725  6.802  8.694  4.946  8.803  9.536  6.916  7.499  7.719  9.441  9.155 
10.524  9.586  9.089  8.519  9.006  6.530  9.296  7.882  4.064 10.374  6.192 
12.118 11.499  9.273  1.077  7.065  4.940  5.793  5.913 13.013  8.797  8.564 
10.190  7.190  9.884 12.212  7.904  5.679  5.894 13.057 10.011  3.996 14.035 
12.315  6.666  6.783  9.599  6.404  8.841  4.316 12.420 10.247 10.479 10.156 
 9.503  2.964 11.609  3.746  2.740  7.925  5.330 12.706  8.063  3.288  6.013 
15.238  8.346 11.997  6.614 10.190  7.061  9.567 10.740 10.626 13.036  8.856 
16.230  5.261  2.819 11.092  5.054  6.735  4.124  7.440  7.491  4.716 10.229 
 7.964  4.889  9.406  4.210  5.481  3.797 10.873  5.013  7.793  6.799 11.293 
 8.945  5.244  7.172  6.386  4.514 11.675  6.110 10.473 12.724 15.404 15.363 
 5.793  8.083  9.508  8.076  1.250  6.452  3.478  9.504  3.898  9.802 15.761 
 7.650  8.816  9.331  6.785 10.781  5.365 11.597 11.007  5.863  8.057 12.691 
14.909  5.091 11.198  5.109  1.656  4.514  8.922  7.794  8.043 10.954  8.172 
 6.466 10.862  9.834  3.628  2.844 10.555  3.638 13.769  6.902  6.351  9.800 
14.377  8.512  5.358 11.792 13.986  4.243  3.725  8.336  7.670 13.713 13.523 
 8.327 10.031  4.835  6.035  0.869  8.330  9.045  8.942  9.214  6.029  9.686 
10.343  6.031  5.452 11.986  9.600 10.747  2.398  7.804  8.141  9.853 10.480 
14.391  3.676  9.122  9.199  5.739  3.399  3.912  4.945  2.371  6.345 12.412 
11.074 12.002  5.490  8.641  5.163  9.511 10.069  7.470 11.118 10.020  7.597 
 9.833 13.514 13.701 13.271  2.655  5.565 13.435  2.384  8.239 11.750 16.869 
 8.197  9.755 13.138  5.666  0.084 11.290  9.143  4.657  8.178 10.934 13.898 
 5.080  7.163  5.634  8.787  6.774  6.659  6.171  1.507  7.153 11.350  7.179 
13.811  8.959  7.134  6.158  5.483  5.507 12.103 10.403  3.915  5.537  9.070 
 7.610 11.608 11.068  7.415  9.153  6.345 10.956  6.900  7.495  1.800  9.622 
 7.784 13.956  7.002  5.152  8.831  5.045  8.596  8.111 12.996 10.013  6.591 
 7.717  4.614 13.205  8.828  6.873  8.169  6.666 10.802  9.307  6.378 12.468 
10.933  6.413  4.278 11.193  2.794  5.743  9.121  6.358  8.515  9.040  7.834 
 7.462  3.948 10.310  7.097  3.514  7.363  2.031  3.895  8.875  8.004 10.233 
12.867 -1.719 13.824  5.485  4.166 10.501  4.071 11.570  8.901  6.007 10.203 
 7.701  8.638 10.596 11.657  4.129 15.592  7.237  8.512  6.825 11.277 14.110 
 4.016  7.237  7.690  8.159  1.674  9.737  1.497  8.655 11.355 11.219  8.944 
13.084  9.650  1.639  5.311 11.602 10.364  7.780  4.014  7.453 14.270 15.140 
 6.103 11.591 10.276  4.694  4.926  4.505  1.290  6.146  8.969 14.420  6.000 
11.671  8.860 11.489  1.556  4.538  7.288  6.474  6.986 13.488  5.500 14.144 
10.711 -0.711  7.372  5.747  0.949  6.562  7.658  5.659 14.615  8.498  8.304 
10.084  7.057  6.513  8.848  9.808  4.379 15.120  6.102  6.467 11.114  2.205 
11.521  7.679 13.709 10.716  7.920  9.144  9.772  9.952 11.369  9.656  8.917 
 7.067  7.451  7.685  6.932  9.054  6.643  6.537 11.342 11.756  5.075 10.604 
 8.845  5.560  6.007 12.025  8.187  7.068 13.464 10.831 14.545  9.392  6.772 
13.586  9.350  8.077  7.415  7.730 14.117 12.598 11.119  8.092  8.011 13.214 
14.514  7.391 13.229  8.200  4.151 11.182  3.883  6.580  9.323 12.262 16.800 
 6.808  8.908  7.468 11.354  4.925  8.085  9.324  8.759  6.726  6.828 16.800 
 4.835 15.148 10.560  5.889 10.040  9.055  6.873 12.717 11.091  8.272  4.300 
10.499  7.985 -1.767 10.690  5.039  5.513 14.020  8.074  7.739 10.353  8.788 
11.378  9.643  8.714  9.237  6.477  5.877  7.167 13.268  7.849  8.799 14.284 
 6.046 13.017  9.273  6.064  6.773  8.978  7.130  2.061  9.920 10.434  6.533 
12.989  7.101  7.924  9.039  5.908  3.275  2.920 11.601 10.450  9.693 11.542 
12.328  8.780  6.690  7.364 11.073  9.347 13.638  4.128  9.963 11.797 14.119 
13.996  9.808  7.414  4.969  8.182  5.029  4.671  9.179 11.719  6.037 11.678 
 8.483  6.251  7.536  3.775  6.975  5.804  9.139  7.204 10.254  4.868  6.924 
15.334 14.393 11.050  7.683 11.080  6.741  2.472  8.534  8.038  8.789  7.026 
10.447 10.424  8.582 12.812 12.917  4.175  4.554 11.012  7.740  4.710  9.359 
12.797  3.804  2.562  3.699  6.060  7.739  7.004  7.436  7.429  3.351  8.453 
11.834 10.863  9.116 13.778  3.781 -0.544 11.149  8.452  6.951 15.943  5.090 
12.223  3.147  9.793 10.441  7.152  2.636  9.079 11.380  8.270  8.539 11.967 
13.994  3.151  9.022 10.579  9.443 10.504  7.116  7.221 12.506  9.913 10.273 
10.565 13.157  7.052 10.319 10.151  7.784  5.039  5.278 15.626 10.062 16.631 
10.564  7.580  7.862  8.012  9.665  8.179  1.764  8.630  6.994  8.111 11.502 
 9.741  7.983 10.240  9.712  5.578  6.325  5.608  2.673  7.402  3.666 12.750 
13.591  9.074 12.838  2.983  8.705  7.702  8.917  8.256  7.778  9.379 10.635 
 6.411  7.727  4.285  6.868 -0.322 10.677  6.645  8.766  5.300  5.454 16.572 
 9.963  6.808  6.036  1.847 -0.977  7.096 12.667 10.146  9.684  6.823 13.618 
13.033  2.151 11.788  4.955  6.778  9.348  9.962 14.008  7.020  6.085 15.340 
 8.420  8.339  8.778 10.978  6.969  5.360  3.746  5.954  6.716 11.229  8.193 
 9.591 11.146  8.153  9.977  6.489  2.528  2.365  3.675  5.692  8.657  6.287 
15.727 13.279 11.726  4.462 10.989  2.941  9.293  5.228 11.167 10.369 11.985 
15.156  5.157  8.657 10.171  5.061  3.933 12.122 10.207 12.015 12.022 10.750 
 4.899  2.617 12.818  4.661  6.910  9.671  5.528 10.989 11.118  4.555 -1.189 
 6.870  5.750  2.849  4.027  1.697  4.624 10.841  7.878  9.475  4.576  7.439 
 7.682  9.260 10.929  2.082  3.859  3.309 10.594 14.086  8.588 13.175 12.961 
 6.277  7.826  9.106  6.415  7.204  5.649  4.871  6.041 14.042 12.293 12.560 
15.065 12.177 -1.013  6.041  5.845  5.577  5.984  6.688  7.639 10.648 12.902 
 8.368  9.978 11.512 13.550  5.164  4.761  6.543  6.938  4.085 10.213  9.869 
 6.370  5.702 11.341  5.465  8.978 10.574  0.489  6.075 10.503  9.622 14.107 
 9.958  9.064  8.679  8.222  8.721  6.494  9.274  9.258  9.610  7.243  8.963 
 7.127  9.339  7.363  8.566  3.855  9.591 10.672  9.741  8.217 10.188  7.579 
13.749 10.618  5.868  0.556 12.007  8.617  6.306  9.090 12.093 15.857  9.690 
10.526 11.157  9.074  8.693  7.681  8.391 10.306  2.102  7.416  7.763  9.328 
13.093  5.945  9.303  5.805  6.431  4.929  1.065  8.775 11.598  6.595  7.913 
 8.977  4.213  3.287  4.254  8.895  5.364  4.323  5.620  8.552  9.590  8.986 
12.919 12.168  7.197 10.907  9.714  1.157 10.542  5.624  9.882 10.368  7.455 
 8.494 11.474  8.746  6.751 13.116  8.245  5.026  4.741  7.219  8.454 11.097 
 5.388  9.440 14.959 10.404  7.341  7.144 10.385  7.686 10.855 10.106  6.221 
 8.798  8.746  9.735  6.790 10.583 11.676  9.072  5.947 15.211  8.048 11.362 
10.531 15.527  7.704 12.167 10.009  4.595  4.307  4.081  9.969  6.707  5.115 
 8.422 13.174  8.144  9.487  9.969  5.395  6.648  6.035 11.474  9.530  8.413 
13.154  6.348  8.750  6.871  4.352  2.870 12.335  3.965  6.646  4.589 10.184 
13.919 11.772 11.384 10.376 10.112  5.787  7.394  7.138 12.162 13.981 12.293 
13.409  4.549  9.597 12.305  7.996  7.875  9.599  8.625  5.784  7.495  8.488 
10.738  8.760  5.878 10.251 14.613  0.565  5.645 11.866  6.611  9.622 15.871 
 8.898  8.054  4.582  1.004  7.556  6.241  9.679  4.069  5.254  6.314 12.833 
10.101  8.173  5.627  4.715  7.156  9.914  7.643  9.005  7.566 13.735  9.547 
13.942  8.232  8.805  7.131  4.288  9.132 10.584  8.115  9.475  9.741 13.147 
 6.814 11.492 13.654  6.886  2.237  8.469 13.655 10.188 10.700  9.724 10.966 
 8.906 12.669 12.502  7.288  4.982  4.137 13.228  8.413  3.034  0.823  7.655 
11.398  6.937  7.016 10.583 10.503  4.852  5.569 15.808  8.324 13.132  8.753 
10.089 10.874  8.333 11.924  9.001  7.527 10.446  5.868  6.117 12.195 12.050 
 6.889 11.935  4.186  5.417  5.289  9.457  9.735  5.043  8.632 14.374  9.993 
 8.998 10.603  5.166  7.615 11.882  8.322  9.289 12.926 10.765 13.234 10.669 
12.345  7.644  6.542 10.570 10.244  6.788  6.729  6.276  8.217 11.244 14.431 
 6.064 12.376  9.079 14.541  5.894 11.010  5.496  8.828 10.927  4.995 12.586 
 8.020  8.696  7.498 12.594  6.483  3.161  7.377  4.157  4.968 13.693 12.659 
 7.611  6.428  9.346  0.279  8.724  8.168 10.418  6.669  8.868 10.394  9.275 
13.543  8.004  6.183  7.524  6.559  2.588 13.370  7.085 14.353 10.466 15.847 
11.579  7.586  9.125 11.088 14.255  5.597  8.935  6.343  5.421  8.357  7.738 
 8.761  5.472  9.161  6.100  6.591  9.394  8.118  6.314 10.973  6.211  4.170 
 4.335 13.912  8.001  1.723 10.237  7.427  4.552  9.672  6.323 11.784  5.928 
 7.166  8.207 12.668  6.805  5.010  1.893  8.325 11.684  9.558  6.597 14.362 
 8.149  9.326  8.062  7.648  2.138  6.475  7.092  2.080  7.806 13.102 10.811 
 8.765 10.454  4.741  8.354  4.900  9.496  8.284  7.841  8.486  3.759 14.471 
 6.562 12.970  7.233  5.179  7.224  2.834  4.316  6.658  6.138  9.298 10.745 
 8.383 11.467 10.422  8.621  9.923  7.234 15.753 10.355  9.396  9.456 10.905 
12.552 10.666  5.344  3.522 10.529 13.542 13.435  9.650 10.430 13.150 13.011 
12.324 13.868 12.181  9.354  3.794  3.856  2.147  8.462  7.060 12.124  7.296 
 6.343  7.838 11.325  9.918  8.337 13.094 14.174  3.998  6.657 10.349 10.938 
 9.659 11.102 13.998  9.617  4.237 13.487  4.964  6.193  3.455 12.110 10.655 
 4.759 10.112  6.146  6.758 14.104  7.992  8.578  6.143  8.566  7.699 13.784 
14.465 10.578  6.179  5.406  3.347  8.886  7.356 10.636  4.758 11.383 12.746 
12.194 15.461  9.002 14.117  9.768  5.073  5.825 10.009 14.714 12.829  7.658 
 9.253  8.993 13.877 10.000  9.479 10.682  7.809 11.592 11.188 10.160  6.204 
 6.277 11.496  3.955  6.886  8.014  7.520  8.694  5.744  7.611 14.139  7.282 
 9.346  9.432  8.353  8.640 10.693  7.567  4.725  8.676  6.483 13.300 17.474 
12.469  9.920 12.540 11.319 10.023  6.361  4.598  9.471  6.513  8.333 11.491 
10.195 12.219  8.821  3.938  9.298 11.360  9.493 10.423  6.575 13.423  3.263 
13.040  8.492  6.669 11.302  2.962 10.275  2.920  5.808 10.912  8.400  4.901 
 9.718  9.564  3.973  1.072  9.292  5.075  8.098 10.327  7.313 17.766 10.460 
 9.195  9.336  7.229 10.320  4.147  3.831  7.097  5.074  4.299  9.149 11.007 
16.115  7.623  9.661  7.015  3.309  9.041  6.327  8.592  9.623  5.091  5.574 
 9.358  2.732  3.801  6.709  6.952 11.880  9.528  5.977  9.173 10.931  7.727 
11.399 12.663 10.183  7.798  4.791  8.752  8.599  3.203 10.104  8.956 13.236 
10.584  5.366 10.115  8.853  7.079  9.163  7.575  2.807 13.477  5.395  9.412 
 7.828  9.559 10.142  7.462 11.495  8.585  5.633  7.867 11.883  3.677  3.885 
 9.911 12.083  6.440  5.328  5.377  4.655  2.415  7.687  6.732  8.647  9.623 
 3.837  7.144  7.647 11.522 10.796  7.798  5.482 10.750  5.236 11.071  6.204 
11.438  9.012  8.302  7.430  6.336  5.876  3.329 10.159  4.626 12.997  8.265 
 9.651  7.709  7.331  8.489  5.911  4.099  1.476  5.709  9.463 12.350 11.236 
10.002 12.618 11.001  5.112  7.204  8.417  3.526  3.600 13.383 10.274  7.513 
11.841  3.364 11.784 10.237  7.190  4.934  4.195  9.799 10.137  7.689  5.390 
13.641 10.168  6.564  3.357  4.952  7.874  4.073  7.625  7.525  6.613  8.285 
14.311 12.303 11.023  4.490 10.902  8.872  8.273  5.411 10.637 12.609 14.303 
11.488 10.956  6.973  7.124  2.651  7.842  7.843  3.490 14.059  6.797  8.825 
15.323  3.302  5.516  7.857  7.508  6.310  7.934  5.743  7.642 11.762 14.525 
12.107 10.168 11.308 11.680  0.939 10.450  5.389  7.903 12.163  4.104 17.143 
10.052  7.987  9.464  5.168  4.756 10.421  5.020  7.155  7.839  9.175 10.735 
 7.048 13.248  9.497  7.515  7.589  7.211  5.330 10.378  3.868 10.358  9.208 
13.954 12.075  9.332  1.865  9.290  2.989 12.548  3.348  6.768  6.132  9.237 
 6.759  5.382 10.040 12.318  8.664  9.338  8.048 10.722  9.796  6.672  9.236 
11.177  4.636  6.974  2.762 10.984  7.540  8.225  3.252  9.446 16.113 11.982 
11.886  7.765 11.555  6.012  9.364  8.865 11.391  9.268 12.994  6.636  7.880 
11.986  9.032 12.355  3.606  6.475  8.595 12.780  3.079  8.157  7.754 11.437 
 9.251  9.028  4.285 11.523  5.020  5.436 10.522  8.761  9.827  4.759 11.554 
10.346  8.527  3.164  8.901  7.788  6.022  9.650  2.565  9.436  7.473 12.372 
 6.792 10.222 10.594  6.892 11.307  4.232  9.020 12.170  3.122  7.994 12.801 
12.635  4.532  9.564  8.887  6.623 13.118  8.098  8.948  9.454  3.588 15.416 
 5.092  9.090 10.515  8.016 15.942  6.309  8.420 11.803 10.180 13.503  5.925 
11.171 12.387 12.518  8.455  6.184  5.356 14.334  3.460  6.686 13.062  6.677 
 8.750  2.486  7.926  5.201  9.477  4.212  6.313  2.298 13.160  4.263  9.295 
12.390  8.398 10.255 10.346  3.989  3.331  7.318  6.065 14.325 10.643  9.235 
 7.094  3.710  5.292  5.738  0.020  3.604  5.454  7.295 10.193 11.137 11.154 
12.281 10.318 10.461 13.330  8.055 14.169  6.961  6.390  0.608  6.163  6.714 
12.072 12.563 10.378 11.745  9.635  8.201  5.398 14.823  4.700 14.562 13.234 
10.458  7.420  3.915  1.770  3.989  9.815 10.837  6.925  6.475 13.735  8.297 
10.233 11.009  9.683  7.798  3.548  5.589  6.151  7.784  7.788  8.128  7.760 
 8.695  7.424 10.921  6.200  6.575 15.919 13.745  1.507  8.086 12.864 10.092 
13.277 11.741 10.744  5.271  3.196  7.804 -1.453  2.217  3.690  6.630 10.708 
11.257 14.050  7.758  8.407  8.372 15.983  4.181  6.829 13.963  7.314 12.095 
13.592 14.635  6.604  9.441  7.092  4.504  8.909 10.378  7.554  7.094 15.845 
 7.536  8.847  6.103  0.396  7.340  4.047  4.952 11.502  6.594  7.633  9.158 
12.780 11.506 17.036  7.955  5.406  5.495  7.728  6.651  1.995  2.839  6.865 
 8.735  5.361  7.181 14.714  6.018  8.911  1.404  7.146  8.894  5.275  4.710 
 7.703 10.080  8.294  3.882  9.573 12.660 10.541 11.471  8.479  6.702  9.031 
12.632  7.828  8.678 10.540  7.746  8.754  8.895  6.682 12.531  8.189  6.759 
 4.871  6.006  6.610 12.219  9.115  4.067  9.610  5.983  5.611  7.971  8.564 
11.532  9.090  5.632  5.794  8.146 10.480  7.818 16.082  2.651  6.582  6.295 
15.316  9.898  1.398  6.208  6.948  0.442  5.214  9.389  5.673 13.731 12.738 
 0.962  7.688 11.177  2.346 11.817 11.059  7.626  7.841  4.426 11.069 14.505 
14.426  8.864 12.354  1.567  6.877 -0.579  3.950  8.314  4.900 12.032  7.945 
15.311  7.097 11.716 12.574  3.647  3.448  4.330 11.082 10.199 10.873 11.230 
12.083 13.400  4.870  9.379  4.599  7.613  7.430  6.257  6.997  7.124  8.673 
 6.874  7.217  5.636  1.340  3.762  9.283 10.743  3.840  6.974  9.606 12.434 
 5.044  9.221 10.309  4.250  2.539  4.444  9.525  7.093  7.810  7.977 12.253 
 9.991 11.672  8.579  3.972  5.888  7.829  4.187  6.250  9.046 13.439  7.122 
 7.193  7.340  9.458  8.701  9.081  7.280  9.047  7.672  6.215  8.021  5.626 
11.559  6.956  5.029  2.997  5.865  8.799  7.315  7.334  7.891  5.841  9.247 
13.242 10.918  8.679  7.107  9.684  8.048  4.635 -0.284 10.779  7.285 14.196 
13.523  5.137  9.039  6.718  6.311  3.785  9.820  0.855 11.440 10.366 12.340 
10.311 13.147  3.060  9.093  8.437  6.659 14.937  4.726  5.212 12.987 10.769 
10.208 11.735  1.333  6.725  4.582  8.029  4.297  7.291 13.073 11.929  7.445 
 0.446  6.750 10.051  6.190  5.661  6.268  2.204 12.980  8.451  8.152 10.245 
 9.006  7.104  8.882  9.893 16.845  1.967  9.894 10.094 11.896  7.246 10.517 
11.413  9.680  4.581  4.577  4.713 10.812  7.245  8.210  8.296  9.732  4.572 
11.488  7.632 10.425  5.755  3.042  8.027 16.238 10.628  2.285 12.954  7.011 
13.591  3.980  1.641  7.329  8.767 10.268  6.290  2.253  8.741  9.447 10.712 
10.061  9.073  5.735  9.368  9.653  9.960  6.787  0.944  5.543 15.201  8.565 
13.815 13.696  3.074  7.987  3.656  3.795  7.402  5.259  6.001 14.258  9.395 
 9.605  8.165 10.229  5.822 11.990  5.159  8.182  9.250  9.030  7.845 14.405 
 7.277 10.574 10.064 13.877  8.222 16.560  9.269  6.354  5.886 10.505 13.191 
 5.364 14.182 11.019  9.818  4.549  1.319  3.316  7.854 12.120  9.879 10.916 
 8.194  9.505  8.173  6.574  5.472  7.328  6.899  6.972  9.946  3.326 12.374 
 9.023 12.283  8.640  8.383 10.321  5.965 10.575  5.504  6.745 13.249 11.412 
10.174 10.654  0.899  5.647  9.050  6.100  7.816  5.288  7.596 14.506  8.536 
 8.622 10.139  6.974  8.248  8.264 10.594 10.864 11.166  6.050 10.120 12.039 
 6.503  4.537  7.756  3.285 10.162  6.323  7.014  9.594  7.341 13.024 13.662 
 9.739  8.076  5.557  0.660  8.282  4.787  4.556  7.432 10.867 13.377 12.570 
 9.475  7.981 13.464  6.876  7.257  5.599 11.310  3.128  5.705  8.829 16.040 
12.035  8.109  4.813 10.187  1.636  8.069  9.761  8.035  6.833 15.822 14.831 
13.944 10.371  7.306  8.576  3.386  7.265  3.766  2.616  4.805  7.433 10.184 
10.029  6.279 17.066  6.144  9.306  2.767  7.193  5.296 12.965  5.402 11.419 
11.330 12.417  3.766 13.719  5.011  7.459 12.702  8.750 10.389  8.333 12.209 
10.224  6.981 10.409  0.898  4.965  6.537  8.914  6.091  2.455  8.634 11.302 
13.533  7.296  1.224  2.881 10.649  7.131  7.345  6.679  5.198  5.463 10.643 
16.544 11.922  6.600  9.425  3.630  0.145  9.404  7.245  9.709  9.663  8.202 
14.740 10.320 13.997  6.556  8.968  7.666  5.670 11.446 13.089  8.054  9.756 
 9.517  6.002 12.922  7.667  9.507  4.802 14.450  8.874  5.437 13.646 14.522 
 6.538 10.213  2.360  9.047  5.073  0.497 -1.099  8.912 13.071  9.639 18.827 
11.820  8.554  5.871  8.953  8.652  6.076  7.164  9.502  5.014  9.640  4.092 
 4.499  6.251  6.032  7.888  5.850  8.347  2.755  1.205 11.753 11.182 11.353 
 8.092  5.472 16.410 11.117  7.991 10.007  8.648  8.949  7.452  7.216  8.507 
 2.604 12.491  1.512 11.229  0.958  5.655 15.301  7.254  3.442 11.966 17.170 
11.489  6.511 10.182 10.695 11.589  0.112  3.641  7.934  8.974  9.095 13.206 
 6.846  9.199  9.520  6.648  4.923 11.243  8.210  7.661  4.218  4.466 14.248 
13.449  1.677 13.059  5.226  4.375  4.831  5.480  8.901  5.068  5.654  4.183 
14.227 12.563  8.747  4.316 10.220  5.746  8.141  9.328 11.210  9.525  9.752 
15.970  7.489  2.376  8.643  7.670  9.053  8.446  7.800  9.491 10.821  6.504 
 7.406 11.679 12.475  1.849  7.508  8.454  3.070  9.754 12.393 12.951 10.227 
13.127  2.953  9.784 10.210 10.475  8.019  4.262 -0.788 12.412  9.977 12.282 
 9.879  9.979 10.665  9.746  5.066  6.941  3.210  3.256  6.409  5.872  4.367 
12.442 10.022 10.126 11.130  6.009 13.704  6.942 11.607  8.254  0.650 10.026 
11.878  6.707  8.956  7.297  5.940  8.257  5.926  3.763  6.318 11.844 13.225 
13.170  9.544  5.658 10.563  7.171 11.380  8.458  9.086  8.081 11.729  7.326 
 2.671  6.334 10.228 11.607  5.460 13.985 10.960 10.844  8.640 11.801 16.866 
13.562  8.878 10.820  6.339 10.801  3.615  7.848  6.841  3.789  7.674  7.724 
 5.515  8.440  4.668  6.482  6.305  2.131  2.246  6.355  9.570 10.903  7.938 
14.202 10.293  6.125 11.691  6.126  4.015  6.824  5.867 10.447  8.886 12.426 
 7.304  7.510  7.249  9.538 10.508 10.993  3.523  5.010  8.636  8.423  9.312 
11.096  9.280  4.329  5.532  7.128  8.360  3.730  9.559  7.677  5.094  9.033 
13.493  9.380 10.565 11.216  4.169  1.874 11.815  2.022  8.084 11.421  7.404 
 6.834 11.635  4.605  4.430  7.767  6.711  4.763  7.877 12.661  6.328  9.778 
12.308  8.585 11.372  8.486  5.412 10.299  9.779 13.534  6.554  5.089  9.167 
 6.482 10.731  6.823  9.540  6.723  7.883  3.623 12.824  9.317 11.437 13.603 
 7.311 13.317  7.527  7.841  5.920  4.437  2.123 13.222  8.723 13.931  6.958 
13.409  8.301 10.535 11.428 10.091  6.083  6.116  6.557  7.816  6.140  7.222 
13.765 10.003  9.708 12.267  3.734  8.411  3.844 14.180 13.903 10.764 13.539 
 9.976  6.153  9.446 11.647  4.746  4.515  6.892  6.484 10.206  5.678 14.986 
 6.287 14.818 10.956  0.333  2.331 -0.325  7.768 15.262  6.917 10.827 12.908 
 7.193  7.478  7.240  6.728 10.913 11.542 10.171 11.521  7.590 11.909  5.988 
 3.192  4.493  6.863  9.929  9.497 10.548  2.681  8.590  8.655  8.976 15.422 
12.524  5.349  5.482  9.455  5.823  5.819  7.818 10.750 10.448  7.744 12.723 
 9.509 13.333  9.075  5.888  2.492  8.177 10.912  2.243 10.133 15.735 11.316 
 4.767 10.262 11.483  8.297  6.212  9.382  8.835  8.071 11.762 11.565 11.565 
14.471  3.129  2.872  6.000  4.430  9.019  6.432  2.248  4.710  8.738 11.899 
 6.957  2.241 -0.148  5.409  9.238  6.422  8.180  5.200 12.943 12.139  7.406 
10.408 12.880  8.496  6.048  4.479  8.887 11.109 11.447  5.950  4.447  9.103 
11.797 11.867  5.849  8.728  3.847  8.890  6.502  3.789 15.009  4.904  9.902 
11.681  5.810  8.224  9.249  6.283  6.966  2.123  2.586  7.727  5.639 12.021 
 7.975  6.776  6.914  7.127  8.979  4.262  7.998  7.520  5.270  8.836 11.549 
 8.173  8.745 10.542  3.975  7.407  5.717  9.781 10.883  7.440 16.180  4.570 
 7.969 16.470 15.082  3.597  6.297 13.983  6.614 -1.213 12.162 10.744 11.426 
 3.700  3.749 15.513  6.317 12.656  3.611  8.095  7.305  8.899 10.387 10.097 
 5.817 10.539  7.748  6.996  8.670 13.656  6.622  7.678 14.156  8.021  9.298 
15.029  5.024  9.617  9.870  3.138  3.857 10.981  5.025  9.297  8.316  8.525 
 6.317 10.787  6.327  8.014 11.137  2.819  5.905 12.016  8.471 19.183  9.195 
 8.586 12.817  8.968  4.979  6.325  6.546  5.017  2.844  8.972 12.123 15.503 
11.025  7.747  7.163  8.854  3.235  9.216  6.059  6.624  9.037  6.015  6.552 
11.425 11.117  5.580  9.003  2.728  9.027  1.847 11.732  5.732  9.395  9.784 
13.275  6.828  6.313  8.096  6.174  6.750  8.637  4.701  5.242 13.158  4.941 
13.383  6.776 11.890  9.200  8.712 10.470  8.429  6.462 10.366 10.023  8.200 
 7.716 12.589 10.762 10.694  9.703  7.970  9.173 12.252  9.394 16.124 11.026 
10.572  6.997  8.782  7.490 10.262  8.738  3.074 10.688  7.191  7.221  9.360 
 9.602 11.039  6.470  6.667 10.153 10.623  8.039 13.800  8.043  7.711 10.317 
 2.741  4.138 11.416 10.472  3.324  3.958  4.142  6.800  8.994 10.652 16.348 
11.247  8.562  2.005  8.493  6.122  7.642  7.211 14.358  6.776 11.148  6.230 
11.368 11.019  0.317  5.364  3.440  4.347  6.650 13.052  6.750  5.987 11.654 
10.423  7.695 11.296  8.797  3.726 13.001 10.319  7.035  2.502 11.898  9.679 
10.676  9.425  8.460  5.321  7.266  6.136  5.361  7.629 13.608  7.783 11.950 
 9.897 13.284 10.407  3.070 12.563  8.648  3.727  7.144  8.443  8.295  9.025 
11.275  0.805  7.335 10.839  6.743  1.853  1.720  1.379  8.619 15.677  5.883 
 5.556  6.244  9.254  9.838  2.630 13.530 11.910  7.590  9.591  6.534 11.321 
 8.807 12.420  3.523  3.907  7.473  5.082  8.634  7.029  5.450  7.827 11.533 
 7.087  6.461  8.369  0.594  4.651  8.695  5.010 10.143 12.015 10.547  6.455 
 7.963  1.676  7.944 11.714  7.252  4.122 -0.508  4.780 12.652 11.021  6.719 
14.975  5.522  6.117 12.942  9.714 11.324  8.041  6.169  8.449  9.081 12.527 
12.249 11.191  3.189 13.107  9.098  8.564  7.656  6.381 11.161  9.550 11.057 
11.865  9.671  5.811 12.471 11.514  8.868  8.837  3.992  9.469 10.111 11.741 
 8.287 12.236  6.697 10.221  9.296  7.455  9.584 12.197 12.032  5.485 10.353 
 7.612 10.462  8.661  8.848  8.110  3.020 13.184  6.297 12.248 10.612 11.983 
 7.379  9.402 13.390  5.880  4.337  2.021  4.276  4.327  4.473 11.149 10.221 
 8.600  6.983  4.505  4.832  4.083 13.792  0.920  6.534  2.427  8.179  8.955 
11.344  8.434  7.354  9.379  4.886  5.169 -0.325  1.944  9.040  6.470 10.315 
14.587 11.312  4.241  8.637  5.298  8.552  0.645 14.103  8.523  9.338 11.607 
16.612 13.071 13.340  5.320  8.939  9.469 13.147  5.904  9.917  6.874 11.836 
 8.098  4.489  9.529 13.642  1.525  1.462  4.920  4.795  9.766 10.740  9.144 
11.905  5.767 13.538  7.325  0.944  8.824  8.573  5.696 11.666  9.692 14.445 
10.895  7.763 11.216  8.010  2.367 16.001 11.043  9.424  8.986  7.861  6.179 
12.703 14.935 13.688  4.058  8.296  3.215  2.698  7.575  3.482  7.959  8.986 
 7.528 13.253  9.872  9.325  6.190  4.354  6.025 10.004  7.067  9.649  7.665 
 8.774  7.744  7.925  2.359 11.206  9.139  6.113  7.567  7.935  3.723  9.855 
 9.096  8.560 11.032 11.978 10.877  4.131  5.679  7.530  9.661  8.969 12.472 
 7.673 11.479  3.599  4.087 11.994  5.835  8.260 12.413 10.916  7.094 13.113 
 5.034  0.193  3.326  7.379  7.940  6.759  7.710  6.908 11.410  8.206  7.065 
 9.422  7.881  9.188  4.515  3.375  6.332  6.379  7.571  7.006 12.989  6.348 
 6.788 12.031  3.340  8.272  3.929  8.166  2.200  9.028 10.685 11.671 11.047 
 6.765 13.759  3.353  7.175 11.184 12.405  5.051 12.252  3.068  4.370 12.022 
11.690 11.776 12.007 10.984  8.911  5.335  8.427  5.764 11.746 12.715 12.292 
 7.317 13.748  4.392  3.779  9.683  8.123  5.435 11.904 11.151 13.888  6.623 
10.807 10.649  3.889  2.801  3.933  2.533  4.611  9.600  9.366  6.003  9.392 
 8.596 14.617  9.758  4.761  6.754  6.223  8.255  2.966 12.791  4.388  6.684 
10.625  6.464  7.558  3.472 13.489  5.260 -0.317 11.595 12.104 13.161  6.213 
10.135  7.789 14.503  5.430  9.729  8.703  7.174  0.337  8.435  9.456 12.261 
11.095  6.146  8.885  9.808  5.381  5.084  7.247  8.208  2.897  8.692 12.643 
17.343  7.276  7.238 11.173  4.931  5.772 13.105 12.456  4.375 13.510 14.216 
 7.876  8.558 10.272  8.718  4.364  9.526  8.672 10.061  5.603 12.137 13.002 
 8.717  4.810  9.071  7.586 10.027  9.978  9.374  0.889  6.417  6.393 13.758 
 5.877  4.232  7.870  8.629  2.833  8.167  6.266  7.560  3.768  7.107  1.891 
17.126  6.882  6.071  6.890  8.113  9.937  5.447 11.083  7.580 10.624  7.025 
 9.913  9.817 10.117  3.332 10.115  7.711  2.260  4.670  4.721  7.702 11.078 
11.242  8.934  4.653 11.017  7.494  8.481  7.197 -1.742 10.884 13.844 12.449 
 8.619  6.949  5.048  5.537  5.278 10.598  1.543  8.296  8.679  3.509  8.482 
 8.260  6.951  5.925 10.619  3.405  4.792  7.686  2.412 11.191  7.813  3.864 
 9.540  7.941  9.591  1.974  7.544  4.790  8.557 11.115  7.200 11.060  7.098 
 7.939 12.526 11.756  4.910  8.242 10.228  5.656  7.572  2.047 13.245  9.674 
 9.858  8.094 10.957  8.243  5.046  3.508  8.739 13.143 11.477 12.871 11.128 
11.865  9.561  8.306  8.721 10.512  6.782  8.795  9.514 10.876 12.741  8.285 
12.077 10.312  7.679 13.028  6.706  6.411  5.332 11.820  8.531 15.347 13.467 
 8.784 12.323  6.994  9.696  4.508  6.106  6.623  4.058  9.185  3.826 14.106 
12.010 10.083  5.108  8.271  7.780  6.592  3.702 10.377 12.821 11.751  7.529 
11.595 14.961 14.241  1.170  5.135  9.845  5.480  5.925  6.375  6.935 14.348 
 6.554  9.186  7.853  6.334  5.257  5.049  9.931  8.215 12.467  5.626  2.699 
 7.719 12.427 11.212  8.673  9.276 13.198  8.010  9.623 12.245  9.267 14.342 
17.786  9.893  6.823  8.994  4.213  8.074  8.800  4.849  7.731 14.036 13.312 
13.347 11.186  6.106  6.514  4.399  7.247  7.302 10.519  9.997  5.850 11.031 
 7.818  6.677 12.312  4.634  8.594 10.830  8.773 11.257  8.482 10.439  9.675 
 2.669  9.732 10.461 10.772  5.036  5.092 10.357  4.789  8.698 12.504  8.235 
 8.501 11.351  9.805  7.646  5.218  6.528  7.968  6.045 10.754  8.020 12.070 
11.135 12.130  6.945  5.099  6.115  4.168  9.556  8.399  8.290 12.523 13.330 
12.704  7.310  7.752 11.681  3.737  5.842  8.276  9.171  6.537  5.985  7.852 
 9.743  8.605  8.249  3.407 11.419  5.217  8.064  6.767  8.545 16.651 10.709 
11.356 10.338  8.394  8.080 10.260  7.275  8.726  7.400  5.983  6.348 11.800 
16.179 10.700  7.238 10.697 10.969  9.098  7.239  6.270  9.583  2.938 12.438 
 8.962  9.193 10.219  8.058  4.641  6.330  1.807  6.663  4.912  7.455  6.464 
 6.601  7.953  8.017  7.783  9.942  8.050  3.951  6.984  4.130 13.370 10.548 
 7.463  5.886  6.117  6.900  4.660  9.408  5.339  2.441 12.168  9.193  6.495 
 5.986  3.966  5.931  8.180  8.393 10.051  9.842 12.711 11.034 11.518 14.568 
 7.570  8.846 -0.573  8.425  9.666  5.337 11.361  7.005  6.918 10.325 10.132 
 9.402  8.278 11.464  9.598  1.426 14.362  7.181  5.383  8.815  8.883 14.424 
 8.499  8.051  7.293  1.217  6.366 10.918 10.396  8.913  3.561  2.593 12.464 
