10.047  9.088  8.323  7.524  7.465  7.079  7.170  7.531  8.202  8.882 10.057 
10.201  9.014  8.254  7.596  6.968  7.195  7.307  7.575  8.232  8.938  9.850 
 9.979  9.082  8.353  7.772  7.049  7.016  7.273  7.493  8.282  8.987  9.977 
10.067  8.945  8.445  7.436  7.185  6.944  7.357  7.873  8.284  9.217  9.817 
 9.915  9.108  8.035  7.789  7.223  7.114  7.144  7.543  8.347  8.959  9.926 
 9.938  9.277  8.340  7.578  7.219  7.031  7.375  7.599  8.354  9.084 10.044 
 9.991  9.139  8.324  7.691  7.225  7.128  7.276  7.510  8.172  9.117  9.938 
10.021  9.160  8.235  7.642  7.326  7.162  7.156  7.533  8.226  9.104 10.019 
10.055  8.924  8.227  7.658  7.466  7.136  7.292  7.708  8.308  9.287  9.862 
 9.850  8.999  8.107  7.726  7.009  7.008  7.118  7.591  8.376  9.048  9.929 
10.140  9.034  8.348  7.574  7.260  6.861  7.220  7.488  8.141  9.011  9.880 
 9.985  8.968  8.150  7.639  7.191  6.972  7.225  7.609  8.306  8.985  9.802 
10.000  9.079  8.339  7.652  7.065  7.208  7.265  7.612  8.267  9.120  9.975 
 9.876  8.970  8.303  7.568  7.299  7.120  7.268  7.536  8.217  9.277 10.086 
10.016  9.118  8.330  7.632  7.221  7.051  7.172  7.547  8.074  8.934  9.978 
 9.973  9.012  8.297  7.513  7.248  6.995  7.367  7.548  8.359  8.989  9.832 
 9.871  9.132  8.159  7.583  7.102  7.259  6.975  7.550  8.184  8.989 10.033 
10.005  8.987  8.191  7.576  7.370  7.147  7.211  7.499  8.193  9.109  9.940 
10.050  8.938  8.150  7.546  7.258  6.915  7.217  7.765  8.327  8.945 10.034 
10.095  9.032  8.253  7.577  7.391  7.104  7.157  7.621  8.175  9.023 10.015 
10.220  8.951  8.320  7.643  7.281  7.097  7.207  7.508  8.376  9.078 10.171 
10.074  8.997  8.207  7.606  7.262  7.183  7.236  7.811  8.153  8.982 10.054 
10.070  9.019  8.205  7.674  7.110  6.911  7.093  7.650  8.213  9.049 10.131 
10.049  9.091  8.439  7.503  7.248  6.981  7.194  7.447  8.370  9.196 10.230 
 9.988  9.045  8.356  7.676  7.207  7.108  7.351  7.731  8.236  8.850 10.108 
 9.846  9.017  8.368  7.529  7.123  7.192  7.129  7.603  8.135  8.975 10.121 
10.008  9.014  8.005  7.560  7.259  7.076  7.145  7.567  8.139  9.231 10.111 
10.025  8.910  8.361  7.669  7.241  7.152  7.273  7.636  8.223  9.046  9.938 
10.114  9.062  8.249  7.532  7.335  7.073  7.333  7.593  8.266  8.991  9.979 
 9.922  8.964  8.172  7.544  7.173  7.172  7.145  7.676  8.157  9.013 10.083 
 9.895  9.114  8.127  7.558  7.482  7.044  7.331  7.717  8.245  9.180 10.001 
10.017  9.152  8.121  7.628  7.295  6.854  7.191  7.492  8.500  8.975 10.257 
 9.967  9.171  8.339  7.721  7.256  7.083  7.250  7.564  8.141  9.003 10.002 
10.137  9.187  8.300  7.727  7.266  6.979  7.177  7.598  8.137  9.077  9.934 
 9.825  8.874  8.192  7.429  7.320  6.793  7.258  7.572  8.280  9.234 10.063 
 9.985  8.975  8.449  7.559  7.099  7.192  7.377  7.590  8.192  9.176 10.101 
10.063  9.052  8.128  7.572  7.265  7.049  7.259  7.730  8.286  9.015 10.012 
 9.832  9.142  8.285  7.740  7.336  6.994  7.220  7.583  8.363  9.066 10.281 
10.009  8.972  8.276  7.409  7.257  7.205  7.185  7.597  8.302  9.010  9.936 
 9.933  8.976  8.234  7.510  7.080  7.263  7.270  7.792  8.188  9.081 10.031 
 9.954  9.121  8.287  7.466  7.162  6.998  7.193  7.639  8.210  9.062 10.213 
10.204  9.147  8.334  7.486  7.106  7.009  7.078  7.524  8.201  9.020 10.046 
10.022  9.168  8.313  7.680  7.207  7.127  7.449  7.630  8.387  9.082 10.057 
10.124  9.114  8.251  7.502  7.151  7.050  7.117  7.874  8.325  9.021  9.808 
 9.890  9.142  8.263  7.648  7.208  6.986  7.065  7.527  8.350  9.153  9.985 
 9.996  9.190  8.294  7.566  7.312  7.154  7.142  7.374  8.295  9.146  9.971 
 9.970  9.013  8.415  7.641  7.277  7.078  7.111  7.514  8.358  8.922 10.041 
10.020  8.925  8.367  7.710  7.309  6.969  7.226  7.654  8.152  9.084  9.963 
10.155  9.004  8.429  7.584  7.355  7.047  7.252  7.588  8.059  9.216  9.968 
 9.873  9.119  8.232  7.524  7.156  6.995  7.348  7.800  8.284  8.998  9.903 
10.021  8.902  8.151  7.819  7.028  7.080  7.293  7.606  7.997  9.054  9.825 
 9.874  9.191  8.239  7.680  7.180  7.040  7.274  7.596  8.201  8.960  9.872 
10.007  8.884  8.217  7.764  7.205  7.079  7.239  7.493  8.411  8.947  9.898 
10.088  8.896  8.189  7.557  7.320  6.944  7.205  7.456  8.223  8.841  9.910 
10.064  9.195  8.153  7.691  7.220  6.924  7.358  7.585  8.177  9.009 10.096 
10.026  9.224  8.221  7.434  7.082  7.109  7.421  7.638  8.211  9.020  9.846 
 9.940  9.200  8.122  7.679  7.219  7.220  7.298  7.600  8.238  8.968  9.964 
10.052  8.942  8.252  7.631  7.287  6.972  7.086  7.466  8.361  9.058 10.204 
10.064  9.157  8.350  7.810  7.192  7.171  7.220  7.735  8.432  9.032 10.099 
 9.831  9.137  8.327  7.577  7.233  7.010  7.282  7.586  8.160  9.070  9.807 
 9.976  9.122  8.367  7.642  7.233  7.071  7.259  7.654  8.241  9.024 10.159 
 9.964  9.182  8.094  7.521  7.232  6.958  7.132  7.530  8.356  8.988 10.141 
 9.912  9.266  8.282  7.673  7.183  7.146  7.354  7.574  8.212  9.039 10.079 
10.014  9.079  8.267  7.608  6.996  7.159  7.247  7.645  8.216  9.075 10.050 
10.055  9.017  8.285  7.599  7.290  7.093  7.142  7.902  8.218  9.069 10.046 
10.049  8.905  8.221  7.623  7.359  7.123  7.183  7.777  8.444  9.154 10.152 
10.029  8.927  8.258  7.804  7.211  7.168  7.138  7.452  8.440  9.167 10.053 
 9.995  8.950  8.043  7.423  7.286  6.900  7.011  7.596  8.300  9.127 10.005 
 9.931  8.910  8.070  7.659  7.261  6.960  7.461  7.528  8.151  8.999  9.844 
 9.903  9.060  8.445  7.653  7.272  7.008  6.963  7.601  8.231  8.922  9.987 
 9.919  8.958  8.316  7.461  7.268  7.083  7.144  7.653  8.250  9.172 10.008 
10.199  9.061  8.420  7.581  7.158  7.104  6.979  7.647  8.258  9.033  9.951 
10.214  8.915  8.238  7.656  7.156  6.898  7.054  7.773  8.380  9.176 10.058 
 9.961  8.866  8.355  7.543  7.340  7.021  7.323  7.792  8.354  8.941 10.083 
10.062  9.166  8.182  7.708  7.197  7.040  7.260  7.517  8.255  9.073 10.189 
 9.984  9.109  8.349  7.613  7.266  7.175  7.238  7.441  8.302  8.968 10.210 
10.183  8.967  8.394  7.605  7.093  7.141  7.159  7.473  8.283  9.189 10.013 
 9.903  9.078  7.984  7.826  7.407  7.117  7.077  7.595  8.356  9.125 10.073 
 9.869  9.105  8.335  7.506  7.262  6.963  7.257  7.729  8.218  8.986  9.991 
 9.898  9.111  8.297  7.669  7.369  7.002  7.277  7.413  8.235  9.085 10.048 
 9.946  8.951  8.235  7.648  7.186  6.967  7.344  7.562  8.078  9.098 10.031 
10.016  9.131  8.217  7.724  7.104  7.055  7.235  7.621  8.188  9.060  9.837 
 9.813  8.987  8.249  7.796  7.186  6.996  7.206  7.697  8.429  8.974  9.843 
 9.945  8.951  8.388  7.498  7.217  6.966  7.242  7.675  8.284  8.966  9.898 
 9.865  8.953  8.255  7.841  7.159  7.074  7.193  7.566  8.307  9.078 10.068 
 9.993  9.093  8.375  7.683  7.183  6.930  7.239  7.819  8.260  9.068 10.011 
 9.996  9.002  8.293  7.529  7.246  7.251  7.122  7.647  8.267  9.017 10.029 
10.056  9.270  8.339  7.677  7.247  7.078  7.157  7.590  8.220  9.039 10.005 
10.143  8.951  8.326  7.779  7.332  6.991  7.176  7.657  8.243  9.178  9.825 
10.039  9.023  8.147  7.625  7.313  7.142  7.135  7.669  8.194  9.162  9.899 
 9.967  8.995  8.219  7.619  7.172  7.089  7.069  7.593  8.159  9.053  9.881 
10.082  9.037  8.213  7.739  7.235  6.922  7.096  7.498  8.355  9.033 10.178 
10.120  9.230  8.301  7.646  7.223  7.243  7.150  7.616  8.300  9.059  9.892 
 9.912  9.166  8.261  7.598  7.300  7.119  7.323  7.585  8.149  9.242 10.016 
10.012  9.018  8.253  7.729  7.110  7.018  7.175  7.493  8.357  8.971 10.124 
10.046  9.085  8.300  7.660  7.419  7.119  7.256  7.644  8.186  8.979  9.865 
10.015  9.084  8.180  7.586  7.334  7.131  7.173  7.587  8.219  8.967 10.000 
10.126  9.007  8.071  7.544  7.332  7.064  7.236  7.660  8.141  9.152  9.959 
 9.826  9.121  8.270  7.872  7.173  7.091  7.210  7.638  8.108  8.982  9.918 
10.116  9.235  8.197  7.637  7.158  7.054  7.058  7.684  8.201  9.104  9.912 
 9.895  9.091  8.298  7.686  7.244  7.095  7.370  7.682  8.351  8.980 10.133 
10.115  8.952  8.195  7.744  7.128  7.113  7.207  7.682  8.113  9.153  9.995 
 9.898  9.115  8.289  7.452  7.262  7.101  7.153  7.731  8.276  9.068  9.906 
 9.981  9.088  8.210  7.661  7.225  6.897  7.193  7.628  8.247  9.157 10.144 
 9.986  8.978  8.226  7.596  7.332  7.083  7.171  7.658  8.183  8.994 10.022 
 9.882  8.939  8.241  7.525  7.171  6.933  7.394  7.748  8.217  9.092 10.026 
 9.967  9.212  7.996  7.628  7.160  7.022  7.452  7.615  8.094  9.139  9.967 
10.029  9.133  8.185  7.622  7.212  7.161  7.179  7.825  8.340  9.038 10.031 
10.200  8.983  8.239  7.654  7.426  6.994  7.169  7.521  8.350  9.081  9.943 
10.153  9.172  8.223  7.694  7.137  7.103  7.196  7.638  8.272  9.021 10.014 
10.018  8.995  8.313  7.555  7.222  6.946  7.186  7.680  8.167  9.149  9.935 
 9.787  9.080  8.345  7.692  7.172  6.919  7.416  7.558  8.222  9.057 10.007 
 9.979  9.032  8.081  7.613  7.054  7.065  7.035  7.640  8.293  9.007  9.821 
 9.889  9.276  8.163  7.646  7.061  7.150  7.062  7.598  8.352  9.031  9.989 
 9.887  8.961  8.150  7.653  7.330  6.983  7.366  7.555  8.230  9.016 10.134 
10.081  9.229  8.371  7.707  7.267  7.048  7.280  7.589  8.464  9.121 10.063 
10.126  8.888  8.267  7.383  7.223  7.131  7.321  7.841  8.322  9.260  9.955 
 9.879  9.088  8.274  7.522  7.356  7.132  7.306  7.647  8.350  9.070 10.206 
 9.843  9.007  8.151  7.432  7.283  7.240  7.146  7.669  8.079  8.995 10.149 
10.058  9.049  8.367  7.481  7.196  7.127  7.216  7.644  8.446  8.866 10.175 
 9.985  9.077  8.050  7.489  7.088  6.868  7.076  7.701  8.272  9.144 10.000 
 9.904  8.963  8.217  7.630  7.421  6.943  7.246  7.734  8.310  9.043  9.748 
 9.906  9.019  8.259  7.566  7.251  7.131  7.176  7.550  8.004  9.152 10.019 
10.038  9.181  8.257  7.636  7.200  7.169  7.202  7.571  8.400  9.172 10.182 
 9.982  8.960  8.267  7.642  7.342  6.901  7.085  7.724  8.379  9.210 10.012 
10.020  8.983  8.100  7.792  7.214  6.992  7.350  7.507  8.280  9.035 10.215 
 9.863  8.988  8.136  7.571  7.099  7.079  7.197  7.677  8.248  9.060 10.059 
 9.998  9.160  8.235  7.699  7.204  7.054  7.240  7.605  8.251  9.142  9.918 
10.083  8.949  8.238  7.805  7.193  7.204  7.134  7.727  8.224  9.065 10.097 
 9.881  8.950  8.269  7.660  7.345  7.015  7.199  7.456  8.124  9.076 10.080 
10.125  9.125  8.415  7.700  7.317  7.302  7.383  7.535  8.345  8.965 10.055 
10.054  9.081  8.279  7.803  7.042  6.980  7.340  7.810  8.309  9.067  9.859 
 9.987  9.064  8.414  7.740  7.345  7.056  7.247  7.573  8.144  9.165  9.803 
10.000  9.116  8.234  7.664  7.303  7.049  7.214  7.869  8.379  9.076  9.967 
10.104  9.096  8.128  7.521  7.407  7.086  7.239  7.686  8.143  9.084 10.016 
10.003  9.054  8.312  7.651  7.212  6.962  7.157  7.608  8.212  8.932  9.970 
10.060  8.951  8.182  7.643  7.138  6.906  7.046  7.587  8.308  8.889  9.935 
10.145  9.223  8.390  7.630  7.092  7.137  7.254  7.613  8.196  9.128  9.959 
10.042  9.057  8.367  7.511  7.088  7.079  7.214  7.808  8.176  9.162 10.099 
10.060  9.085  8.475  7.635  7.234  7.098  7.136  7.654  8.217  9.016 10.081 
10.134  9.071  8.346  7.556  7.210  6.987  7.159  7.731  8.259  9.211  9.961 
10.112  9.126  8.300  7.587  7.408  6.993  7.309  7.543  8.191  9.063  9.955 
 9.996  8.996  8.188  7.486  7.316  7.176  7.298  7.546  8.298  9.051  9.925 
10.088  8.998  8.265  7.672  7.123  7.144  7.104  7.738  8.167  9.008  9.956 
 9.894  9.134  8.299  7.559  7.263  7.135  7.209  7.616  8.224  9.127  9.974 
 9.947  9.189  8.220  7.573  7.287  7.034  7.240  7.403  8.106  8.979 10.194 
10.099  9.081  8.248  7.616  7.084  7.099  7.170  7.632  8.173  8.788 10.073 
10.244  9.137  8.328  7.506  7.318  7.085  7.141  7.588  8.175  9.021  9.975 
 9.971  9.083  8.018  7.712  7.301  7.156  7.267  7.445  8.267  8.985  9.997 
10.054  9.090  8.210  7.705  7.179  6.875  7.218  7.712  8.221  8.951 10.028 
 9.903  9.190  8.261  7.561  7.107  7.299  6.894  7.507  8.368  9.159 10.041 
10.070  9.008  8.110  7.682  7.256  7.063  7.167  7.443  8.378  9.218 10.042 
 9.850  9.085  8.120  7.650  7.199  7.071  7.210  7.418  8.238  9.271 10.164 
10.142  9.078  8.344  7.582  7.346  7.064  7.039  7.619  8.361  8.935 10.055 
 9.944  9.082  8.224  7.641  7.294  6.990  7.242  7.385  8.276  9.010 10.004 
 9.968  9.184  8.322  7.579  7.281  6.980  7.239  7.715  8.260  8.961 10.006 
 9.997  8.932  8.317  7.533  7.214  7.183  7.182  7.700  8.370  9.088  9.909 
10.167  8.968  8.224  7.663  7.142  7.160  7.132  7.592  8.224  8.960 10.106 
10.167  8.986  8.395  7.494  7.120  6.958  7.301  7.670  8.077  9.116 10.027 
10.032  9.006  8.212  7.619  7.278  6.941  7.208  7.509  8.319  8.986  9.982 
10.096  8.918  8.332  7.483  7.193  7.218  7.290  7.549  8.277  8.922  9.962 
10.118  8.926  8.403  7.648  7.008  7.235  7.211  7.635  8.199  9.095  9.952 
10.095  9.048  8.110  7.669  7.080  7.064  7.400  7.646  8.140  9.047 10.146 
 9.968  8.975  8.154  7.634  7.194  7.107  7.146  7.586  8.122  9.028  9.949 
 9.934  9.077  8.239  7.595  7.170  7.106  7.026  7.553  8.162  9.014  9.885 
 9.921  8.969  8.155  7.610  7.139  7.181  7.282  7.547  8.208  8.946 10.129 
 9.921  9.102  8.204  7.659  7.149  7.099  7.309  7.720  8.257  9.170 10.038 
10.008  8.798  8.221  7.502  7.178  7.116  7.170  7.696  8.294  9.243  9.823 
10.113  8.985  8.176  7.437  7.211  6.826  7.142  7.614  8.197  9.202  9.929 
 9.860  9.085  8.135  7.636  7.139  7.278  7.141  7.458  8.255  9.280 10.130 
 9.804  9.166  8.349  7.563  7.328  6.941  7.176  7.521  8.145  8.978 10.096 
 9.846  8.827  8.056  7.483  7.398  6.865  7.158  7.434  8.297  9.114 10.030 
 9.921  8.941  8.184  7.467  7.319  7.129  7.236  7.525  8.196  8.993  9.956 
 9.849  9.090  8.223  7.691  7.096  7.016  7.158  7.701  8.212  9.368 10.130 
10.078  8.951  8.263  7.757  7.205  6.977  7.178  7.557  8.390  9.101  9.974 
 9.945  8.780  8.260  7.438  7.247  7.067  7.198  7.574  8.070  9.093  9.708 
 9.875  9.085  8.293  7.594  7.249  6.992  7.203  7.625  8.185  9.067 10.021 
 9.957  9.202  8.106  7.798  7.174  7.007  7.275  7.525  8.337  9.008 10.033 
 9.873  9.059  8.397  7.472  7.260  7.116  7.473  7.758  8.068  9.125  9.957 
10.101  9.092  8.318  7.471  7.252  7.115  7.055  7.635  8.154  9.175 10.048 
10.220  9.161  8.240  7.597  7.222  7.033  7.230  7.614  8.040  8.918 10.068 
10.060  9.136  8.397  7.691  7.110  7.321  6.994  7.465  8.227  9.091 10.047 
10.097  9.051  8.320  7.563  7.343  6.928  7.232  7.573  8.173  9.133  9.973 
 9.913  9.059  8.383  7.598  7.157  6.974  7.259  7.882  8.166  9.039  9.902 
10.015  9.031  8.185  7.603  7.201  6.999  7.402  7.640  8.190  8.981  9.978 
 9.864  9.023  8.265  7.533  7.200  7.069  7.399  7.668  8.103  9.009  9.926 
10.094  9.061  8.347  7.742  7.198  7.004  7.041  7.757  8.102  9.173  9.840 
10.072  9.112  8.266  7.767  7.084  7.350  7.185  7.691  8.194  9.143  9.994 
10.043  9.124  8.149  7.544  7.354  7.141  7.242  7.687  8.458  8.806  9.995 
10.041  9.301  8.211  7.492  7.226  6.899  7.147  7.544  8.197  9.075  9.984 
 9.954  9.072  8.321  7.642  7.273  7.082  7.226  7.767  8.377  9.151 10.080 
10.068  9.198  8.288  7.617  7.294  7.162  7.171  7.689  8.321  8.928  9.913 
 9.847  9.189  8.262  7.582  7.093  7.083  7.310  7.566  8.328  9.218 10.042 
10.230  9.134  8.198  7.793  7.369  7.051  7.196  7.638  8.298  9.061 10.173 
 9.960  9.094  8.251  7.560  7.237  7.076  7.339  7.499  8.289  8.915  9.933 
10.174  9.152  8.435  7.611  7.077  7.256  7.073  7.729  8.226  8.990 10.045 
10.000  8.974  8.328  7.651  7.297  7.117  6.977  7.645  8.235  9.009 10.043 
 9.943  9.189  8.264  7.613  7.149  7.144  7.227  7.484  8.289  8.965 10.089 
10.124  9.006  8.373  7.743  7.253  6.905  7.347  7.412  8.265  8.984 10.105 
10.159  9.166  8.197  7.609  7.048  7.002  7.319  7.589  8.184  8.898 10.044 
 9.954  8.953  8.285  7.663  7.408  7.023  7.180  7.381  8.241  9.165 10.056 
10.011  9.007  8.227  7.788  7.154  7.017  7.323  7.467  8.296  8.998 10.077 
 9.867  9.196  8.443  7.536  7.140  7.152  7.186  7.483  8.326  9.207 10.017 
 9.876  8.936  8.213  7.673  7.220  7.046  7.183  7.597  8.270  9.035  9.913 
10.226  9.022  8.112  7.586  7.179  6.996  7.051  7.465  8.392  9.076  9.844 
10.153  8.966  8.275  7.595  7.092  7.030  7.125  7.531  8.337  9.142 10.146 
 9.978  9.083  8.248  7.724  7.037  7.032  7.012  7.675  8.355  9.083 10.099 
 9.773  9.196  8.167  7.849  7.172  6.978  7.212  7.703  8.236  8.925  9.912 
 9.985  9.145  8.327  7.716  7.148  7.235  7.144  7.796  8.224  9.120  9.948 
10.041  8.983  8.348  7.544  7.144  7.015  7.274  7.564  8.260  9.046  9.889 
 9.802  9.076  8.358  7.564  7.229  7.096  7.117  7.535  8.156  9.027  9.902 
10.030  9.020  8.094  7.615  7.234  6.948  7.026  7.559  8.313  9.301 10.003 
10.027  8.946  8.270  7.598  7.432  6.974  7.087  7.537  8.182  9.144  9.964 
10.072  9.075  8.243  7.505  7.423  7.038  7.239  7.477  8.216  9.263 10.198 
 9.932  9.036  8.204  7.670  7.269  7.016  7.109  7.665  8.218  9.046 10.080 
10.041  8.984  8.189  7.662  7.261  7.296  7.226  7.727  8.050  9.048  9.979 
10.106  9.150  8.114  7.602  7.243  6.971  7.296  7.599  8.224  9.209 10.039 
 9.880  8.966  8.176  7.401  7.209  7.209  7.168  7.394  8.086  9.053  9.997 
10.042  9.123  8.235  7.795  7.189  7.167  7.205  7.663  8.308  8.952 10.092 
 9.987  9.145  8.357  7.329  7.031  7.103  7.229  7.634  8.344  9.035  9.921 
 9.814  9.047  8.116  7.346  7.207  7.068  7.087  7.520  8.317  9.118  9.858 
10.042  9.121  8.258  7.697  7.392  6.930  7.268  7.602  8.323  9.025  9.934 
10.141  9.094  8.221  7.637  7.187  7.090  7.388  7.457  8.303  9.081  9.929 
10.214  8.924  8.480  7.436  7.344  7.140  7.204  7.727  8.154  8.887  9.945 
10.029  9.215  8.317  7.701  7.347  6.944  7.211  7.619  8.218  9.026 10.069 
10.124  8.934  8.180  7.735  7.065  7.157  7.121  7.523  8.220  9.086 10.053 
10.098  9.024  8.466  7.605  7.310  7.178  7.238  7.760  8.173  8.893  9.953 
 9.967  9.021  8.223  7.685  7.379  7.160  7.124  7.625  8.165  9.151 10.007 
10.058  8.792  8.345  7.691  7.127  7.124  7.203  7.617  8.401  9.140 10.111 
 9.957  9.158  8.263  7.527  7.098  7.011  7.063  7.636  8.170  9.271  9.985 
10.011  9.025  8.181  7.697  7.209  7.146  7.298  7.590  8.345  8.984  9.838 
10.115  8.929  8.072  7.599  7.252  6.975  7.159  7.541  8.226  9.144  9.844 
 9.991  9.072  8.217  7.579  7.282  6.984  7.128  7.709  8.298  9.197 10.072 
10.020  9.232  8.160  7.656  7.177  7.106  7.400  7.634  8.300  9.067  9.948 
 9.963  9.093  8.265  7.569  7.323  7.243  7.127  7.682  8.267  9.097 10.100 
 9.992  8.868  8.222  7.548  7.253  6.880  7.215  7.586  8.109  9.244 10.024 
 9.929  8.940  8.224  7.584  7.251  6.907  7.137  7.593  8.331  9.044  9.848 
10.066  9.224  8.147  7.632  7.138  7.068  7.220  7.691  8.265  8.992  9.771 
 9.899  9.175  8.322  7.757  7.190  7.160  7.268  7.678  8.111  9.045  9.817 
 9.905  9.085  8.178  7.654  7.266  6.880  7.233  7.524  7.988  8.782 10.072 
10.028  9.068  8.299  7.597  7.139  7.040  7.353  7.562  8.162  9.063 10.028 
10.044  9.011  8.265  7.722  7.259  6.984  7.150  7.646  8.287  9.193  9.894 
 9.918  9.065  8.323  7.678  7.158  7.197  7.184  7.774  8.124  9.037  9.916 
 9.922  8.934  8.084  7.614  7.377  7.056  7.139  7.559  8.346  9.103  9.980 
10.103  8.839  8.297  7.774  7.138  6.962  7.170  7.787  8.325  9.014 10.082 
 9.956  9.254  8.315  7.396  7.199  7.084  7.183  7.672  8.373  9.151 10.034 
 9.870  9.046  8.236  7.482  7.299  7.127  7.200  7.420  8.210  9.299  9.938 
 9.997  9.206  8.231  7.624  7.073  7.173  7.162  7.367  8.149  9.185  9.997 
10.085  8.977  8.042  7.577  7.258  7.163  7.097  7.605  8.163  9.004  9.818 
10.045  9.114  8.186  7.728  7.203  7.044  7.185  7.524  8.242  8.975  9.991 
10.117  9.092  8.278  7.507  7.178  6.857  7.268  7.523  8.224  8.979  9.960 
 9.940  9.076  8.046  7.705  7.218  7.006  7.118  7.740  8.168  9.167 10.008 
 9.842  9.207  8.254  7.329  7.299  7.055  7.393  7.715  8.251  8.980  9.999 
10.039  9.034  8.170  7.718  7.101  7.000  7.234  7.421  8.372  9.123  9.857 
10.158  9.019  8.228  7.610  7.251  7.118  7.174  7.512  8.143  9.082 10.039 
 9.935  9.118  8.186  7.723  7.243  7.092  7.151  7.781  8.295  9.141  9.875 
 9.975  9.077  8.329  7.539  7.351  7.005  7.217  7.406  8.193  9.043  9.913 
 9.903  9.067  8.020  7.696  7.192  7.225  7.119  7.628  8.137  9.085  9.866 
10.006  9.092  8.117  7.739  7.190  7.125  7.409  7.580  8.132  8.940  9.995 
 9.978  9.012  8.168  7.627  7.121  7.104  7.263  7.638  8.386  9.169  9.969 
10.091  9.028  8.248  7.802  7.065  7.134  7.120  7.550  8.207  9.067  9.915 
 9.953  9.050  8.224  7.488  7.108  7.042  7.210  7.692  8.337  9.058  9.938 
 9.916  9.090  8.171  7.595  7.178  6.955  7.432  7.557  8.142  9.165 10.009 
 9.759  9.055  8.243  7.615  7.178  7.116  7.117  7.486  8.279  9.003 10.048 
 9.992  9.107  8.200  7.612  7.282  7.257  7.085  7.452  8.298  9.106 10.107 
 9.977  9.002  8.129  7.597  7.183  7.192  7.167  7.557  8.204  8.872  9.876 
 9.914  9.150  8.309  7.574  7.275  7.129  7.200  7.765  8.457  8.995  9.949 
10.014  9.173  8.169  7.531  7.271  7.090  7.250  7.579  8.299  9.047 10.059 
 9.733  9.050  8.399  7.537  7.244  7.078  7.228  7.747  8.272  9.061 10.099 
10.053  9.161  8.264  7.672  6.904  7.144  7.155  7.554  8.373  9.077 10.221 
 9.992  9.025  8.402  7.607  7.221  7.031  7.102  7.506  8.288  9.084 10.009 
10.051  9.165  8.170  7.557  7.136  6.955  7.142  7.673  8.225  9.156  9.842 
 9.965  9.009  8.283  7.684  7.206  7.062  7.032  7.568  8.451  9.081 10.157 
10.135  9.104  8.135  7.684  7.130  7.147  7.294  7.735  8.211  8.936  9.980 
10.185  9.201  8.381  7.539  7.138  6.961  7.047  7.523  8.262  9.021 10.003 
 9.916  9.148  8.314  7.657  7.239  7.185  7.227  7.697  8.280  9.120  9.856 
10.030  9.161  8.336  7.714  7.232  6.958  7.256  7.501  8.323  8.961 10.081 
 9.835  9.097  8.142  7.642  7.167  7.027  7.120  7.604  8.208  9.150  9.936 
 9.950  9.062  8.218  7.546  7.353  7.116  7.171  7.581  8.324  9.026  9.838 
 9.908  9.156  8.293  7.545  7.158  6.971  7.232  7.492  8.389  8.960  9.902 
 9.842  8.959  8.168  7.611  7.122  7.142  7.283  7.691  8.054  9.189 10.034 
 9.957  9.040  8.230  7.538  7.143  7.030  7.256  7.610  8.355  9.090 10.138 
10.061  9.029  7.993  7.672  7.283  6.867  7.292  7.616  8.237  9.036 10.049 
10.068  9.040  8.233  7.825  6.975  7.228  7.103  7.586  8.296  9.126  9.854 
 9.947  8.994  8.398  7.666  7.346  7.189  7.414  7.654  8.263  8.965  9.920 
10.008  9.105  8.067  7.681  7.092  7.030  7.196  7.513  8.322  9.141  9.967 
 9.916  9.039  8.275  7.581  7.216  7.007  7.219  7.760  8.265  9.127 10.067 
 9.851  9.011  8.210  7.869  7.234  7.105  7.259  7.641  8.349  9.044  9.939 
10.025  9.012  8.316  7.629  7.213  6.983  7.276  7.793  8.208  8.816  9.836 
 9.982  9.143  8.259  7.673  7.068  6.976  7.358  7.363  8.131  8.951  9.973 
 9.944  8.863  8.413  7.563  7.151  7.207  7.335  7.697  8.467  9.045 10.128 
 9.941  9.094  8.183  7.675  7.341  6.960  7.258  7.634  8.233  9.169  9.987 
10.001  8.986  8.285  7.561  7.203  7.198  7.075  7.779  8.257  9.263  9.975 
10.021  8.941  8.143  7.825  7.235  7.097  7.210  7.734  8.199  9.133 10.106 
 9.907  8.960  8.170  7.567  7.226  7.025  7.357  7.635  8.218  9.100  9.969 
10.002  8.976  8.246  7.733  7.245  7.225  7.113  7.572  8.257  9.007 10.056 
10.025  9.047  8.282  7.732  7.233  6.901  7.209  7.532  8.125  8.931 10.106 
 9.970  9.195  8.300  7.529  7.112  6.976  7.039  7.586  8.199  9.294  9.974 
 9.920  9.142  8.390  7.491  7.234  7.084  7.019  7.808  8.481  9.188 10.124 
10.073  8.973  8.314  7.601  7.252  7.143  7.102  7.566  8.371  9.066  9.969 
 9.856  8.955  8.415  7.615  7.297  6.951  7.295  7.607  8.369  8.925 10.038 
10.019  8.958  8.343  7.562  7.111  7.157  7.211  7.695  8.296  9.020  9.901 
10.038  9.124  8.061  7.495  7.042  7.018  7.232  7.693  8.354  9.072 10.070 
 9.964  9.026  8.273  7.365  6.944  7.129  7.240  7.607  8.218  9.136  9.963 
10.057  9.028  8.127  7.408  7.275  7.067  7.270  7.653  8.139  8.982  9.986 
10.056  9.036  8.130  7.384  7.376  6.939  7.158  7.633  8.377  8.983  9.974 
10.066  9.244  8.204  7.842  7.210  6.926  7.358  7.483  8.205  9.059 10.053 
10.136  9.116  8.229  7.485  6.940  7.042  7.138  7.728  8.278  9.038  9.937 
10.158  9.180  8.190  7.430  7.132  6.977  7.015  7.600  8.301  9.045  9.940 
10.034  9.007  8.164  7.491  7.277  6.988  7.182  7.605  8.424  8.809 10.070 
 9.974  9.003  8.414  7.614  7.291  7.074  7.109  7.465  8.242  8.886  9.992 
 9.931  8.927  8.201  7.622  7.090  6.908  7.213  7.430  8.368  9.130 10.070 
10.040  9.180  8.249  7.734  7.458  7.079  7.215  7.639  8.396  9.066  9.890 
 9.925  8.971  8.062  7.584  7.152  6.880  7.235  7.433  8.446  8.901  9.993 
 9.988  9.024  8.253  7.525  7.406  7.159  7.231  7.690  8.149  8.858  9.959 
 9.822  8.958  8.279  7.791  7.234  6.849  7.180  7.433  8.254  9.113 10.108 
 9.990  9.007  8.134  7.721  7.306  7.096  7.137  7.593  8.431  8.945 10.110 
10.064  8.871  8.322  7.744  7.140  6.947  7.284  7.527  8.222  9.131  9.922 
 9.927  9.061  8.200  7.593  7.373  6.927  7.238  7.667  8.399  9.188 10.007 
10.142  9.054  8.176  7.630  7.156  7.195  7.284  7.566  8.263  9.001  9.901 
 9.922  9.128  8.368  7.607  7.251  6.846  7.326  7.724  8.340  9.048  9.798 
10.089  9.002  8.144  7.620  7.167  7.229  7.140  7.599  8.051  9.116  9.965 
10.072  9.207  8.053  7.681  7.125  7.124  7.169  7.732  8.243  9.181 10.170 
 9.936  9.159  8.234  7.482  7.196  7.002  7.287  7.610  8.169  9.126 10.151 
10.117  9.174  8.334  7.638  7.178  7.268  7.203  7.455  8.196  9.120 10.073 
 9.904  9.054  8.206  7.705  7.257  7.048  7.144  7.576  8.367  9.030 10.072 
 9.964  9.204  8.273  7.566  7.239  7.028  7.311  7.554  8.223  9.021  9.980 
10.001  8.981  8.190  7.496  7.241  7.099  7.250  7.486  8.077  9.006 10.103 
10.018  9.086  8.366  7.577  7.172  7.039  7.108  7.657  8.384  8.995 10.005 
10.046  9.083  8.403  7.621  7.167  7.174  7.316  7.542  8.050  8.968 10.097 
 9.997  9.104  8.219  7.628  7.210  7.102  7.396  7.653  8.462  8.914  9.982 
 9.950  8.997  8.212  7.647  7.228  6.816  7.152  7.617  8.173  9.069 10.075 
 9.973  9.021  8.315  7.808  7.184  7.114  7.138  7.585  8.318  9.100  9.932 
10.062  9.137  8.231  7.558  7.320  7.189  7.095  7.700  8.205  9.063  9.879 
 9.877  9.068  8.321  7.535  7.193  6.982  7.081  7.781  8.314  9.100 10.071 
 9.955  9.159  8.313  7.665  7.081  7.057  7.279  7.677  8.112  8.982 10.220 
10.202  9.214  8.281  7.772  7.369  7.091  7.299  7.518  8.377  8.864 10.027 
10.099  9.165  8.071  7.675  7.178  7.241  7.067  7.443  8.373  8.914  9.959 
 9.991  9.125  8.400  7.719  7.369  7.100  7.225  7.604  8.355  9.184  9.998 
10.049  8.987  8.157  7.680  7.262  7.189  7.308  7.555  8.198  9.020 10.002 
 9.831  9.119  8.245  7.603  7.380  6.984  7.299  7.483  8.376  9.006  9.749 
10.035  9.010  8.122  7.615  7.061  6.936  7.288  7.639  8.354  9.097  9.953 
10.369  8.960  8.179  7.452  7.266  6.932  7.270  7.621  8.134  9.194  9.923 
10.103  9.008  8.100  7.732  7.230  7.079  7.159  7.522  8.248  9.014  9.873 
 9.938  9.002  8.215  7.502  7.120  7.225  7.266  7.672  8.234  8.978 10.162 
10.026  9.071  8.297  7.588  7.263  7.120  7.145  7.476  8.126  9.102 10.158 
10.056  8.922  8.310  7.526  7.316  6.976  7.181  7.614  8.272  9.089 10.089 
10.207  9.010  8.497  7.671  7.416  6.967  7.033  7.606  8.238  9.030  9.985 
10.027  8.908  8.243  7.664  7.405  6.969  7.273  7.596  8.187  8.831  9.886 
10.052  9.127  8.116  7.705  7.152  7.014  7.300  7.492  8.310  9.059  9.973 
 9.920  9.126  8.222  7.518  7.287  6.898  7.402  7.613  8.346  8.955  9.949 
 9.916  9.038  8.229  7.550  7.255  7.033  7.409  7.675  8.133  9.091  9.971 
10.230  8.955  8.248  7.473  7.327  7.169  7.138  7.473  8.188  8.940 10.099 
 9.885  9.065  8.163  7.444  7.030  7.050  7.307  7.656  8.473  9.152  9.964 
 9.887  9.108  8.138  7.732  7.163  6.845  6.898  7.482  8.351  9.062 10.094 
10.033  8.963  8.047  7.568  7.376  6.928  7.247  7.611  8.338  8.908  9.898 
10.041  9.077  8.297  7.560  7.363  7.047  7.174  7.735  8.183  8.914  9.896 
10.191  9.156  8.272  7.805  7.309  7.064  7.206  7.728  8.075  9.172 10.091 
10.044  8.927  8.284  7.740  7.315  7.087  7.278  7.731  8.245  9.085 10.001 
 9.830  9.047  8.346  7.702  7.178  7.125  7.353  7.666  8.259  9.065 10.038 
 9.983  9.019  8.286  7.679  7.244  7.096  7.206  7.622  8.234  9.091 10.059 
10.124  9.111  8.150  7.631  7.183  7.000  7.092  7.651  8.120  8.914 10.033 
 9.915  9.070  8.126  7.725  7.236  7.238  7.193  7.494  8.331  9.059 10.040 
 9.881  9.123  8.322  7.586  7.073  7.133  7.168  7.551  8.098  8.921  9.992 
10.077  8.962  8.234  7.585  7.248  7.046  7.189  7.483  8.397  8.987 10.141 
 9.906  8.976  8.245  7.555  7.085  7.008  7.191  7.440  8.346  8.899  9.947 
 9.977  9.065  8.316  7.573  7.240  6.901  7.234  7.684  8.130  8.761  9.934 
 9.873  8.967  8.186  7.578  7.243  6.938  7.055  7.653  8.182  9.014 10.021 
10.031  8.917  8.223  7.453  7.354  7.020  7.115  7.817  8.285  9.036 10.116 
10.188  9.291  8.252  7.628  7.119  7.199  7.279  7.526  8.253  8.933  9.946 
 9.936  9.060  8.302  7.645  7.222  7.119  7.377  7.673  8.107  8.957  9.861 
 9.964  9.230  8.336  7.769  7.496  7.116  7.138  7.504  8.251  8.937  9.896 
 9.841  9.099  8.370  7.590  7.142  7.113  7.119  7.542  8.192  9.177  9.873 
10.081  8.963  8.218  7.663  7.174  7.033  7.288  7.516  8.213  9.093  9.886 
 9.921  9.056  8.282  7.587  7.243  7.043  7.241  7.684  8.175  8.846 10.123 
 9.972  9.197  8.339  7.644  7.264  7.065  7.093  7.638  8.328  9.003 10.092 
10.033  9.079  8.062  7.545  7.175  7.240  7.302  7.868  8.268  9.080  9.891 
 9.930  9.069  8.176  7.486  7.228  7.026  7.247  7.545  8.238  9.143  9.977 
10.033  9.099  8.163  7.617  7.146  6.924  7.304  7.462  8.254  9.041  9.919 
10.128  9.121  8.119  7.630  7.151  7.078  7.168  7.757  8.212  9.141 10.065 
10.179  8.971  8.313  7.606  7.396  7.057  6.933  7.518  8.204  9.070  9.935 
 9.932  9.032  8.397  7.708  7.302  7.156  7.127  7.551  8.351  8.969  9.923 
 9.994  9.073  8.338  7.574  7.280  7.012  7.052  7.547  8.243  9.114  9.996 
 9.882  9.207  8.362  7.660  7.133  6.971  7.308  7.715  8.144  8.940  9.859 
10.028  9.085  8.184  7.510  7.268  7.210  7.338  7.589  8.480  9.090 10.090 
 9.903  8.967  8.251  7.536  7.286  6.876  7.408  7.669  8.171  9.061  9.948 
10.143  8.964  8.233  7.631  7.223  6.980  7.357  7.586  8.287  9.021  9.864 
10.173  8.965  8.361  7.835  7.159  7.148  7.298  7.573  8.279  9.092  9.933 
 9.948  8.993  8.232  7.646  7.199  7.041  7.321  7.699  8.267  9.144  9.971 
 9.892  9.025  8.367  7.659  7.159  6.979  7.197  7.377  8.271  9.014  9.981 
 9.939  8.965  8.340  7.517  7.196  6.902  7.338  7.613  8.109  9.031  9.926 
 9.941  9.060  8.046  7.294  7.176  6.965  7.103  7.467  8.321  9.171  9.968 
10.023  9.134  8.189  7.584  7.200  7.165  7.027  7.680  8.136  9.070 10.121 
10.178  9.039  8.392  7.770  7.182  7.053  6.960  7.616  8.396  9.087  9.902 
 9.901  9.019  8.266  7.607  7.161  6.888  7.221  7.685  8.399  9.236 10.039 
 9.877  8.934  8.147  7.738  7.103  7.228  7.401  7.592  8.214  9.167  9.968 
 9.937  8.894  8.318  7.603  7.128  7.110  7.267  7.586  8.332  8.994  9.987 
 9.951  9.005  8.119  7.594  6.961  7.242  7.222  7.561  8.359  9.095  9.949 
 9.777  9.069  8.120  7.678  7.074  7.090  7.272  7.541  8.297  9.041 10.132 
10.142  9.226  8.219  7.739  7.172  7.103  7.179  7.495  8.178  9.035  9.915 
 9.943  9.030  8.139  7.726  7.159  6.949  7.255  7.703  8.046  9.026  9.866 
10.012  8.866  8.359  7.519  7.169  7.081  7.281  7.877  8.130  9.046 10.117 
 9.894  9.079  8.205  7.578  7.240  7.155  7.157  7.599  8.220  8.902 10.005 
 9.907  9.161  8.023  7.553  7.125  7.086  7.190  7.541  8.238  9.025 10.071 
10.122  9.065  8.132  7.611  7.146  6.941  7.292  7.571  8.172  9.140 10.161 
10.022  9.235  8.372  7.661  7.344  6.978  7.317  7.356  8.269  9.182 10.073 
 9.971  8.994  8.301  7.563  7.240  7.134  7.178  7.636  8.304  9.078  9.977 
10.037  8.930  8.271  7.782  7.186  6.978  7.200  7.732  8.283  9.155 10.014 
 9.963  9.008  8.284  7.437  7.274  7.137  7.104  7.518  8.162  9.004 10.071 
 9.889  8.960  8.237  7.832  7.316  7.084  7.298  7.841  8.306  9.259  9.874 
 9.954  9.116  8.150  7.553  7.086  7.059  7.296  7.680  8.365  9.149 10.039 
 9.899  9.101  8.238  7.564  7.285  7.114  7.051  7.572  8.127  9.119  9.876 
10.096  9.145  8.201  7.706  7.228  7.146  7.321  7.592  8.047  9.116  9.994 
10.030  9.115  8.212  7.781  7.342  7.184  7.143  7.689  8.120  9.037  9.905 
 9.989  9.052  8.283  7.493  7.427  7.021  7.205  7.486  8.103  9.275  9.929 
 9.889  9.163  8.169  7.575  7.378  7.089  7.208  7.814  8.073  9.031 10.122 
 9.919  9.042  8.227  7.579  7.151  6.949  7.142  7.743  8.177  9.039 10.060 
10.090  9.054  8.179  7.697  7.044  7.047  7.203  7.700  8.084  9.196  9.956 
10.017  9.188  8.137  7.632  7.127  7.038  7.196  7.732  8.247  8.922  9.857 
10.166  9.107  8.336  7.600  7.373  7.181  7.244  7.715  8.365  9.182  9.979 
 9.933  8.866  8.208  7.638  7.108  7.035  7.258  7.713  8.203  9.016 10.026 
10.116  8.914  8.321  7.539  7.129  7.113  7.222  7.577  8.344  9.051 10.199 
10.076  8.974  8.216  7.768  7.252  6.905  7.339  7.689  8.144  9.303  9.969 
 9.997  8.947  8.162  7.628  7.264  7.166  7.263  7.526  8.287  9.066 10.010 
 9.838  9.048  7.859  7.570  7.186  7.028  7.248  7.448  8.137  9.163 10.220 
10.165  9.203  8.185  7.589  7.285  7.107  7.172  7.874  8.164  9.130 10.017 
10.037  9.107  8.360  7.567  6.951  6.966  7.391  7.677  8.092  9.135 10.001 
10.046  8.845  8.235  7.601  7.425  6.970  7.043  7.656  8.287  9.007  9.941 
 9.869  9.067  8.187  7.701  7.331  7.138  7.089  7.702  8.080  8.811  9.916 
10.023  8.976  8.253  7.406  7.173  7.058  6.988  7.785  8.265  9.054  9.948 
 9.747  9.254  8.329  7.648  7.213  6.978  7.146  7.533  8.218  9.030 10.029 
10.165  9.033  8.225  7.672  7.292  6.925  7.221  7.632  8.320  8.999  9.855 
 9.999  9.097  8.275  7.649  7.333  7.056  7.117  7.463  8.276  9.108 10.117 
 9.929  8.960  8.127  7.649  7.136  7.282  7.289  7.581  8.207  9.018  9.975 
10.044  9.222  8.395  7.417  7.128  7.031  7.190  7.557  8.338  8.940  9.944 
 9.839  9.113  8.316  7.514  7.223  6.951  7.190  7.510  8.266  8.980  9.832 
10.182  9.083  8.163  7.466  7.286  7.130  7.312  7.586  8.191  8.964 10.055 
10.110  9.133  8.210  7.609  7.354  7.005  7.220  7.675  8.208  9.053 10.073 
 9.978  9.106  8.235  7.460  7.216  7.123  7.228  7.461  8.326  9.125  9.901 
 9.990  9.045  8.325  7.573  7.129  7.168  7.198  7.648  8.212  9.194  9.995 
10.057  9.040  8.131  7.711  7.398  6.781  7.380  7.534  8.197  9.042  9.955 
 9.855  9.038  8.104  7.632  7.217  7.101  7.189  7.610  8.236  8.841 10.088 
10.004  8.986  8.592  7.618  7.207  7.010  7.174  7.774  8.267  9.217  9.963 
10.068  9.069  8.100  7.628  7.186  7.029  7.110  7.443  8.158  8.738  9.946 
10.262  8.981  8.150  7.591  7.280  7.091  7.091  7.666  8.117  9.043  9.859 
10.215  9.101  8.279  7.498  7.202  7.012  7.283  7.434  8.320  8.892  9.995 
 9.980  9.057  8.243  7.672  7.318  6.981  7.174  7.633  8.092  9.020 10.083 
 9.955  9.064  8.269  7.401  7.268  6.983  7.343  7.677  8.151  9.083 10.093 
10.040  9.033  8.232  7.635  7.176  6.981  7.069  7.591  8.258  8.968 10.228 
 9.870  9.064  8.230  7.725  7.130  7.099  7.130  7.551  8.275  9.067 10.025 
 9.981  9.054  8.172  7.720  7.299  6.994  7.253  7.416  8.329  9.125  9.938 
 9.979  8.789  8.513  7.592  7.297  7.169  7.236  7.603  8.233  9.018  9.872 
10.070  9.126  8.342  7.667  7.228  7.054  7.115  7.607  8.405  8.972  9.945 
10.069  9.186  8.215  7.633  6.975  7.177  7.371  7.575  8.117  9.260  9.983 
 9.930  9.087  8.252  7.480  7.152  7.037  7.276  7.551  8.049  9.045 10.185 
 9.841  9.287  8.147  7.636  7.287  7.022  7.382  7.620  8.268  9.107 10.009 
 9.900  8.962  8.297  7.632  7.140  7.231  6.956  7.530  8.196  9.046 10.066 
10.218  8.886  8.260  7.679  7.120  7.061  7.205  7.704  8.297  8.939 10.026 
 9.971  9.047  8.314  7.454  7.237  7.120  7.038  7.694  8.360  9.095 10.060 
10.128  8.923  8.312  7.477  7.189  6.950  7.103  7.529  8.117  9.079 10.135 
10.064  8.917  8.223  7.629  7.057  6.960  7.243  7.565  8.256  8.996 10.054 
10.010  9.277  8.187  7.740  7.245  7.181  7.121  7.530  8.149  9.093  9.984 
10.083  9.116  8.386  7.707  7.302  7.081  7.151  7.617  8.489  9.009 10.003 
 9.923  9.098  8.321  7.614  7.324  7.107  7.162  7.601  8.289  8.981 10.107 
 9.955  9.341  8.269  7.477  7.056  7.075  7.104  7.538  8.369  9.032  9.857 
10.063  9.127  8.110  7.521  7.265  7.078  7.341  7.605  8.342  9.088 10.050 
10.130  8.973  8.216  7.580  7.313  7.098  7.322  7.680  8.284  8.983  9.986 
 9.989  9.012  8.345  7.560  7.210  6.962  7.272  7.519  8.384  9.103  9.909 
 9.922  8.814  8.150  7.742  7.351  7.030  7.128  7.661  8.297  9.053  9.902 
10.058  8.966  8.153  7.582  7.271  6.972  7.341  7.835  8.301  9.110 10.036 
10.183  9.180  8.109  7.571  7.221  6.746  7.187  7.480  8.176  9.159 10.031 
10.024  9.039  8.159  7.722  7.090  6.977  7.086  7.723  8.434  8.948 10.015 
 9.916  9.232  8.159  7.604  7.303  7.135  7.099  7.584  8.315  9.074  9.867 
 9.816  9.237  8.230  7.741  7.301  7.018  7.263  7.554  8.379  9.130 10.178 
10.141  9.107  8.383  7.781  7.317  7.064  7.291  7.430  8.067  9.103  9.992 
10.013  9.091  8.275  7.488  7.186  7.096  7.082  7.550  8.263  9.063 10.064 
10.011  8.917  8.238  7.777  7.129  7.085  7.195  7.461  8.384  9.243 10.008 
10.278  8.997  8.137  7.433  7.241  7.177  7.229  7.555  8.193  9.089 10.100 
10.110  9.023  8.297  7.748  7.147  6.994  7.268  7.602  8.197  9.116 10.118 
10.065  8.927  8.393  7.585  7.367  6.869  7.127  7.557  8.211  9.241  9.882 
 9.998  9.025  8.116  7.614  7.004  7.289  7.272  7.765  8.161  9.240  9.915 
 9.969  9.015  8.238  7.609  7.278  6.907  7.118  7.760  8.251  9.170  9.909 
10.062  8.920  8.241  7.605  7.190  7.007  7.159  7.454  8.142  9.012 10.126 
 9.984  9.048  8.202  7.615  7.376  7.074  7.176  7.672  8.185  9.148 10.060 
10.133  9.184  8.347  7.774  7.202  7.031  7.281  7.713  8.424  8.986 10.193 
10.030  9.127  8.060  7.596  7.425  7.079  7.331  7.709  8.212  8.944  9.881 
 9.855  9.100  8.399  7.623  7.282  6.994  7.263  7.629  8.292  8.950  9.886 
 9.922  9.009  7.985  7.490  7.189  6.789  7.220  7.600  8.220  9.043 10.063 
 9.979  9.098  8.471  7.609  7.153  7.098  7.201  7.457  8.170  9.127 10.025 
10.005  9.005  8.148  7.523  7.038  7.074  7.310  7.659  8.018  8.959  9.908 
 9.824  9.214  8.163  7.731  7.426  7.157  7.072  7.627  8.226  9.289  9.981 
10.029  9.204  8.200  7.495  7.157  7.143  7.169  7.649  8.280  9.059 10.093 
10.028  9.243  8.171  7.501  7.237  7.212  7.006  7.519  8.332  9.036  9.892 
 9.954  8.945  8.166  7.567  7.051  7.068  7.172  7.458  8.430  8.973 10.018 
 9.934  9.145  8.239  7.547  7.182  7.067  7.311  7.834  8.213  9.059 10.009 
10.162  9.098  8.002  7.539  7.248  6.927  7.255  7.767  8.371  9.141  9.953 
 9.950  8.950  8.304  7.450  7.233  7.117  7.260  7.658  8.269  9.040 10.059 
 9.853  8.796  8.178  7.544  7.244  7.078  7.253  7.672  8.222  9.036 10.014 
 9.944  8.939  8.236  7.710  7.301  7.184  7.273  7.597  8.185  9.090 10.058 
10.059  8.894  8.320  7.555  7.410  7.150  7.222  7.525  8.122  9.101 10.029 
 9.988  8.935  8.248  7.618  7.269  7.176  7.084  7.402  8.338  9.069  9.978 
10.021  9.089  8.166  7.626  7.050  6.993  7.145  7.433  8.395  9.204 10.175 
10.015  9.114  8.422  7.669  7.145  7.034  7.136  7.706  8.397  8.943  9.868 
 9.828  9.166  8.211  7.658  7.196  7.032  7.484  7.515  8.265  8.871 10.089 
 9.986  9.123  8.195  7.731  7.394  7.066  7.270  7.691  8.417  9.062 10.108 
 9.997  8.829  8.129  7.771  7.124  7.247  7.261  7.590  8.272  9.105  9.927 
 9.975  9.033  8.360  7.506  7.275  7.102  7.306  7.673  8.386  9.123 10.083 
 9.927  9.123  8.370  7.466  7.206  6.944  7.282  7.511  8.242  9.050  9.880 
 9.994  8.993  8.014  7.501  7.357  7.256  7.229  7.680  8.142  9.147 10.038 
 9.956  8.926  8.231  7.808  7.188  7.145  7.185  7.699  8.286  9.114  9.979 
 9.939  8.960  8.386  7.707  7.233  7.024  7.379  7.598  8.237  9.007 10.030 
 9.964  9.019  8.247  7.521  7.286  7.113  7.422  7.782  8.153  8.967  9.981 
10.000  8.983  8.214  7.565  7.231  7.029  7.199  7.534  8.244  9.006  9.884 
 9.881  9.033  8.090  7.632  7.220  7.091  7.222  7.621  8.270  8.957 10.104 
 9.968  8.992  8.217  7.511  7.191  7.062  7.125  7.610  8.140  9.030 10.070 
10.079  8.913  8.276  7.758  7.225  6.954  7.191  7.675  8.238  8.940  9.876 
 9.958  9.173  8.276  7.620  7.180  7.111  7.161  7.710  8.375  9.115  9.791 
 9.960  9.022  8.260  7.605  7.334  6.979  7.155  7.548  8.386  9.098  9.857 
10.016  8.960  8.145  7.531  7.121  6.886  6.993  7.813  8.156  9.070 10.098 
10.086  8.867  8.302  7.556  7.194  7.001  7.160  7.559  8.389  9.108 10.100 
 9.965  9.108  8.151  7.591  7.001  7.115  7.225  7.503  8.419  9.060 10.166 
 9.975  9.149  8.245  7.748  7.226  7.113  7.340  7.721  8.269  9.078  9.966 
 9.905  8.960  8.258  7.673  7.435  7.061  7.298  7.632  8.202  8.966 10.034 
10.033  8.976  8.257  7.548  7.127  7.179  7.177  7.616  8.241  8.965  9.857 
 9.943  9.085  8.322  7.729  7.061  6.955  7.454  7.571  8.183  9.005 10.179 
10.067  9.032  8.423  7.555  7.200  7.069  6.970  7.706  8.201  9.146 10.134 
 9.928  9.071  8.168  7.688  7.177  6.993  7.188  7.484  8.321  9.139  9.863 
 9.844  9.034  8.130  7.417  7.080  7.201  7.430  7.660  8.253  9.187 10.108 
 9.942  9.136  8.183  7.534  7.380  7.149  7.286  7.697  8.292  8.973  9.952 
 9.981  9.069  8.324  7.454  7.079  6.987  7.219  7.577  8.342  8.857 10.078 
 9.906  9.044  8.317  7.518  7.075  6.889  7.177  7.745  8.142  9.065  9.864 
10.014  9.207  8.254  7.392  7.222  7.104  6.961  7.691  8.208  9.062 10.104 
10.054  9.305  8.336  7.682  7.005  6.728  7.364  7.484  8.268  9.060  9.965 
 9.898  9.082  8.221  7.509  7.223  6.883  7.235  7.606  8.193  9.018 10.347 
10.126  8.813  8.331  7.770  7.246  7.181  7.105  7.548  8.396  9.115  9.962 
 9.776  9.118  8.129  7.645  7.278  7.236  7.131  7.546  8.257  9.203  9.870 
 9.787  9.147  8.116  7.642  7.198  7.111  7.300  7.591  8.213  9.106  9.868 
 9.950  8.868  8.245  7.707  7.112  7.185  7.319  7.533  8.073  8.963  9.966 
10.153  9.078  8.067  7.647  7.133  6.968  7.302  7.769  8.174  9.162 10.077 
10.004  9.064  8.301  7.639  7.039  7.018  7.026  7.739  8.323  9.102 10.012 
10.041  9.137  8.371  7.579  7.053  7.266  7.206  7.493  8.122  9.072  9.855 
 9.862  9.002  8.179  7.557  6.992  6.967  7.134  7.532  8.160  8.933 10.023 
10.077  9.076  8.260  7.463  7.189  6.887  7.302  7.685  8.119  8.991  9.938 
 9.910  8.991  8.212  7.638  7.135  6.927  7.033  7.729  8.348  9.089  9.894 
 9.980  9.038  8.317  7.637  7.110  6.986  7.272  7.768  8.143  8.971 10.000 
10.197  9.049  8.246  7.692  7.269  7.157  7.425  7.682  8.226  9.213 10.049 
10.013  8.880  8.508  7.723  7.366  7.020  7.320  7.480  8.186  9.050  9.715 
10.143  9.186  8.330  7.631  7.241  6.838  7.241  7.604  8.319  9.023 10.025 
 9.990  9.000  8.340  7.577  7.381  7.071  7.271  7.497  8.400  9.013  9.778 
10.150  9.075  8.079  7.687  7.233  7.186  7.103  7.672  8.243  9.089  9.930 
10.066  9.197  8.281  7.720  7.291  6.994  7.229  7.459  8.281  8.959 10.102 
10.141  9.129  8.145  7.573  7.088  6.901  7.188  7.744  8.230  9.202 10.002 
10.080  8.981  8.264  7.473  7.229  7.051  7.366  7.595  8.308  9.043  9.867 
 9.952  9.000  8.206  7.559  7.288  7.010  7.320  7.851  8.187  9.001  9.988 
 9.895  8.940  8.261  7.575  7.203  6.881  7.021  7.540  8.210  9.117  9.958 
 9.841  8.956  8.357  7.776  7.115  7.031  7.215  7.544  8.193  9.026  9.933 
 9.993  9.010  8.161  7.573  7.144  7.082  7.237  7.630  8.092  9.101 10.026 
10.079  8.900  8.139  7.824  7.055  7.310  7.322  7.653  8.194  8.946  9.919 
10.061  9.063  8.350  7.670  7.445  6.903  7.250  7.594  8.174  8.983 10.033 
 9.972  8.928  8.264  7.586  7.287  7.232  7.270  7.671  8.226  8.918 10.369 
10.049  9.183  8.421  7.480  7.383  7.164  7.218  7.523  8.185  8.923 10.049 
 9.812  8.861  8.574  7.632  7.202  7.176  7.003  7.736  8.197  8.947 10.098 
10.026  9.177  8.317  7.488  7.165  7.139  7.341  7.515  8.286  9.194  9.971 
10.067  9.124  8.293  7.858  7.125  7.116  7.242  7.728  8.192  9.172 10.156 
10.030  9.053  8.305  7.717  7.257  7.280  7.233  7.723  8.243  8.987  9.930 
 9.785  9.124  8.177  7.591  7.088  7.029  7.125  7.601  8.371  9.169  9.972 
 9.980  9.054  8.265  7.832  7.283  6.785  7.174  7.779  8.047  8.913 10.046 
 9.931  9.103  8.294  7.581  7.139  7.102  7.320  7.615  8.174  9.085 10.014 
10.053  9.032  7.978  7.590  7.330  6.949  7.257  7.731  8.245  9.112 10.041 
 9.979  9.106  8.252  7.685  7.148  7.264  7.144  7.641  8.287  8.935 10.089 
10.046  9.110  8.275  7.551  7.376  7.308  7.441  7.798  8.237  9.068 10.037 
10.037  9.042  8.360  7.665  7.323  7.082  7.227  7.511  8.353  9.095 10.197 
 9.950  9.190  8.261  7.490  7.164  7.000  7.282  7.614  8.187  9.062 10.166 
10.133  9.055  8.305  7.462  7.232  6.987  7.134  7.683  8.345  9.135  9.951 
10.044  8.958  8.277  7.789  7.025  7.037  7.300  7.637  8.242  8.796 10.032 
 9.963  9.083  8.341  7.696  7.253  7.253  7.361  7.777  8.426  9.052  9.971 
 9.951  9.206  8.309  7.707  7.088  7.228  7.192  7.653  8.191  9.174  9.962 
10.065  9.083  8.239  7.520  7.265  7.038  7.232  7.493  8.080  8.975  9.832 
10.007  9.070  8.239  7.549  7.387  7.146  7.274  7.686  8.274  8.702 10.173 
 9.965  9.129  8.359  7.761  7.115  7.081  6.951  7.595  8.131  8.919 10.007 
 9.962  9.125  8.100  7.495  7.351  7.171  7.128  7.541  8.254  9.140 10.030 
 9.968  9.075  8.097  7.636  7.145  7.000  7.135  7.594  8.266  9.013  9.810 
10.094  9.123  8.282  7.553  7.308  7.099  7.143  7.624  8.243  8.942  9.988 
 9.983  9.099  8.212  7.641  7.314  7.051  7.259  7.589  8.281  9.008 10.077 
 9.947  9.238  8.179  7.721  7.224  7.197  7.305  7.724  8.214  8.922  9.926 
 9.873  9.200  8.178  7.558  7.139  6.967  7.248  7.619  8.186  8.972  9.993 
 9.846  9.078  8.237  7.513  7.065  7.045  7.180  7.598  8.224  8.956  9.931 
10.053  9.059  8.317  7.390  7.163  7.213  7.105  7.501  8.174  9.016  9.876 
10.000  9.019  8.150  7.638  7.266  6.904  7.351  7.652  8.226  9.105 10.076 
 9.959  9.132  8.235  7.628  7.212  7.138  7.200  7.647  8.338  9.103  9.956 
10.004  8.984  8.186  7.649  7.209  6.958  7.278  7.665  8.309  8.954  9.808 
 9.964  9.033  8.150  7.648  7.305  7.118  7.233  7.673  8.184  9.290  9.989 
 9.956  9.252  8.252  7.449  7.221  6.956  6.984  7.665  8.253  8.974  9.990 
 9.870  9.266  8.220  7.679  7.061  7.196  7.272  7.547  8.398  9.135 10.070 
 9.914  9.068  8.087  7.670  7.282  7.043  7.310  7.674  8.114  8.918  9.942 
10.029  9.180  8.120  7.771  7.207  7.021  7.248  7.580  8.221  9.025  9.992 
 9.929  8.970  8.257  7.826  7.221  7.191  7.230  7.575  8.269  9.072 10.114 
 9.967  9.123  8.288  7.543  7.242  7.085  7.227  7.626  8.184  9.028  9.862 
10.121  8.983  8.331  7.691  7.380  6.947  7.057  7.702  8.233  9.165 10.060 
10.012  9.036  8.271  7.531  7.247  7.317  7.235  7.588  8.070  9.165 10.077 
10.114  9.124  8.403  7.534  7.048  7.128  7.110  7.610  8.262  8.990 10.169 
 9.893  8.777  8.199  7.617  7.258  7.088  7.278  7.685  8.419  9.127 10.231 
10.006  8.990  8.243  7.583  7.262  7.145  7.307  7.650  8.196  9.114 10.004 
10.026  9.047  8.418  7.618  7.191  7.109  7.306  7.559  8.252  9.084  9.862 
10.002  9.072  8.109  7.643  7.160  7.216  7.197  7.850  8.263  9.015  9.988 
 9.994  8.904  8.269  7.645  7.253  7.167  7.307  7.756  8.496  9.111 10.226 
10.264  9.051  8.165  7.506  7.266  7.181  7.039  7.406  8.221  8.951 10.052 
10.057  9.172  8.163  7.649  7.200  7.103  7.294  7.499  8.099  8.922 10.042 
 9.878  9.154  8.310  7.481  7.082  7.043  7.183  7.725  8.287  9.007  9.823 
10.072  8.920  8.360  7.791  7.065  7.100  7.140  7.592  7.980  8.962  9.866 
10.095  9.106  8.012  7.764  7.170  6.971  7.295  7.546  8.206  9.166 10.078 
 9.876  9.124  8.281  7.868  6.992  7.007  7.292  7.623  8.253  9.018 10.035 
 9.847  8.902  8.340  7.743  7.231  7.070  7.297  7.628  8.404  8.999  9.922 
10.012  9.081  8.120  7.476  7.219  7.167  7.051  7.594  8.222  9.138  9.966 
 9.973  9.071  8.298  7.720  7.229  7.157  7.131  7.685  8.226  9.075  9.910 
10.104  8.980  8.145  7.661  7.155  7.037  7.319  7.566  8.265  9.046 10.113 
10.069  8.877  8.148  7.689  7.283  7.167  7.256  7.740  8.273  9.149 10.026 
 9.898  9.030  8.318  7.627  7.172  7.204  7.143  7.576  7.946  9.047 10.044 
10.096  9.105  8.231  7.808  7.319  6.915  7.281  7.702  8.095  9.153  9.979 
 9.894  8.972  8.284  7.527  7.397  6.904  7.153  7.858  8.280  9.002  9.988 
 9.874  9.083  8.160  7.658  7.111  7.128  7.230  7.504  8.100  9.191  9.819 
 9.895  9.025  8.089  7.719  7.318  7.091  7.292  7.560  8.195  9.113  9.994 
 9.946  8.909  8.293  7.555  7.038  6.961  7.293  7.499  8.154  8.868 10.032 
10.091  9.065  8.360  7.560  7.299  7.062  7.470  7.824  8.437  9.134 10.036 
10.015  9.052  8.326  7.673  7.247  6.963  7.201  7.484  8.093  9.238 10.152 
10.078  9.002  8.352  7.669  7.188  6.909  7.120  7.719  8.276  9.053 10.213 
10.041  8.939  8.236  7.596  7.255  6.973  7.116  7.632  8.140  9.018 10.089 
10.167  9.219  8.113  7.680  7.250  7.128  7.202  7.737  8.355  8.919 10.063 
10.001  8.991  8.205  7.672  7.323  7.167  7.070  7.591  8.246  8.986  9.975 
10.209  9.050  8.251  7.387  7.252  7.177  7.189  7.509  8.239  9.236  9.953 
10.004  9.016  8.090  7.667  7.307  7.062  7.143  7.619  8.229  8.941 10.112 
10.135  9.001  8.229  7.918  7.047  7.048  7.386  7.689  8.300  8.928 10.126 
 9.997  8.991  8.346  7.433  7.226  7.094  7.078  7.769  8.378  9.077  9.938 
10.064  8.993  8.239  7.640  7.538  7.168  7.070  7.808  8.233  9.043 10.050 
10.013  9.132  8.135  7.501  7.190  7.060  7.177  7.502  8.311  9.095 10.016 
 9.947  8.914  8.240  7.558  7.323  6.994  7.062  7.672  8.126  9.186  9.951 
10.007  8.962  8.385  7.839  7.203  7.113  7.333  7.617  8.401  9.249  9.971 
10.062  9.090  8.139  7.682  7.221  7.194  7.272  7.623  8.281  9.273 10.042 
 9.948  9.245  8.346  7.703  7.146  6.865  7.289  7.550  8.187  9.191  9.736 
 9.735  8.955  8.234  7.679  7.314  7.112  7.169  7.666  8.287  9.160 10.011 
10.037  9.015  8.197  7.503  7.176  7.098  7.349  7.687  8.146  8.870 10.169 
 9.992  8.930  8.228  7.546  7.069  7.110  7.048  7.624  8.027  9.108  9.993 
 9.868  9.027  8.271  7.616  7.269  7.136  7.246  7.673  8.288  9.048 10.208 
10.027  9.086  8.398  7.761  7.190  7.113  7.246  7.660  8.267  8.991 10.161 
 9.989  9.079  8.219  7.684  7.180  6.904  7.180  7.740  8.373  9.236 10.066 
10.216  9.107  8.351  7.531  7.179  7.103  7.032  7.846  8.270  8.992  9.959 
 9.931  8.767  8.473  7.543  7.054  6.988  7.207  7.614  8.255  9.213 10.129 
 9.907  8.898  8.210  7.570  7.241  7.025  7.457  7.657  8.431  9.016 10.044 
10.001  9.000  8.420  7.819  7.262  7.168  7.251  7.709  8.424  8.891 10.128 
 9.954  9.174  8.117  7.446  7.245  7.070  7.292  7.607  8.129  9.157 10.168 
 9.909  9.002  8.132  7.633  7.320  7.101  7.165  7.448  8.214  9.132 10.081 
 9.894  8.982  8.217  7.822  7.352  7.018  7.226  7.566  8.304  9.092 10.243 
 9.976  9.347  8.370  7.640  7.222  7.015  7.118  7.615  8.279  8.975 10.023 
10.113  8.968  8.178  7.506  7.222  7.290  7.231  7.670  8.176  9.167 10.007 
 9.978  9.180  8.424  7.762  7.170  7.028  7.326  7.532  8.238  9.101 10.000 
10.134  9.014  8.279  7.584  7.314  7.154  7.265  7.673  8.114  9.085 10.005 
 9.992  9.054  8.192  7.729  7.208  7.001  7.181  7.448  8.233  9.093  9.976 
 9.998  8.886  8.267  7.592  7.127  7.028  7.233  7.651  8.386  8.879 10.040 
 9.938  9.083  8.174  7.497  7.343  7.120  6.947  7.638  8.437  9.124 10.086 
 9.914  8.912  8.191  7.543  7.228  7.167  7.108  7.856  8.265  9.001 10.106 
10.250  9.126  8.356  7.706  7.328  7.102  7.292  7.622  8.145  8.930 10.138 
10.036  8.945  8.187  7.517  7.204  7.145  7.267  7.633  8.285  9.010 10.131 
 9.926  9.214  8.173  7.674  7.191  7.116  7.171  7.647  8.168  9.154  9.886 
10.076  9.050  8.056  7.541  7.081  7.008  7.219  7.703  8.374  8.937  9.981 
 9.943  8.957  8.277  7.636  7.293  7.015  7.305  7.707  8.194  9.057 10.019 
10.105  9.127  8.311  7.707  7.221  7.001  7.184  7.535  8.278  9.187  9.906 
10.129  9.085  8.174  7.541  7.299  6.939  7.338  7.595  8.167  9.139  9.999 
 9.862  9.091  8.197  7.724  7.247  7.237  7.251  7.512  8.437  9.155 10.163 
10.073  9.124  8.251  7.629  7.356  7.124  7.143  7.591  8.288  9.084  9.780 
 9.960  9.013  8.159  7.682  7.197  6.922  7.288  7.660  8.260  9.077  9.999 
 9.921  8.980  8.285  7.810  7.211  7.291  7.228  7.692  8.188  9.092  9.834 
10.124  9.063  8.386  7.469  7.262  7.154  7.228  7.551  8.242  9.167  9.962 
10.037  9.056  8.306  7.495  7.127  7.199  7.115  7.596  8.032  9.004 10.069 
10.067  9.073  8.101  7.471  7.015  7.056  7.297  7.791  8.337  8.875 10.009 
 9.972  9.163  8.147  7.594  7.241  6.987  7.275  7.525  8.488  8.975 10.320 
 9.989  9.096  8.278  7.738  7.264  6.958  7.341  7.760  8.314  9.000 10.016 
10.067  8.970  8.338  7.522  7.248  7.227  7.276  7.599  8.192  9.169  9.949 
 9.908  9.244  8.245  7.574  7.168  6.907  7.249  7.367  8.261  9.124  9.982 
10.060  9.086  8.278  7.772  7.201  7.119  7.236  7.798  8.317  9.020  9.894 
 9.880  9.100  8.352  7.656  7.238  7.071  7.254  7.563  8.293  9.169 10.009 
 9.879  9.102  8.205  7.478  7.031  7.106  7.317  7.643  8.296  9.016  9.869 
10.056  8.932  8.222  7.564  7.094  7.027  7.187  7.742  8.237  9.074  9.994 
10.097  9.007  8.341  7.687  7.395  6.936  7.154  7.325  8.070  9.050  9.951 
10.008  9.175  8.216  7.522  7.156  6.845  6.994  7.618  8.238  9.004  9.918 
10.016  9.078  8.423  7.667  7.195  6.877  7.169  7.416  8.264  9.064 10.140 
 9.935  8.931  8.086  7.518  7.324  6.956  7.245  7.592  8.412  9.246  9.948 
10.023  9.020  8.238  7.543  7.177  7.130  7.296  7.645  8.308  9.061 10.062 
10.102  9.023  8.312  7.671  7.182  7.074  7.272  7.633  8.076  9.003 10.013 
10.027  9.052  8.247  7.680  7.161  7.008  7.207  7.586  8.106  8.861  9.885 
 9.984  8.900  8.201  7.509  7.203  7.003  7.217  7.768  8.145  9.060 10.042 
 9.963  9.229  8.089  7.688  7.182  6.965  7.268  7.542  8.167  9.065  9.965 
10.052  9.021  8.281  7.451  7.091  7.086  7.242  7.560  8.227  9.145  9.937 
 9.955  9.196  8.114  7.486  7.178  6.963  7.322  7.540  8.179  8.899 10.060 
10.010  9.031  8.350  7.505  7.376  7.040  7.023  7.716  8.349  9.069 10.143 
 9.660  8.982  8.197  7.586  7.262  7.103  7.122  7.582  8.280  9.018  9.983 
 9.969  8.978  8.225  7.565  7.374  7.053  7.138  7.528  8.282  8.982  9.911 
 9.980  9.028  8.390  7.722  7.316  6.957  7.060  7.505  8.380  9.026 10.004 
10.116  9.182  8.202  7.629  7.185  6.958  7.189  7.608  8.281  9.058  9.966 
10.054  9.298  8.224  7.546  7.244  7.016  7.149  7.626  8.205  9.058 10.087 
 9.893  9.028  8.311  7.625  7.203  7.171  7.293  7.683  8.150  9.153 10.079 
 9.907  9.078  8.322  7.632  7.163  7.174  7.269  7.538  8.408  9.061 10.191 
10.166  9.163  8.178  7.536  7.210  7.004  7.237  7.624  8.429  9.275 10.136 
 9.955  9.082  8.203  7.568  7.186  7.105  7.248  7.613  8.262  9.258 10.037 
10.123  9.048  8.331  7.678  7.170  7.091  7.164  7.675  8.251  8.990 10.025 
 9.977  9.255  8.296  7.621  7.219  6.925  7.137  7.461  8.322  9.055 10.059 
10.051  9.271  8.453  7.818  7.328  7.071  7.151  7.640  8.360  8.833 10.042 
10.193  8.895  8.266  7.494  7.151  6.990  7.329  7.523  8.200  9.026  9.957 
10.105  9.101  8.182  7.583  7.207  6.967  7.117  7.610  8.418  9.107  9.868 
10.058  8.997  8.215  7.537  7.212  7.087  7.179  7.826  8.350  9.065  9.914 
 9.986  8.971  8.054  7.494  7.402  7.189  7.251  7.512  8.250  8.747  9.985 
10.015  9.079  8.220  7.683  7.232  6.888  7.074  7.731  8.228  8.941  9.990 
10.044  8.980  8.136  7.719  7.164  7.075  7.278  7.486  8.174  8.989 10.092 
 9.846  8.981  8.227  7.550  7.116  7.065  7.484  7.436  8.146  9.095 10.048 
10.142  9.146  8.411  7.547  7.312  7.137  7.183  7.619  8.404  8.871  9.849 
 9.863  8.986  8.266  7.639  7.611  7.107  7.123  7.538  8.228  8.903 10.131 
 9.981  8.941  8.311  7.605  7.234  7.089  7.343  7.494  8.539  9.051  9.992 
 9.992  9.017  8.314  7.698  7.224  7.135  7.207  7.667  8.214  9.104  9.944 
10.108  8.850  8.145  7.607  7.298  6.801  7.255  7.600  8.220  9.005  9.952 
10.192  9.064  8.233  7.626  7.306  7.208  7.146  7.568  8.407  8.914 10.109 
10.151  9.155  8.246  7.476  7.143  6.964  7.143  7.634  8.281  8.942 10.028 
10.183  8.907  8.212  7.718  7.310  7.050  7.066  7.483  8.239  9.100  9.924 
10.119  9.067  8.130  7.593  7.290  6.996  7.240  7.527  8.203  9.089 10.051 
 9.994  9.114  8.334  7.564  7.260  7.140  7.313  7.648  8.293  9.030 10.098 
10.003  9.121  8.413  7.651  7.297  7.235  7.253  7.504  8.289  9.055  9.987 
10.154  8.957  8.182  7.731  7.178  7.101  7.297  7.684  8.303  8.938 10.073 
 9.917  9.225  8.290  7.631  7.262  6.999  7.155  7.612  8.372  8.882  9.981 
10.000  9.052  8.269  7.623  7.127  7.082  7.281  7.496  8.230  9.106 10.065 
10.077  9.114  8.182  7.532  7.428  6.987  7.143  7.623  8.203  9.150  9.971 
 9.905  9.082  8.380  7.514  7.166  7.015  7.177  7.543  8.246  8.867  9.970 
10.034  9.054  8.145  7.592  7.090  6.993  7.135  7.744  8.288  9.035  9.939 
 9.867  8.967  8.297  7.622  7.169  6.980  7.288  7.625  8.342  9.050  9.925 
10.021  9.072  8.240  7.512  7.164  7.047  7.365  7.693  8.265  9.115  9.922 
 9.912  9.028  8.278  7.593  7.269  7.029  7.171  7.691  8.321  8.985 10.075 
 9.906  9.118  8.208  7.722  7.276  7.038  7.063  7.580  8.112  9.156 10.056 
 9.959  9.094  8.341  7.687  7.274  7.132  7.157  7.531  8.247  9.242 10.041 
 9.869  9.134  8.189  7.657  7.336  6.971  7.142  7.698  8.179  8.916  9.820 
 9.920  8.996  8.282  7.611  7.245  7.179  7.312  7.578  8.103  9.112  9.969 
10.113  9.096  8.120  7.576  7.328  6.961  7.240  7.558  8.191  9.259  9.903 
10.039  9.004  8.147  7.535  7.147  7.090  7.347  7.733  8.296  9.197 10.151 
 9.928  8.908  8.296  7.557  7.305  7.006  7.193  7.421  8.314  8.905  9.985 
10.111  9.259  8.359  7.684  7.083  7.137  7.213  7.430  8.415  9.045 10.230 
10.077  9.034  8.167  7.629  7.159  6.929  6.989  7.598  8.306  9.142 10.059 
 9.862  9.002  8.188  7.525  7.198  7.082  7.220  7.519  8.402  8.996 10.208 
 9.919  8.866  8.233  7.579  7.392  7.192  7.125  7.618  8.118  9.049 10.078 
 9.981  8.955  8.279  7.677  7.312  7.005  7.140  7.670  8.255  9.096  9.911 
10.011  9.154  8.360  7.622  7.340  7.045  7.078  7.565  8.177  9.294  9.996 
10.132  8.945  8.265  7.764  7.355  6.997  7.287  7.692  8.126  8.925  9.994 
10.078  9.041  8.219  7.578  7.191  7.192  6.952  7.675  8.334  8.967 10.066 
10.152  9.090  8.241  7.608  7.065  6.972  7.134  7.549  8.515  8.879  9.947 
10.091  9.275  8.206  7.513  7.133  7.068  7.252  7.553  8.180  9.229 10.047 
 9.887  8.984  8.157  7.474  7.256  7.058  7.274  7.736  8.246  8.904  9.876 
 9.952  9.092  8.325  7.566  7.222  6.923  7.151  7.544  8.355  9.070  9.922 
10.031  9.135  8.247  7.699  7.081  7.055  7.289  7.556  8.263  8.879 10.093 
 9.971  9.100  8.333  7.663  7.258  7.106  7.162  7.642  8.323  9.079 10.074 
 9.947  9.095  8.397  7.504  7.270  7.123  7.347  7.684  8.163  8.846  9.850 
 9.941  9.151  8.162  7.630  7.310  7.183  7.287  7.701  8.335  9.020 10.013 
10.028  8.971  8.241  7.601  7.178  7.046  7.230  7.638  8.312  8.988 10.286 
10.106  9.209  8.349  7.471  7.088  7.174  7.243  7.611  8.254  9.104 10.007 
10.059  8.943  8.288  7.631  7.261  7.012  7.361  7.626  8.175  9.115 10.139 
 9.999  9.004  8.180  7.749  7.319  7.170  7.188  7.561  8.116  9.035  9.921 
 9.822  9.016  8.405  7.773  7.112  7.144  7.142  7.515  8.349  9.155 10.008 
10.048  8.941  8.166  7.766  7.191  6.943  7.316  7.618  8.108  9.108  9.913 
 9.955  8.905  8.302  7.682  7.400  6.997  7.274  7.676  8.005  9.168 10.041 
10.140  9.087  8.086  7.672  7.116  7.153  7.011  7.493  8.065  9.033 10.146 
 9.991  8.985  8.246  7.661  7.256  6.915  7.257  7.490  8.218  8.999 10.091 
 9.969  9.034  8.173  7.607  7.221  7.023  7.180  7.561  8.264  9.102 10.019 
 9.892  9.020  8.349  7.835  7.252  7.094  7.252  7.516  8.305  8.978 10.005 
10.100  8.977  8.299  7.792  7.177  7.148  7.087  7.531  8.181  8.998 10.049 
 9.949  8.812  8.192  7.695  7.069  7.204  7.307  7.613  8.401  9.023 10.140 
 9.942  9.110  8.347  7.640  7.365  7.012  7.198  7.436  8.148  9.039 10.056 
 9.944  9.068  8.093  7.512  7.335  7.041  7.350  7.664  8.155  8.982 10.148 
10.112  9.105  8.184  7.784  7.160  7.020  7.148  7.496  8.351  8.983 10.069 
10.074  8.945  8.167  7.527  7.293  6.984  7.270  7.583  8.445  9.035 10.102 
 9.872  9.221  8.316  7.674  7.192  7.071  7.188  7.591  8.418  9.137  9.913 
10.159  9.176  8.277  7.643  7.323  6.895  7.241  7.757  8.210  8.893 10.048 
 9.968  8.996  8.185  7.305  7.395  7.026  7.113  7.692  8.465  8.907 10.034 
 9.919  9.186  8.102  7.630  7.164  7.129  7.213  7.634  8.361  9.097 10.019 
 9.969  9.105  8.363  7.612  7.155  6.965  7.182  7.584  8.368  9.094  9.938 
10.046  8.993  8.320  7.638  7.330  7.022  7.210  7.636  8.306  9.149 10.005 
10.109  9.119  8.380  7.655  7.274  7.064  7.039  7.661  8.214  9.050  9.918 
10.063  9.178  8.271  7.528  7.137  7.169  7.262  7.608  8.287  9.155 10.080 
10.187  9.077  8.203  7.683  7.146  6.981  7.291  7.803  8.249  8.975  9.942 
 9.919  8.991  8.220  7.642  7.192  7.222  7.255  7.648  8.297  8.936  9.942 
 9.923  9.151  8.185  7.586  7.230  7.111  7.329  7.525  8.301  9.084  9.935 
 9.862  9.138  8.198  7.771  7.370  7.001  7.286  7.573  8.214  9.106  9.989 
10.044  8.857  8.387  7.492  7.361  6.931  7.307  7.646  8.398  8.952  9.904 
10.152  9.179  8.329  7.623  7.420  6.952  7.139  7.723  8.290  9.019 10.004 
10.055  9.051  8.171  7.533  7.147  7.086  7.315  7.605  8.336  8.955 10.026 
10.025  9.243  8.242  7.589  7.168  7.189  7.208  7.647  8.163  9.084  9.771 
10.050  8.972  8.309  7.541  7.180  7.109  7.333  7.672  8.278  9.168 10.014 
 9.926  9.073  8.221  7.660  7.231  7.149  7.389  7.737  8.171  9.060 10.048 
10.116  9.140  8.007  7.477  7.150  6.959  7.295  7.634  8.069  9.005  9.832 
10.074  8.978  8.232  7.637  7.264  7.259  7.290  7.595  8.431  9.161  9.862 
 9.869  9.035  8.327  7.545  7.278  7.196  7.132  7.735  8.198  9.062  9.913 
 9.944  9.118  8.141  7.624  7.119  7.003  7.306  7.531  8.279  8.816 10.034 
 9.987  8.896  8.354  7.596  7.237  7.014  7.363  7.651  8.174  9.081 10.159 
10.037  9.007  8.220  7.473  7.379  7.019  7.122  7.604  8.294  9.069 10.062 
 9.965  9.207  8.167  7.552  7.159  7.198  7.169  7.646  8.174  9.093 10.184 
 9.998  9.098  8.300  7.466  7.168  7.251  7.158  7.371  8.150  9.248 10.042 
 9.988  9.118  8.259  7.612  7.157  7.044  7.109  7.795  8.335  9.012  9.996 
10.125  9.144  8.126  7.642  7.108  6.957  7.422  7.538  8.242  8.806 10.042 
 9.914  9.128  8.202  7.570  7.171  7.122  7.211  7.397  8.210  8.949 10.080 
10.069  8.993  8.357  7.487  7.131  7.060  7.130  7.634  8.037  9.167  9.857 
10.087  9.048  8.297  7.627  7.150  7.087  7.232  7.591  8.397  9.078  9.908 
10.144  9.044  8.227  7.659  7.334  7.101  7.239  7.542  8.398  9.001  9.953 
10.000  9.111  8.214  7.736  7.156  7.095  7.228  7.672  8.288  9.071 10.097 
10.034  9.151  8.181  7.634  7.226  7.181  7.158  7.580  8.169  8.981  9.988 
10.095  9.086  8.337  7.604  7.193  7.118  7.175  7.571  8.256  8.901  9.829 
10.011  9.057  8.243  7.317  7.306  6.976  7.123  7.522  8.242  9.003  9.845 
 9.988  8.821  8.293  7.544  7.135  7.186  7.287  7.528  8.367  9.133  9.911 
10.014  9.248  8.264  7.783  7.363  6.844  7.151  7.483  8.398  9.006  9.989 
10.060  9.224  8.141  7.688  7.093  7.110  7.265  7.679  8.257  8.909  9.951 
10.058  8.910  8.174  7.684  7.096  7.076  7.288  7.641  8.289  9.072 10.231 
 9.958  9.069  8.401  7.487  7.134  7.069  7.166  7.802  8.290  9.035 10.043 
10.169  8.919  8.273  7.564  7.094  7.078  7.308  7.550  8.330  8.945 10.081 
 9.924  8.996  8.223  7.640  7.095  7.103  7.005  7.615  8.155  8.933 10.118 
10.079  9.196  8.087  7.611  7.531  7.138  7.190  7.586  8.196  9.026  9.931 
10.082  9.040  8.257  7.693  7.126  6.918  7.371  7.634  8.285  9.157 10.021 
10.011  9.298  8.140  7.675  7.239  7.171  7.339  7.536  8.090  9.109  9.963 
10.053  8.915  8.168  7.681  7.013  7.156  7.102  7.624  8.192  9.229  9.878 
10.096  9.146  8.188  7.596  7.322  6.926  7.337  7.578  8.189  8.966  9.962 
 9.743  9.086  8.261  7.676  7.255  7.028  7.269  7.637  8.261  9.034 10.008 
 9.855  8.992  8.109  7.597  7.163  7.093  7.300  7.665  8.232  8.894  9.998 
10.183  9.138  8.207  7.669  7.414  7.018  7.329  7.543  8.197  9.159  9.940 
 9.918  9.235  8.129  7.697  7.181  7.056  7.184  7.686  8.450  8.988  9.939 
 9.898  8.989  8.227  7.595  7.237  7.083  7.092  7.548  8.410  9.146  9.940 
10.104  9.205  8.310  7.589  7.187  6.959  7.101  7.508  8.197  8.995 10.089 
 9.983  9.135  8.142  7.779  7.094  7.135  7.210  7.659  8.077  9.095  9.917 
 9.760  9.058  8.182  7.591  7.350  7.161  7.254  7.681  8.283  8.930  9.934 
10.058  8.992  8.387  7.615  7.263  7.254  7.249  7.655  8.228  8.956 10.035 
10.168  9.122  8.241  7.537  7.262  7.070  7.193  7.549  8.093  9.043 10.054 
 9.867  9.102  8.338  7.545  7.154  6.986  7.067  7.773  8.270  9.120  9.975 
10.031  9.041  8.189  7.739  7.288  7.130  7.242  7.622  8.296  9.073  9.943 
10.107  9.150  8.206  7.626  7.308  7.081  7.253  7.670  8.354  9.056  9.802 
 9.884  9.105  8.262  7.765  7.090  7.062  7.173  7.597  8.138  9.170 10.141 
 9.886  9.162  8.259  7.718  7.160  7.191  7.112  7.482  8.218  9.038 10.193 
 9.864  9.074  8.180  7.821  7.225  7.138  7.286  7.647  8.176  9.075  9.988 
 9.961  9.083  8.233  7.429  7.235  7.068  7.239  7.563  8.116  9.111  9.982 
10.003  9.154  8.172  7.590  7.273  7.048  7.322  7.621  8.165  8.944 10.115 
10.142  9.018  8.270  7.502  7.050  7.052  7.112  7.705  8.376  9.067 10.169 
10.094  8.895  8.102  7.621  7.151  7.018  7.150  7.776  8.239  9.096 10.062 
 9.937  9.034  8.409  7.663  6.989  7.087  7.128  7.462  8.211  9.090 10.049 
 9.959  9.236  8.284  7.622  7.046  7.016  6.979  7.654  8.219  9.014 10.042 
 9.920  9.015  8.426  7.671  7.298  7.045  7.202  7.747  8.146  8.981  9.866 
10.079  9.106  8.253  7.789  7.201  7.032  7.172  7.642  8.130  9.125  9.884 
10.007  8.870  8.164  7.674  7.087  7.084  7.321  7.699  8.195  9.052  9.939 
10.164  9.057  8.145  7.780  7.110  6.998  7.204  7.540  8.415  9.096  9.892 
 9.923  9.101  8.356  7.642  7.144  7.014  7.254  7.713  8.203  9.328  9.876 
 9.821  8.991  8.254  7.654  7.231  6.997  7.152  7.750  8.028  9.009 10.084 
10.148  9.038  8.209  7.410  7.167  7.108  7.214  7.720  8.323  8.924  9.998 
10.059  8.997  8.267  7.606  7.084  6.956  7.294  7.538  8.250  9.252  9.975 
 9.905  9.041  8.350  7.600  7.230  7.155  7.188  7.724  8.040  8.998  9.982 
10.038  9.211  8.233  7.600  7.160  7.203  7.109  7.767  8.069  9.043  9.866 
 9.970  9.064  8.253  7.496  7.113  7.012  7.102  7.790  8.240  9.087  9.973 
 9.999  8.961  8.254  7.671  7.197  7.057  7.170  7.635  8.302  8.981 10.139 
10.035  9.075  8.195  7.492  7.178  7.285  7.154  7.856  8.179  8.953 10.082 
 9.969  8.973  8.378  7.464  7.064  7.140  7.371  7.582  8.101  9.145  9.927 
10.075  8.893  8.192  7.561  7.194  7.159  7.279  7.465  8.066  9.119  9.858 
10.040  9.008  8.161  7.762  7.385  6.898  7.067  7.633  8.419  8.995  9.960 
10.096  8.935  8.182  7.609  7.039  6.927  7.189  7.703  8.204  9.116  9.943 
10.120  9.015  8.249  7.604  7.242  7.017  7.203  7.311  8.227  9.232 10.085 
 9.962  9.104  8.264  7.878  7.246  7.084  7.378  7.639  8.166  9.096  9.731 
 9.956  9.092  8.312  7.545  7.266  7.114  7.211  7.748  8.169  9.234  9.942 
10.025  9.009  8.324  7.662  7.367  6.944  7.019  7.718  8.184  9.015 10.114 
 9.859  9.093  8.115  7.575  6.979  7.233  7.158  7.540  8.161  9.135 10.030 
 9.875  9.103  8.361  7.662  7.234  6.926  7.260  7.718  8.167  8.937  9.968 
10.190  9.083  8.289  7.700  7.237  7.274  7.330  7.455  8.228  9.246 10.075 
 9.924  9.104  8.409  7.422  7.204  7.040  7.071  7.527  8.309  9.167 10.071 
 9.806  9.111  8.305  7.566  6.976  6.895  7.120  7.628  8.356  8.990 10.113 
 9.823  9.092  8.251  7.610  7.129  7.065  7.244  7.818  8.140  9.021 10.098 
 9.974  9.337  8.156  7.743  7.285  7.313  7.205  7.688  8.339  9.230 10.060 
10.019  8.772  8.351  7.533  7.184  7.153  7.174  7.621  8.272  9.016  9.787 
10.093  9.134  8.380  7.606  7.166  7.104  7.341  7.505  8.077  9.189  9.926 
10.196  9.022  8.166  7.635  7.352  7.156  7.243  7.687  8.208  9.073  9.830 
 9.913  9.068  8.248  7.570  7.098  6.896  7.163  7.746  8.270  9.067  9.886 
10.035  9.065  8.257  7.620  7.233  7.073  7.142  7.687  8.270  9.050  9.942 
 9.909  9.007  8.441  7.632  7.121  7.093  7.355  7.717  8.235  9.155  9.960 
 9.825  9.196  8.136  7.547  7.235  7.231  7.139  7.538  8.417  9.167 10.028 
10.011  9.176  8.184  7.638  7.149  6.852  7.103  7.465  8.229  9.063 10.142 
10.012  9.230  8.229  7.865  7.161  7.137  7.206  7.497  8.232  9.042 10.034 
 9.899  9.112  8.451  7.492  7.301  6.875  7.244  7.713  8.201  8.959  9.936 
10.125  9.041  8.050  7.554  7.222  7.171  7.177  7.654  8.271  9.075  9.972 
 9.970  9.173  8.194  7.616  7.133  6.958  7.252  7.643  8.037  9.047  9.963 
10.008  8.974  8.285  7.505  7.295  7.067  7.145  7.608  8.080  9.054  9.968 
10.102  9.012  8.405  7.485  7.258  7.069  7.185  7.590  8.202  9.133  9.996 
10.058  9.025  8.211  7.554  7.125  6.962  7.289  7.636  8.371  9.023 10.098 
 9.959  9.178  8.365  7.717  7.262  7.182  7.438  7.553  8.369  9.015  9.801 
 9.983  8.953  8.258  7.665  7.118  7.144  7.003  7.554  8.217  9.119 10.086 
 9.843  8.989  8.230  7.723  7.175  7.139  7.279  7.663  8.215  9.231 10.143 
 9.866  9.136  8.238  7.578  7.246  7.062  7.124  7.653  8.366  8.932 10.016 
10.206  9.060  8.307  7.812  7.367  7.106  7.216  7.645  8.351  8.787 10.018 
 9.965  9.101  8.266  7.724  7.335  7.132  7.407  7.526  8.292  9.251 10.011 
10.057  9.120  8.330  7.696  7.269  6.963  7.164  7.730  8.347  9.100  9.945 
10.013  9.099  8.209  7.598  7.050  7.002  7.192  7.521  8.227  9.116 10.148 
10.000  8.994  8.306  7.612  7.293  7.012  7.187  7.535  8.324  8.991 10.022 
10.093  9.001  8.144  7.581  7.351  6.959  7.000  7.767  8.123  9.056 10.261 
 9.926  9.300  8.261  7.633  7.163  7.090  7.130  7.664  8.437  9.134 10.077 
 9.856  8.938  8.168  7.606  7.290  6.905  7.122  7.542  8.395  8.969 10.154 
10.131  9.086  8.282  7.736  7.342  7.019  7.358  7.559  8.242  9.047  9.943 
 9.998  9.042  8.428  7.703  7.356  6.888  7.271  7.580  8.286  9.037  9.879 
 9.917  8.931  8.232  7.635  7.180  6.909  7.040  7.662  8.081  8.945 10.123 
 9.977  9.037  8.338  7.559  7.178  6.933  7.215  7.729  8.173  9.128  9.928 
10.103  9.133  8.177  7.526  7.186  6.878  7.243  7.555  8.166  8.940  9.894 
 9.972  9.198  8.393  7.498  7.174  7.159  7.110  7.590  8.307  8.867  9.997 
10.124  9.067  8.211  7.514  7.306  7.028  7.135  7.425  8.241  9.166  9.956 
 9.910  9.057  8.161  7.623  7.206  7.061  7.398  7.433  8.339  9.094  9.998 
 9.996  9.043  8.326  7.580  7.159  7.319  7.129  7.833  8.089  9.043  9.980 
 9.931  9.071  8.066  7.486  7.149  7.154  7.075  7.615  8.189  8.977 10.058 
 9.953  9.120  8.185  7.622  6.917  6.896  7.181  7.472  8.312  9.137  9.887 
10.045  9.084  8.356  7.510  7.111  6.963  7.233  7.687  8.317  8.812  9.956 
10.172  9.130  8.274  7.573  7.283  7.113  7.335  7.566  8.370  8.975  9.904 
 9.924  8.948  8.326  7.463  7.070  7.157  7.166  7.502  8.247  9.194 10.072 
 9.912  9.101  8.197  7.550  7.171  7.039  7.287  7.719  8.217  8.816  9.993 
 9.848  8.941  8.328  7.655  7.252  7.199  7.292  7.620  8.305  9.085 10.068 
 9.935  8.987  8.350  7.678  7.345  7.146  7.105  7.617  8.191  9.279 10.207 
10.108  8.988  8.248  7.478  7.116  7.105  7.201  7.667  8.173  9.140 10.100 
 9.965  8.989  8.257  7.573  7.175  7.114  7.174  7.588  8.228  8.961 10.099 
10.116  8.993  8.213  7.485  7.014  6.958  7.299  7.622  8.266  8.840  9.987 
 9.916  9.099  8.396  7.726  7.360  7.037  7.085  7.679  8.404  9.008  9.782 
 9.787  9.168  8.385  7.751  7.378  6.906  7.344  7.645  8.230  9.105 10.064 
10.093  9.028  8.271  7.602  7.201  7.081  7.270  7.581  8.478  9.081 10.000 
10.149  9.090  8.368  7.670  7.301  7.053  7.188  7.569  7.993  9.022 10.059 
 9.987  9.177  8.128  7.530  7.325  7.274  7.245  7.604  8.293  9.121 10.027 
10.141  9.145  8.244  7.566  7.065  6.919  7.127  7.645  8.273  9.129 10.119 
10.113  9.038  8.118  7.708  7.192  7.208  7.014  7.697  8.303  9.120  9.914 
 9.912  9.026  8.309  7.688  7.294  6.955  7.203  7.404  8.100  9.009  9.960 
10.079  9.018  8.304  7.509  7.161  7.111  7.227  7.632  8.303  8.976 10.000 
 9.933  9.192  8.340  7.671  7.237  7.155  7.151  7.536  8.359  9.151  9.852 
10.005  9.045  8.319  7.813  7.245  7.060  7.056  7.596  8.072  9.143  9.949 
 9.842  8.985  8.198  7.564  7.222  7.080  7.290  7.606  8.176  9.133 10.055 
 9.988  8.944  8.308  7.528  7.270  7.182  7.188  7.533  8.435  9.028  9.886 
10.267  9.065  8.203  7.737  7.133  6.988  7.279  7.701  8.252  9.146  9.874 
10.041  9.047  8.086  7.560  7.142  7.163  7.451  7.674  8.237  9.173  9.872 
10.011  9.064  8.310  7.447  7.128  7.139  7.040  7.663  8.125  9.013 10.086 
 9.975  9.032  8.212  7.570  7.419  7.000  7.204  7.779  8.386  9.112 10.010 
 9.986  9.150  8.156  7.666  7.227  7.052  7.151  7.721  8.275  9.113 10.066 
10.114  9.006  8.363  7.698  7.169  7.029  7.051  7.616  8.401  9.080  9.870 
10.040  9.222  8.074  7.595  7.080  7.217  7.278  7.697  8.365  9.207 10.160 
10.235  8.970  8.182  7.619  7.451  7.101  7.196  7.425  8.193  9.129  9.934 
 9.922  9.002  8.176  7.477  7.170  7.024  7.236  7.569  8.329  8.942  9.986 
10.144  8.954  8.351  7.533  7.100  7.088  7.208  7.425  8.179  9.185  9.696 
 9.815  8.955  8.111  7.375  7.305  7.081  7.235  7.655  8.245  8.990 10.114 
 9.954  8.923  8.281  7.656  7.240  7.070  7.181  7.524  8.266  9.059 10.039 
10.138  9.170  8.291  7.652  7.133  7.297  7.155  7.659  8.322  8.972  9.907 
 9.948  9.054  8.057  7.609  7.448  7.107  6.936  7.615  8.122  9.035  9.933 
 9.945  9.084  8.139  7.772  6.997  7.136  7.093  7.532  8.224  9.074 10.023 
10.189  9.131  8.173  7.583  7.221  7.001  7.314  7.399  8.192  9.124 10.154 
10.040  9.052  8.239  7.729  7.162  6.929  7.210  7.796  8.240  9.062  9.934 
10.362  9.053  8.314  7.544  7.069  7.073  7.147  7.717  8.344  9.101 10.207 
 9.988  8.932  8.201  7.649  7.195  7.153  7.319  7.691  8.154  8.912 10.177 
 9.891  8.976  8.224  7.718  7.067  7.039  7.172  7.687  8.378  9.028 10.169 
10.204  9.000  8.128  7.615  7.091  6.998  7.137  7.571  8.253  9.043 10.002 
10.148  8.790  8.359  7.632  7.121  7.064  7.317  7.728  8.349  9.127  9.920 
10.020  8.941  8.240  7.564  7.152  7.135  7.256  7.435  8.181  8.979 10.137 
10.007  9.002  8.236  7.656  7.251  7.099  7.232  7.564  8.390  9.025 10.088 
 9.958  8.974  8.379  7.702  7.324  6.867  7.221  7.457  8.296  9.116 10.117 
 9.949  9.022  8.504  7.395  7.228  7.073  7.156  7.606  8.232  9.107  9.985 
10.103  9.049  8.233  7.712  7.337  7.124  7.269  7.808  8.335  9.108  9.675 
10.029  9.152  8.233  7.638  7.428  6.972  7.296  7.541  8.444  8.990 10.029 
10.080  9.216  8.282  7.808  7.217  6.938  7.259  7.656  8.115  9.214 10.045 
10.008  9.044  8.238  7.662  7.051  6.935  7.026  7.682  8.080  8.980  9.980 
 9.927  8.961  8.253  7.585  7.477  7.078  7.263  7.621  8.127  8.953 10.006 
 9.937  8.914  8.249  7.652  7.056  6.977  7.053  7.580  8.348  9.166  9.905 
 9.867  9.095  8.221  7.366  7.193  7.027  7.147  7.596  8.202  9.145  9.946 
10.202  9.067  8.194  7.516  7.104  7.237  7.302  7.545  8.258  8.999 10.188 
 9.949  9.052  8.009  7.760  7.150  7.035  7.195  7.640  8.275  9.161  9.977 
 9.896  9.098  8.277  7.604  7.128  6.922  7.258  7.766  8.153  9.071 10.064 
 9.889  8.975  8.209  7.725  7.200  6.984  7.248  7.568  8.187  9.311 10.054 
10.107  9.111  8.303  7.652  7.218  7.139  7.107  7.573  8.107  8.961  9.955 
10.088  9.048  8.117  7.637  7.114  6.949  7.163  7.715  8.237  8.896  9.940 
10.123  9.049  8.552  7.678  7.339  7.105  7.214  7.595  8.407  9.082 10.064 
10.042  9.105  8.154  7.637  7.225  7.033  7.244  7.630  8.257  8.983  9.970 
10.130  9.050  8.396  7.631  7.198  7.017  6.993  7.499  8.231  9.099  9.906 
10.069  9.050  8.391  7.664  7.328  7.081  7.188  7.638  8.256  9.020  9.878 
10.111  8.979  8.327  7.617  7.232  7.175  7.324  7.466  8.318  9.087 10.021 
10.133  9.250  8.356  7.754  7.501  7.040  7.230  7.511  8.270  9.129 10.054 
 9.881  8.955  8.185  7.749  7.143  7.116  6.898  7.720  8.161  9.223  9.737 
10.052  9.144  8.175  7.644  7.183  7.017  7.115  7.761  8.214  9.134  9.917 
 9.868  9.126  8.244  7.551  7.196  6.986  7.250  7.578  8.336  9.259  9.926 
 9.993  9.067  8.115  7.525  7.155  7.123  7.203  7.452  8.141  8.938  9.870 
10.010  9.085  8.366  7.647  7.270  7.007  7.049  7.628  8.204  8.907 10.104 
 9.856  9.146  8.321  7.590  7.122  7.171  7.300  7.713  8.338  8.923  9.963 
 9.923  9.081  8.245  7.651  7.218  7.046  7.312  7.639  8.214  9.081  9.984 
10.015  9.078  8.298  7.585  7.326  7.147  7.102  7.622  8.143  9.119  9.755 
10.105  8.919  8.161  7.638  7.105  6.979  7.172  7.670  8.172  9.027 10.054 
 9.933  9.006  8.173  7.639  7.240  7.145  7.169  7.668  8.305  8.974  9.916 
 9.954  8.966  8.284  7.725  7.278  6.990  7.244  7.484  8.116  9.047 10.022 
 9.865  8.899  8.060  7.561  7.204  6.950  7.357  7.843  8.350  9.075 10.041 
10.001  8.913  8.220  7.600  6.980  6.953  7.050  7.500  8.346  9.028 10.196 
 9.902  9.067  8.238  7.676  7.335  7.062  7.268  7.558  8.367  9.012  9.983 
10.036  9.134  8.297  7.599  7.285  7.128  7.159  7.708  8.030  8.959 10.155 
10.012  9.213  8.127  7.634  7.195  7.116  7.088  7.471  8.288  9.065 10.074 
10.188  9.030  8.234  7.538  7.230  6.851  7.199  7.546  8.217  8.997 10.094 
 9.938  8.838  8.263  7.674  7.186  7.103  7.290  7.575  8.199  9.160  9.962 
10.086  8.994  8.038  7.495  7.253  7.018  7.132  7.689  8.267  9.048 10.033 
 9.896  8.928  8.104  7.405  7.162  6.924  7.240  7.633  8.161  8.999 10.006 
 9.991  9.215  8.176  7.614  7.301  7.000  7.283  7.536  8.166  9.047 10.029 
10.039  9.023  8.353  7.750  7.269  7.131  7.181  7.672  8.366  8.962 10.000 
 9.927  9.098  8.180  7.626  7.116  7.070  7.497  7.619  8.203  8.919 10.140 
 9.957  9.040  8.194  7.516  7.409  7.128  7.228  7.618  8.280  9.066  9.951 
