 9.970  9.081  8.222  7.608  7.201  7.099  7.227  7.606  8.237  9.103  9.977 
10.013  9.089  8.293  7.560  7.223  7.085  7.211  7.566  8.283  9.080 10.091 
 9.982  9.081  8.264  7.661  7.252  7.061  7.199  7.613  8.248  9.039 10.030 
 9.977  9.041  8.197  7.632  7.258  7.083  7.212  7.681  8.262  9.090  9.971 
10.004  9.013  8.284  7.622  7.194  7.043  7.236  7.626  8.184  9.027 10.033 
10.064  9.028  8.286  7.639  7.221  6.969  7.223  7.581  8.269  9.060  9.999 
 9.979  9.093  8.245  7.620  7.249  7.114  7.226  7.666  8.282  9.021 10.067 
10.009  9.095  8.250  7.600  7.162  7.063  7.219  7.645  8.245  9.055  9.997 
 9.979  9.118  8.316  7.632  7.184  7.106  7.276  7.602  8.234  9.063 10.000 
10.038  9.061  8.194  7.612  7.163  7.086  7.231  7.594  8.273  9.005  9.994 
10.057  9.016  8.169  7.598  7.255  7.051  7.189  7.545  8.228  9.043  9.978 
10.007  9.043  8.227  7.662  7.211  7.117  7.220  7.646  8.231  9.061 10.007 
10.012  9.093  8.196  7.567  7.179  7.046  7.190  7.542  8.282  9.088 10.017 
10.037  8.986  8.250  7.603  7.187  7.067  7.235  7.640  8.201  9.101  9.985 
 9.977  9.047  8.227  7.623  7.214  7.075  7.218  7.570  8.233  9.041  9.963 
10.006  9.042  8.215  7.635  7.245  7.120  7.163  7.619  8.255  9.024 10.055 
10.023  9.097  8.194  7.589  7.261  7.047  7.241  7.575  8.276  9.016  9.978 
10.006  9.093  8.253  7.623  7.221  7.068  7.229  7.599  8.235  9.099 10.031 
 9.996  9.081  8.250  7.615  7.286  7.147  7.172  7.595  8.247  9.096 10.033 
10.024  9.096  8.198  7.653  7.193  7.088  7.202  7.590  8.285  9.032 10.019 
 9.995  9.058  8.280  7.631  7.230  7.066  7.226  7.615  8.175  9.046  9.993 
 9.989  9.086  8.286  7.583  7.180  7.154  7.268  7.596  8.278  9.037 10.028 
 9.999  9.057  8.253  7.544  7.219  7.049  7.156  7.692  8.268  9.041  9.996 
 9.946  9.059  8.264  7.615  7.166  7.073  7.209  7.635  8.253  9.064 10.024 
 9.995  9.056  8.267  7.602  7.229  7.061  7.227  7.617  8.229  9.071  9.985 
 9.997  9.059  8.256  7.616  7.189  7.040  7.243  7.624  8.244  9.063 10.020 
10.004  9.066  8.217  7.614  7.219  7.086  7.205  7.641  8.257  9.093  9.995 
 9.957  9.085  8.223  7.656  7.165  7.050  7.201  7.698  8.295  9.074 10.007 
 9.977  9.045  8.259  7.593  7.253  7.059  7.227  7.572  8.233  9.101  9.965 
 9.969  9.052  8.254  7.591  7.201  7.065  7.182  7.675  8.269  9.028 10.009 
 9.976  9.039  8.226  7.672  7.249  7.068  7.192  7.571  8.270  9.055  9.988 
 9.989  9.075  8.202  7.621  7.259  7.066  7.191  7.587  8.261  9.095 10.013 
 9.975  9.095  8.213  7.599  7.185  7.048  7.188  7.606  8.218  9.060 10.015 
 9.998  9.041  8.252  7.654  7.221  7.067  7.224  7.687  8.258  9.034 10.038 
 9.989  9.067  8.212  7.601  7.281  7.005  7.180  7.667  8.272  9.060 10.036 
10.002  9.068  8.267  7.562  7.189  7.111  7.176  7.610  8.281  9.064  9.987 
 9.975  9.092  8.234  7.657  7.213  7.015  7.236  7.602  8.312  9.008  9.935 
 9.983  9.086  8.231  7.653  7.193  7.071  7.202  7.630  8.226  9.019  9.982 
10.007  9.100  8.239  7.607  7.197  7.082  7.237  7.584  8.216  9.000 10.065 
 9.978  9.052  8.228  7.597  7.239  7.073  7.173  7.573  8.287  9.036 10.018 
 9.980  9.059  8.222  7.568  7.258  7.085  7.217  7.615  8.223  9.024  9.991 
 9.981  9.077  8.245  7.615  7.213  7.126  7.201  7.631  8.247  9.099  9.955 
10.039  9.022  8.259  7.566  7.240  7.106  7.186  7.625  8.221  9.060 10.016 
 9.976  9.059  8.242  7.605  7.203  7.064  7.178  7.604  8.281  9.102 10.011 
 9.991  9.071  8.270  7.568  7.242  7.083  7.197  7.589  8.279  9.053 10.025 
 9.997  9.026  8.300  7.597  7.250  7.112  7.237  7.639  8.232  9.060  9.959 
 9.977  9.016  8.250  7.637  7.220  7.031  7.197  7.609  8.180  9.027  9.995 
 9.950  9.029  8.245  7.587  7.219  7.052  7.207  7.623  8.243  9.041  9.999 
 9.979  9.085  8.242  7.629  7.215  7.065  7.202  7.595  8.312  9.077  9.974 
 9.994  9.078  8.214  7.615  7.217  7.018  7.173  7.558  8.285  9.051 10.044 
10.003  9.013  8.181  7.632  7.204  7.069  7.267  7.701  8.221  9.100 10.049 
10.008  9.142  8.261  7.619  7.168  7.106  7.200  7.595  8.256  9.079 10.025 
 9.969  9.050  8.252  7.621  7.227  7.068  7.231  7.605  8.253  9.103  9.995 
10.001  9.065  8.242  7.655  7.205  7.052  7.215  7.611  8.246  9.059 10.017 
10.025  9.040  8.207  7.644  7.214  7.093  7.271  7.609  8.229  9.065  9.960 
10.014  9.036  8.213  7.671  7.274  7.036  7.166  7.558  8.262  9.045 10.019 
10.029  9.087  8.296  7.604  7.200  7.059  7.233  7.625  8.228  9.034 10.025 
10.030  9.056  8.248  7.595  7.185  7.040  7.230  7.650  8.250  9.045 10.026 
10.024  9.041  8.243  7.615  7.217  7.125  7.227  7.648  8.260  9.047  9.976 
10.010  9.065  8.207  7.590  7.155  7.087  7.222  7.595  8.249  9.028  9.961 
 9.963  9.127  8.183  7.634  7.209  7.089  7.265  7.607  8.271  9.078  9.962 
10.057  9.062  8.301  7.615  7.254  7.066  7.276  7.625  8.245  9.052  9.995 
 9.997  9.056  8.161  7.628  7.236  7.082  7.155  7.616  8.226  9.098  9.964 
 9.992  9.096  8.234  7.659  7.223  7.037  7.210  7.592  8.270  9.069 10.014 
 9.935  9.115  8.276  7.572  7.182  7.057  7.159  7.641  8.235  9.045 10.047 
 9.953  9.060  8.202  7.614  7.199  7.062  7.223  7.598  8.263  9.022  9.956 
 9.937  9.054  8.322  7.605  7.201  7.085  7.249  7.553  8.238  9.039 10.017 
 9.973  9.026  8.171  7.639  7.207  7.090  7.229  7.613  8.268  8.986  9.988 
 9.948  9.042  8.201  7.612  7.202  7.058  7.203  7.598  8.268  9.007  9.976 
 9.971  9.051  8.217  7.579  7.227  7.030  7.249  7.659  8.258  9.038 10.034 
 9.960  9.079  8.257  7.571  7.225  7.065  7.260  7.564  8.222  9.102 10.008 
10.029  9.101  8.243  7.575  7.226  7.115  7.200  7.625  8.245  9.039  9.994 
10.035  9.053  8.275  7.580  7.234  7.078  7.179  7.613  8.206  9.040  9.981 
 9.977  9.063  8.266  7.691  7.206  7.094  7.263  7.633  8.334  9.023  9.983 
 9.996  9.096  8.191  7.634  7.241  7.066  7.221  7.612  8.239  9.057  9.982 
 9.968  9.095  8.285  7.671  7.206  7.089  7.196  7.654  8.247  9.063 10.001 
 9.980  9.095  8.260  7.640  7.230  7.055  7.212  7.635  8.263  9.049 10.036 
 9.983  9.040  8.228  7.623  7.258  7.059  7.202  7.591  8.217  9.040 10.002 
10.018  9.092  8.259  7.648  7.165  7.083  7.234  7.656  8.196  9.030 10.034 
 9.999  9.031  8.234  7.601  7.202  7.085  7.198  7.645  8.234  9.065 10.078 
10.028  9.046  8.262  7.593  7.172  7.070  7.202  7.636  8.243  9.087  9.961 
10.009  9.138  8.244  7.629  7.245  7.097  7.204  7.667  8.206  9.055 10.032 
10.004  9.014  8.207  7.636  7.197  7.070  7.201  7.617  8.290  9.071  9.974 
10.002  9.035  8.189  7.613  7.270  7.134  7.232  7.626  8.229  9.110 10.020 
10.017  9.083  8.225  7.602  7.248  7.096  7.183  7.595  8.237  9.050  9.960 
10.010  9.036  8.238  7.616  7.178  7.018  7.239  7.603  8.288  9.048 10.013 
10.002  9.105  8.297  7.634  7.237  7.069  7.220  7.622  8.312  9.025  9.957 
 9.951  9.021  8.223  7.552  7.222  7.083  7.211  7.621  8.251  9.019  9.940 
 9.949  9.046  8.189  7.623  7.223  6.987  7.193  7.656  8.297  9.043  9.990 
10.023  9.054  8.265  7.593  7.210  7.090  7.198  7.609  8.245  9.018 10.015 
10.024  9.058  8.156  7.608  7.196  7.106  7.197  7.616  8.314  9.057  9.948 
10.019  9.027  8.314  7.650  7.169  7.068  7.233  7.659  8.239  9.053 10.005 
10.022  9.062  8.204  7.673  7.224  7.037  7.196  7.561  8.230  9.041  9.970 
10.009  9.074  8.163  7.655  7.214  7.082  7.236  7.631  8.279  9.008  9.968 
10.043  9.046  8.194  7.608  7.223  7.124  7.166  7.550  8.247  9.063  9.940 
 9.993  8.990  8.242  7.596  7.193  7.042  7.203  7.591  8.293  9.092 10.044 
10.011  9.078  8.261  7.573  7.196  7.054  7.275  7.531  8.237  9.038 10.058 
10.028  9.090  8.239  7.584  7.205  7.088  7.230  7.625  8.352  9.030 10.022 
 9.971  9.087  8.236  7.628  7.255  7.079  7.192  7.653  8.220  9.068  9.977 
10.077  9.041  8.287  7.650  7.235  7.096  7.267  7.591  8.247  9.033  9.994 
 9.977  9.037  8.276  7.580  7.241  7.078  7.235  7.589  8.233  9.008 10.034 
10.010  9.050  8.206  7.617  7.256  7.092  7.211  7.592  8.200  9.012 10.022 
10.011  9.006  8.265  7.649  7.175  7.068  7.230  7.649  8.284  9.050  9.934 
10.048  9.075  8.240  7.671  7.166  7.099  7.216  7.633  8.308  9.040  9.988 
10.015  9.050  8.189  7.583  7.251  7.014  7.255  7.613  8.272  9.085 10.045 
10.045  9.055  8.221  7.588  7.255  7.038  7.223  7.673  8.327  9.045  9.977 
10.014  9.069  8.265  7.641  7.215  7.109  7.212  7.610  8.234  9.076  9.998 
10.010  9.041  8.251  7.616  7.180  7.123  7.208  7.614  8.255  9.063  9.979 
10.026  9.057  8.269  7.594  7.219  7.016  7.179  7.663  8.285  8.989  9.953 
 9.994  9.099  8.205  7.596  7.194  7.049  7.267  7.569  8.256  9.048 10.023 
 9.994  9.008  8.217  7.634  7.239  7.002  7.157  7.655  8.255  9.041 10.019 
10.012  9.080  8.250  7.645  7.190  7.059  7.236  7.610  8.316  9.065  9.956 
10.005  9.080  8.302  7.596  7.230  7.081  7.215  7.568  8.255  9.028 10.041 
 9.980  9.026  8.307  7.650  7.211  7.085  7.196  7.594  8.248  9.062 10.001 
10.002  9.053  8.259  7.643  7.215  7.060  7.184  7.642  8.235  9.061  9.961 
 9.984  8.969  8.236  7.651  7.232  7.053  7.186  7.639  8.275  9.030  9.968 
 9.998  9.072  8.284  7.691  7.176  7.035  7.195  7.659  8.271  9.093  9.964 
 9.993  9.032  8.190  7.622  7.211  7.145  7.207  7.589  8.293  9.088  9.985 
10.011  9.053  8.235  7.606  7.229  7.051  7.235  7.618  8.178  9.046  9.957 
 9.953  9.028  8.316  7.628  7.232  7.093  7.204  7.630  8.242  9.100  9.944 
10.025  9.060  8.215  7.624  7.310  7.080  7.250  7.629  8.246  9.067  9.971 
10.011  9.070  8.318  7.633  7.254  7.035  7.209  7.643  8.268  9.066  9.975 
10.051  9.044  8.295  7.629  7.203  7.097  7.249  7.612  8.239  9.052 10.013 
 9.991  9.064  8.257  7.623  7.240  7.073  7.210  7.621  8.199  9.091 10.002 
 9.992  9.042  8.235  7.549  7.204  7.067  7.243  7.635  8.230  9.076  9.997 
10.021  9.025  8.211  7.612  7.215  7.112  7.249  7.568  8.283  9.038 10.024 
10.011  9.042  8.248  7.646  7.211  7.044  7.244  7.606  8.187  9.032 10.040 
10.090  9.045  8.217  7.617  7.286  7.115  7.211  7.622  8.228  9.026  9.977 
 9.973  9.071  8.207  7.605  7.251  7.046  7.243  7.628  8.275  9.042  9.965 
 9.959  9.052  8.233  7.622  7.170  7.051  7.218  7.629  8.192  9.077  9.995 
 9.988  9.042  8.219  7.607  7.203  7.113  7.264  7.653  8.258  9.032 10.029 
 9.926  9.043  8.215  7.584  7.192  7.109  7.215  7.602  8.229  9.059 10.024 
 9.978  9.034  8.248  7.603  7.280  7.064  7.206  7.667  8.200  9.039 10.065 
 9.996  9.067  8.177  7.619  7.235  7.092  7.227  7.634  8.215  9.072 10.017 
10.031  9.071  8.261  7.627  7.184  7.093  7.242  7.601  8.263  9.068  9.972 
10.020  9.035  8.283  7.620  7.218  7.107  7.209  7.638  8.274  9.023 10.014 
10.011  9.091  8.201  7.591  7.261  7.078  7.218  7.682  8.218  9.056 10.016 
 9.960  9.080  8.247  7.585  7.230  7.126  7.186  7.605  8.318  9.080 10.000 
 9.990  8.983  8.214  7.582  7.249  7.042  7.255  7.603  8.228  9.089 10.011 
10.002  9.024  8.231  7.581  7.243  7.050  7.201  7.594  8.237  9.037  9.945 
 9.978  9.072  8.250  7.566  7.214  7.068  7.186  7.582  8.194  9.095  9.975 
 9.987  9.060  8.231  7.597  7.199  7.071  7.224  7.655  8.264  9.067  9.990 
 9.979  9.007  8.294  7.557  7.228  7.002  7.225  7.718  8.190  9.092 10.000 
10.008  9.064  8.234  7.621  7.255  7.082  7.205  7.632  8.278  9.038 10.070 
10.017  9.056  8.263  7.611  7.216  7.068  7.213  7.623  8.196  9.041 10.051 
 9.972  9.038  8.212  7.591  7.129  7.104  7.211  7.638  8.304  9.055 10.000 
 9.952  9.089  8.281  7.566  7.233  7.036  7.215  7.641  8.263  9.040  9.994 
10.014  9.035  8.242  7.617  7.248  7.124  7.189  7.664  8.209  9.074  9.966 
 9.996  9.079  8.202  7.640  7.180  7.086  7.197  7.679  8.211  9.000 10.016 
10.043  9.102  8.212  7.611  7.213  7.111  7.251  7.569  8.218  9.056 10.024 
10.019  9.012  8.193  7.585  7.224  7.075  7.243  7.621  8.282  9.065  9.992 
 9.969  9.041  8.300  7.656  7.228  7.109  7.208  7.611  8.261  9.099  9.994 
 9.931  9.073  8.186  7.676  7.241  7.125  7.181  7.663  8.185  9.043  9.977 
10.025  9.019  8.222  7.632  7.188  7.099  7.155  7.610  8.287  9.073 10.003 
 9.998  9.026  8.276  7.656  7.205  7.089  7.190  7.600  8.225  9.005 10.013 
 9.985  9.070  8.247  7.575  7.177  7.075  7.217  7.624  8.195  9.075  9.998 
 9.969  9.053  8.275  7.626  7.224  7.032  7.267  7.597  8.301  9.038 10.021 
 9.966  9.095  8.202  7.605  7.177  7.089  7.248  7.626  8.234  9.054  9.984 
10.035  9.091  8.226  7.662  7.191  7.064  7.215  7.579  8.268  9.049  9.996 
 9.966  9.021  8.258  7.624  7.187  7.019  7.202  7.579  8.256  9.023  9.995 
 9.941  9.052  8.252  7.618  7.190  7.035  7.265  7.646  8.230  9.068 10.028 
 9.983  9.010  8.208  7.615  7.214  7.092  7.225  7.614  8.248  9.064 10.024 
10.053  9.042  8.283  7.644  7.257  7.084  7.165  7.614  8.241  9.104 10.004 
10.014  9.050  8.140  7.576  7.221  7.090  7.196  7.697  8.258  9.059 10.031 
 9.995  9.062  8.261  7.614  7.236  7.048  7.224  7.635  8.261  9.044 10.047 
 9.974  9.063  8.280  7.627  7.216  7.069  7.191  7.642  8.225  9.075 10.056 
 9.984  9.127  8.214  7.628  7.157  7.047  7.254  7.568  8.239  9.085 10.001 
 9.984  9.052  8.240  7.611  7.219  7.065  7.293  7.631  8.214  9.025 10.014 
 9.990  9.047  8.235  7.634  7.192  7.052  7.186  7.590  8.250  9.055  9.962 
10.087  9.057  8.195  7.690  7.254  7.047  7.242  7.617  8.252  9.030  9.986 
 9.999  9.060  8.220  7.625  7.204  7.066  7.177  7.649  8.254  9.090  9.979 
 9.967  9.011  8.300  7.631  7.195  7.112  7.245  7.638  8.290  8.980 10.014 
10.039  9.051  8.258  7.580  7.174  7.034  7.159  7.616  8.282  9.080  9.984 
 9.988  9.042  8.243  7.591  7.269  7.045  7.255  7.618  8.237  9.066 10.035 
 9.941  9.056  8.240  7.648  7.216  7.081  7.236  7.645  8.260  9.017 10.018 
10.006  9.054  8.274  7.692  7.190  7.059  7.182  7.655  8.267  9.108  9.979 
10.032  9.068  8.240  7.655  7.230  7.086  7.240  7.656  8.248  9.078 10.007 
 9.971  9.082  8.207  7.557  7.216  7.054  7.203  7.607  8.243  9.005  9.945 
10.026  9.003  8.252  7.686  7.187  7.069  7.239  7.584  8.272  9.012 10.045 
10.003  9.047  8.228  7.656  7.193  7.110  7.280  7.648  8.227  9.048  9.991 
 9.965  9.084  8.281  7.586  7.201  7.050  7.241  7.596  8.240  9.076  9.991 
 9.987  9.059  8.182  7.603  7.216  7.134  7.235  7.610  8.217  9.054 10.010 
10.038  9.034  8.249  7.625  7.258  7.072  7.229  7.639  8.284  9.009 10.015 
 9.995  9.050  8.226  7.634  7.145  7.059  7.182  7.642  8.254  9.079 10.007 
 9.968  9.060  8.257  7.588  7.228  7.065  7.224  7.653  8.266  9.012  9.959 
 9.990  9.084  8.262  7.635  7.211  7.114  7.261  7.656  8.196  9.110  9.996 
 9.951  9.044  8.262  7.634  7.206  7.096  7.200  7.569  8.213  9.091 10.021 
 9.988  9.063  8.274  7.572  7.192  7.087  7.226  7.637  8.273  9.089  9.971 
 9.963  9.080  8.289  7.565  7.241  7.109  7.255  7.603  8.254  9.092  9.948 
 9.948  9.004  8.238  7.597  7.180  7.074  7.182  7.613  8.250  9.068 10.017 
10.039  9.048  8.278  7.627  7.238  7.043  7.244  7.592  8.319  9.048 10.021 
10.021  9.085  8.254  7.592  7.215  7.124  7.185  7.631  8.199  9.054  9.980 
 9.958  9.064  8.283  7.556  7.218  7.104  7.169  7.612  8.248  9.039 10.057 
10.001  9.032  8.225  7.585  7.299  7.083  7.196  7.602  8.251  8.972 10.018 
 9.972  9.052  8.207  7.636  7.245  7.074  7.239  7.639  8.230  9.101  9.990 
 9.987  9.108  8.290  7.626  7.216  7.081  7.164  7.589  8.316  9.045 10.011 
10.043  9.093  8.252  7.654  7.288  6.971  7.227  7.603  8.237  9.014  9.964 
10.033  9.157  8.260  7.640  7.207  7.052  7.228  7.595  8.243  9.050  9.994 
 9.960  9.058  8.217  7.579  7.197  7.128  7.183  7.619  8.280  9.041 10.020 
10.018  9.094  8.290  7.596  7.247  7.063  7.261  7.626  8.212  9.049 10.010 
10.015  9.061  8.291  7.647  7.236  7.051  7.276  7.670  8.268  9.069  9.961 
10.006  9.010  8.279  7.648  7.218  7.067  7.259  7.592  8.297  9.088  9.976 
10.009  9.065  8.244  7.627  7.182  7.109  7.215  7.541  8.239  9.036  9.911 
10.007  9.043  8.233  7.586  7.226  7.076  7.147  7.613  8.282  9.109 10.012 
10.006  9.104  8.240  7.654  7.197  7.061  7.166  7.609  8.204  9.084 10.002 
 9.974  9.044  8.275  7.631  7.213  7.138  7.193  7.727  8.300  9.056  9.999 
 9.937  9.070  8.255  7.593  7.212  7.101  7.165  7.641  8.180  8.995 10.001 
10.021  9.033  8.182  7.571  7.236  7.044  7.245  7.630  8.257  9.026  9.975 
10.049  9.077  8.248  7.632  7.240  7.057  7.217  7.598  8.201  9.023 10.046 
 9.981  9.031  8.220  7.621  7.229  7.050  7.188  7.527  8.275  9.049 10.010 
 9.985  9.067  8.326  7.602  7.206  7.053  7.182  7.601  8.277  9.059  9.994 
10.022  9.024  8.291  7.618  7.193  7.056  7.238  7.537  8.219  9.066 10.034 
10.056  9.039  8.254  7.608  7.163  7.057  7.188  7.579  8.249  9.062 10.010 
10.026  9.042  8.162  7.637  7.200  7.143  7.266  7.633  8.285  8.963 10.039 
10.014  9.046  8.272  7.679  7.173  7.071  7.220  7.667  8.260  9.042 10.036 
 9.999  9.072  8.245  7.675  7.275  7.046  7.216  7.590  8.227  9.088 10.014 
10.049  9.055  8.220  7.594  7.229  7.096  7.177  7.583  8.234  9.054  9.985 
10.032  9.083  8.277  7.640  7.224  7.096  7.178  7.601  8.263  9.007 10.048 
10.045  9.047  8.204  7.606  7.210  7.088  7.258  7.645  8.245  9.023 10.000 
10.040  9.056  8.252  7.626  7.253  7.097  7.189  7.553  8.199  9.028  9.987 
10.051  9.023  8.183  7.612  7.151  7.097  7.230  7.569  8.232  9.061  9.995 
 9.999  9.103  8.277  7.578  7.247  7.062  7.229  7.560  8.217  9.063  9.978 
10.027  9.112  8.206  7.593  7.229  7.056  7.200  7.566  8.270  9.045 10.029 
10.022  9.051  8.242  7.628  7.209  7.007  7.261  7.669  8.238  9.074  9.967 
 9.951  9.085  8.210  7.609  7.227  7.098  7.199  7.659  8.222  9.032 10.031 
 9.995  9.100  8.236  7.640  7.241  7.071  7.205  7.654  8.250  9.069  9.995 
 9.947  9.050  8.313  7.591  7.197  7.094  7.199  7.621  8.272  8.997 10.051 
10.012  9.019  8.272  7.592  7.189  7.091  7.188  7.624  8.187  8.982  9.930 
10.098  9.046  8.268  7.636  7.184  7.061  7.169  7.618  8.236  9.077  9.966 
10.050  9.097  8.186  7.655  7.216  7.042  7.130  7.615  8.253  9.090 10.023 
 9.972  9.078  8.233  7.598  7.279  7.089  7.221  7.634  8.285  9.024  9.985 
10.010  9.061  8.215  7.584  7.259  7.075  7.269  7.644  8.251  9.054  9.983 
10.008  9.051  8.259  7.587  7.230  7.071  7.185  7.655  8.224  9.095 10.042 
10.012  9.000  8.247  7.608  7.210  7.096  7.212  7.578  8.215  9.007 10.013 
 9.964  9.086  8.229  7.615  7.198  7.107  7.237  7.594  8.211  9.045  9.931 
 9.983  9.046  8.210  7.652  7.282  7.092  7.190  7.550  8.281  9.036 10.040 
10.025  9.051  8.255  7.656  7.200  7.028  7.207  7.608  8.226  9.055  9.966 
 9.987  9.054  8.279  7.600  7.183  7.088  7.226  7.654  8.230  9.060 10.020 
 9.964  9.055  8.228  7.636  7.162  7.121  7.184  7.611  8.250  9.054 10.012 
 9.993  9.065  8.238  7.559  7.208  7.133  7.210  7.554  8.243  9.052 10.013 
 9.986  9.037  8.241  7.635  7.233  7.068  7.262  7.663  8.241  9.065 10.063 
 9.997  9.089  8.255  7.559  7.172  7.054  7.199  7.606  8.243  9.019 10.023 
10.033  8.998  8.228  7.656  7.226  7.087  7.221  7.643  8.246  9.070 10.020 
10.002  9.072  8.281  7.601  7.140  7.119  7.235  7.622  8.217  9.021 10.011 
10.009  8.997  8.239  7.591  7.206  7.032  7.198  7.614  8.244  9.045 10.006 
10.048  9.036  8.261  7.604  7.253  7.021  7.207  7.600  8.262  9.071  9.988 
10.046  9.097  8.152  7.600  7.233  7.053  7.206  7.625  8.239  8.991 10.007 
 9.985  9.123  8.192  7.612  7.195  7.125  7.214  7.611  8.265  9.016 10.048 
 9.983  9.039  8.233  7.581  7.267  7.059  7.210  7.579  8.223  9.046  9.973 
10.028  9.050  8.226  7.627  7.251  7.043  7.244  7.610  8.242  9.085  9.997 
 9.998  9.049  8.241  7.622  7.179  7.024  7.189  7.630  8.206  9.056  9.971 
10.051  9.132  8.233  7.652  7.223  7.042  7.209  7.636  8.216  9.041 10.075 
 9.969  9.076  8.302  7.609  7.208  7.042  7.202  7.631  8.246  9.032 10.054 
 9.996  9.120  8.271  7.579  7.206  7.046  7.209  7.625  8.246  9.104 10.017 
 9.992  9.056  8.273  7.606  7.187  7.085  7.208  7.619  8.261  9.065  9.977 
10.051  9.092  8.236  7.536  7.177  7.076  7.231  7.621  8.227  9.048  9.962 
10.011  9.071  8.182  7.605  7.184  7.064  7.226  7.551  8.260  9.079  9.953 
 9.998  9.077  8.244  7.654  7.215  7.069  7.155  7.576  8.230  9.093 10.011 
10.027  9.009  8.244  7.653  7.195  7.048  7.262  7.639  8.224  9.127 10.016 
 9.989  9.059  8.256  7.682  7.184  7.057  7.236  7.623  8.259  9.056  9.964 
10.004  9.062  8.298  7.610  7.176  7.065  7.197  7.571  8.256  9.058  9.962 
10.008  9.023  8.272  7.616  7.168  7.028  7.224  7.614  8.234  9.026 10.062 
 9.971  9.030  8.247  7.621  7.261  7.093  7.220  7.580  8.244  9.035  9.978 
 9.962  9.080  8.219  7.677  7.220  7.069  7.207  7.674  8.199  9.102 10.003 
 9.973  9.032  8.340  7.575  7.185  7.040  7.192  7.606  8.324  9.080 10.032 
 9.932  9.019  8.266  7.598  7.222  7.028  7.228  7.568  8.232  9.024 10.024 
10.031  9.060  8.248  7.646  7.187  7.055  7.186  7.606  8.228  9.011 10.038 
10.000  9.036  8.242  7.611  7.205  7.066  7.228  7.545  8.267  9.034 10.022 
10.014  9.007  8.265  7.599  7.233  7.093  7.200  7.682  8.223  9.010 10.015 
 9.982  9.106  8.288  7.605  7.262  7.101  7.170  7.623  8.222  9.034  9.936 
 9.985  9.037  8.201  7.614  7.192  7.071  7.218  7.581  8.216  9.081  9.965 
10.020  9.075  8.280  7.614  7.203  7.063  7.170  7.644  8.229  9.058  9.991 
10.055  8.994  8.230  7.569  7.186  7.014  7.239  7.579  8.256  9.144  9.946 
 9.983  9.073  8.219  7.623  7.196  7.053  7.176  7.616  8.272  9.086 10.020 
10.007  9.047  8.273  7.624  7.224  7.090  7.193  7.609  8.295  9.083  9.938 
10.051  9.045  8.241  7.592  7.195  7.060  7.134  7.621  8.240  9.027 10.025 
10.013  9.064  8.241  7.580  7.197  7.047  7.229  7.640  8.287  9.050 10.017 
10.013  9.056  8.260  7.616  7.207  7.095  7.240  7.593  8.253  8.992  9.987 
10.006  9.064  8.215  7.599  7.232  7.062  7.196  7.690  8.246  9.039  9.996 
 9.954  9.056  8.219  7.613  7.220  7.141  7.247  7.606  8.241  9.070  9.916 
 9.981  9.086  8.292  7.614  7.211  7.119  7.192  7.589  8.277  9.055  9.960 
10.016  8.997  8.194  7.573  7.202  7.122  7.193  7.647  8.210  9.073 10.046 
 9.997  9.091  8.284  7.677  7.176  7.079  7.142  7.632  8.269  8.988 10.076 
10.033  9.056  8.307  7.595  7.263  7.077  7.230  7.625  8.256  9.046  9.995 
 9.997  9.038  8.250  7.622  7.223  7.050  7.206  7.613  8.234  9.045 10.018 
10.009  9.067  8.237  7.611  7.226  7.075  7.159  7.665  8.247  9.064  9.995 
10.042  9.001  8.255  7.621  7.236  7.064  7.160  7.591  8.242  9.037 10.004 
10.012  9.049  8.252  7.623  7.193  7.079  7.211  7.651  8.247  9.078 10.020 
 9.994  9.057  8.281  7.605  7.214  7.085  7.240  7.638  8.249  9.025  9.974 
 9.969  8.991  8.240  7.666  7.197  7.116  7.188  7.582  8.217  9.052  9.985 
 9.958  9.058  8.236  7.629  7.181  7.058  7.179  7.609  8.230  9.067  9.984 
 9.946  9.034  8.169  7.558  7.217  7.082  7.207  7.607  8.226  9.044  9.998 
 9.951  9.031  8.265  7.597  7.228  7.031  7.219  7.650  8.195  9.027  9.957 
 9.981  9.049  8.288  7.656  7.225  7.134  7.222  7.639  8.285  9.049 10.013 
10.041  9.058  8.270  7.624  7.221  7.094  7.213  7.620  8.250  9.047 10.002 
 9.984  9.013  8.239  7.565  7.235  7.072  7.216  7.611  8.246  9.056  9.988 
10.034  8.991  8.254  7.621  7.229  7.108  7.215  7.620  8.152  9.075 10.011 
 9.994  9.024  8.220  7.616  7.233  7.079  7.199  7.655  8.254  9.004  9.963 
 9.962  9.011  8.221  7.680  7.200  7.063  7.182  7.582  8.256  9.008  9.996 
 9.964  9.055  8.248  7.592  7.238  7.077  7.179  7.599  8.300  9.047  9.986 
10.004  9.068  8.254  7.625  7.212  7.052  7.208  7.586  8.245  9.027 10.024 
 9.959  9.033  8.259  7.631  7.276  7.058  7.251  7.654  8.263  9.037 10.008 
 9.971  9.054  8.225  7.617  7.173  7.053  7.252  7.619  8.215  9.125  9.996 
10.058  9.055  8.238  7.591  7.209  7.008  7.202  7.580  8.234  9.025 10.026 
10.067  9.052  8.206  7.596  7.223  7.109  7.180  7.567  8.270  9.045  9.975 
10.007  9.096  8.225  7.599  7.182  7.099  7.209  7.559  8.300  9.030  9.969 
 9.976  9.074  8.231  7.647  7.252  7.112  7.239  7.607  8.245  9.056  9.944 
10.021  9.084  8.231  7.631  7.250  7.063  7.148  7.632  8.244  9.033  9.988 
 9.967  9.025  8.215  7.568  7.224  7.086  7.198  7.627  8.252  9.067 10.006 
 9.982  9.056  8.201  7.632  7.247  7.104  7.171  7.641  8.244  9.106  9.997 
 9.981  9.044  8.248  7.574  7.196  7.053  7.211  7.680  8.258  9.060 10.004 
 9.936  8.988  8.194  7.589  7.236  7.071  7.194  7.604  8.226  9.106 10.014 
10.049  9.060  8.234  7.607  7.240  7.056  7.194  7.590  8.270  9.077 10.036 
 9.995  9.037  8.275  7.647  7.195  7.053  7.213  7.608  8.245  8.997  9.985 
10.007  9.031  8.263  7.626  7.223  7.127  7.243  7.581  8.189  9.073  9.990 
 9.982  9.061  8.222  7.623  7.151  7.089  7.156  7.591  8.242  9.087  9.959 
 9.982  9.030  8.229  7.608  7.240  7.075  7.185  7.653  8.300  9.068  9.980 
 9.995  9.041  8.220  7.573  7.244  7.158  7.162  7.649  8.232  9.044 10.033 
 9.966  9.072  8.239  7.596  7.239  7.107  7.241  7.579  8.246  9.035 10.001 
10.004  9.043  8.246  7.656  7.207  7.117  7.226  7.518  8.235  9.025  9.996 
 9.967  9.068  8.260  7.604  7.208  7.075  7.146  7.610  8.235  9.006  9.929 
10.002  9.006  8.254  7.605  7.222  7.050  7.235  7.570  8.223  9.031 10.015 
10.027  9.015  8.201  7.619  7.232  7.097  7.182  7.600  8.292  9.062  9.995 
 9.991  9.035  8.300  7.636  7.212  7.044  7.180  7.636  8.192  9.078  9.982 
10.009  9.124  8.266  7.619  7.191  7.093  7.211  7.577  8.270  9.084 10.034 
10.004  9.049  8.212  7.611  7.240  7.082  7.215  7.612  8.205  9.099 10.000 
 9.994  9.126  8.203  7.601  7.231  7.084  7.222  7.603  8.255  9.051 10.015 
10.054  9.031  8.254  7.628  7.212  7.097  7.211  7.606  8.269  9.018 10.018 
10.049  9.033  8.256  7.714  7.235  7.129  7.205  7.629  8.227  9.063 10.008 
 9.980  9.047  8.262  7.577  7.207  7.035  7.247  7.597  8.235  9.010  9.989 
 9.981  9.066  8.241  7.664  7.156  7.068  7.206  7.579  8.178  8.968 10.007 
 9.997  9.051  8.299  7.580  7.236  7.067  7.174  7.596  8.246  9.063  9.969 
10.028  9.064  8.250  7.630  7.210  7.027  7.281  7.634  8.196  8.994 10.036 
10.027  9.032  8.324  7.569  7.272  7.090  7.194  7.615  8.255  9.070 10.004 
10.001  9.042  8.216  7.639  7.213  7.058  7.218  7.638  8.218  9.032 10.052 
 9.963  9.081  8.251  7.542  7.250  7.061  7.144  7.614  8.251  9.053  9.995 
 9.995  9.064  8.236  7.629  7.217  7.072  7.222  7.586  8.226  9.066  9.970 
10.015  9.049  8.232  7.626  7.246  7.042  7.185  7.594  8.286  9.029  9.964 
10.001  9.053  8.184  7.611  7.242  7.042  7.166  7.595  8.217  9.069 10.010 
10.011  9.067  8.260  7.581  7.239  7.140  7.250  7.620  8.266  9.023 10.034 
 9.995  9.007  8.249  7.635  7.165  7.057  7.210  7.650  8.202  9.051 10.028 
10.015  9.025  8.276  7.598  7.189  7.095  7.183  7.628  8.235  9.056  9.977 
 9.980  9.111  8.303  7.608  7.223  7.110  7.254  7.585  8.225  9.062 10.056 
 9.983  9.086  8.207  7.619  7.105  7.076  7.257  7.629  8.289  9.042 10.005 
 9.962  9.057  8.267  7.635  7.175  7.129  7.219  7.606  8.224  9.038  9.983 
 9.986  9.043  8.231  7.579  7.204  7.109  7.231  7.603  8.243  9.059  9.985 
10.013  8.999  8.182  7.574  7.216  7.034  7.226  7.603  8.267  9.004  9.970 
10.030  9.104  8.216  7.596  7.202  7.104  7.177  7.593  8.188  9.080  9.956 
10.015  9.043  8.206  7.642  7.152  7.067  7.210  7.616  8.243  9.054 10.006 
10.063  9.033  8.239  7.625  7.169  7.070  7.132  7.628  8.273  9.055  9.961 
 9.967  9.087  8.209  7.627  7.195  7.106  7.227  7.588  8.289  9.043  9.948 
10.034  9.082  8.249  7.634  7.230  7.070  7.174  7.634  8.297  9.042  9.983 
 9.988  9.061  8.219  7.601  7.219  7.004  7.215  7.584  8.277  9.087 10.002 
10.022  9.049  8.278  7.611  7.188  7.068  7.140  7.616  8.235  9.056  9.987 
10.019  9.135  8.255  7.690  7.183  7.149  7.207  7.600  8.217  8.985 10.001 
 9.982  9.045  8.227  7.605  7.252  7.077  7.212  7.640  8.193  9.058 10.013 
10.009  9.047  8.225  7.620  7.158  7.079  7.220  7.647  8.243  9.053  9.987 
 9.956  9.063  8.239  7.643  7.182  7.075  7.258  7.580  8.202  9.040  9.972 
 9.992  9.027  8.227  7.672  7.254  7.060  7.236  7.663  8.249  9.074  9.984 
 9.969  9.057  8.213  7.596  7.221  7.052  7.233  7.571  8.236  9.065  9.986 
10.021  9.056  8.234  7.595  7.199  7.056  7.181  7.681  8.282  9.059  9.991 
10.015  9.076  8.211  7.610  7.155  7.041  7.213  7.626  8.215  9.072 10.050 
 9.968  9.049  8.234  7.654  7.211  7.065  7.215  7.571  8.241  9.057 10.047 
10.005  9.118  8.214  7.600  7.247  7.076  7.174  7.621  8.182  9.000 10.013 
 9.977  9.130  8.243  7.602  7.248  7.078  7.196  7.593  8.209  9.057  9.993 
10.018  9.143  8.261  7.584  7.228  7.088  7.219  7.648  8.207  9.079 10.051 
10.039  9.033  8.287  7.585  7.195  7.044  7.259  7.621  8.184  9.076  9.995 
10.010  9.085  8.253  7.655  7.219  7.071  7.156  7.623  8.296  9.129 10.038 
10.022  9.099  8.249  7.626  7.123  7.075  7.210  7.603  8.212  9.049 10.004 
10.056  9.014  8.260  7.604  7.149  7.115  7.216  7.626  8.291  9.054 10.022 
 9.977  9.065  8.271  7.650  7.172  7.089  7.217  7.571  8.276  9.050 10.005 
10.058  9.092  8.244  7.634  7.158  7.046  7.205  7.588  8.268  9.054 10.007 
 9.978  9.035  8.216  7.646  7.208  7.040  7.202  7.575  8.204  9.070 10.046 
 9.976  9.079  8.226  7.562  7.259  7.048  7.224  7.642  8.243  9.043 10.043 
 9.996  9.140  8.274  7.636  7.206  7.036  7.194  7.663  8.276  9.112  9.991 
10.012  9.070  8.224  7.652  7.183  7.034  7.146  7.604  8.245  9.042 10.012 
 9.993  9.017  8.254  7.611  7.161  7.078  7.282  7.630  8.221  9.080 10.088 
10.079  9.078  8.213  7.629  7.169  7.107  7.199  7.608  8.258  9.066  9.996 
 9.961  9.053  8.267  7.586  7.193  7.098  7.164  7.652  8.226  9.028 10.062 
 9.978  9.068  8.238  7.620  7.191  7.091  7.201  7.614  8.294  9.060 10.007 
 9.973  9.024  8.211  7.572  7.291  7.071  7.164  7.622  8.197  9.037 10.013 
10.009  9.004  8.274  7.630  7.266  7.065  7.204  7.600  8.213  9.066  9.962 
10.026  9.101  8.310  7.643  7.212  7.134  7.123  7.634  8.208  9.039  9.962 
 9.982  9.089  8.265  7.631  7.209  7.077  7.201  7.560  8.258  9.018 10.056 
10.000  9.078  8.250  7.564  7.239  7.040  7.229  7.625  8.237  9.026  9.998 
10.007  9.039  8.275  7.552  7.228  7.052  7.171  7.641  8.244  9.069  9.955 
10.007  9.084  8.237  7.599  7.230  7.114  7.205  7.654  8.274  9.047  9.991 
 9.985  9.083  8.244  7.647  7.178  7.045  7.216  7.600  8.168  9.036 10.029 
 9.989  9.075  8.233  7.625  7.222  7.088  7.180  7.602  8.234  9.103  9.964 
 9.969  9.079  8.250  7.600  7.153  7.090  7.205  7.622  8.247  9.082  9.998 
10.022  9.055  8.264  7.600  7.226  7.124  7.249  7.551  8.262  9.097  9.983 
 9.968  9.041  8.227  7.657  7.181  7.002  7.214  7.620  8.210  9.061 10.010 
10.020  9.047  8.242  7.604  7.166  7.091  7.198  7.605  8.170  9.045 10.008 
10.050  9.034  8.265  7.563  7.205  7.064  7.175  7.559  8.222  8.981  9.995 
10.055  9.130  8.239  7.624  7.236  7.087  7.214  7.550  8.274  9.029 10.033 
10.019  9.043  8.232  7.612  7.197  7.015  7.180  7.663  8.286  9.072  9.997 
 9.957  9.071  8.251  7.588  7.220  7.066  7.240  7.633  8.204  9.027 10.055 
 9.949  9.098  8.272  7.599  7.238  7.045  7.207  7.616  8.252  9.076  9.990 
 9.955  9.025  8.222  7.599  7.237  7.099  7.219  7.556  8.234  9.062 10.002 
10.044  9.089  8.203  7.657  7.212  7.042  7.196  7.627  8.242  9.139 10.049 
10.001  9.039  8.236  7.580  7.211  7.057  7.239  7.576  8.256  9.047 10.035 
10.005  9.109  8.206  7.614  7.198  7.097  7.231  7.579  8.309  9.067 10.001 
10.048  9.057  8.230  7.642  7.193  7.069  7.173  7.631  8.221  9.068  9.996 
10.027  9.103  8.262  7.607  7.185  7.031  7.241  7.647  8.214  9.068 10.044 
 9.990  9.041  8.262  7.591  7.240  7.075  7.205  7.628  8.269  9.067  9.940 
 9.981  9.034  8.249  7.613  7.259  7.112  7.243  7.634  8.223  9.055 10.003 
 9.998  9.047  8.258  7.608  7.200  7.027  7.235  7.580  8.157  9.063  9.997 
 9.951  9.078  8.270  7.639  7.220  7.080  7.214  7.598  8.266  9.033  9.956 
10.011  9.077  8.299  7.630  7.203  7.095  7.220  7.627  8.214  9.025 10.020 
10.037  9.110  8.222  7.591  7.161  7.042  7.208  7.665  8.203  9.055  9.997 
10.032  9.025  8.279  7.592  7.229  7.023  7.193  7.656  8.267  9.027 10.028 
 9.960  9.031  8.258  7.605  7.222  7.051  7.230  7.630  8.236  9.040 10.030 
10.030  9.047  8.229  7.620  7.219  7.066  7.191  7.614  8.272  9.035  9.995 
10.030  9.009  8.258  7.582  7.238  7.064  7.211  7.585  8.167  9.086 10.031 
 9.993  9.045  8.238  7.596  7.202  7.023  7.227  7.626  8.244  9.062  9.959 
10.026  9.037  8.211  7.587  7.234  7.065  7.200  7.648  8.290  9.015 10.021 
10.001  9.057  8.205  7.611  7.172  7.113  7.169  7.601  8.259  8.987 10.011 
10.003  9.107  8.255  7.556  7.177  7.047  7.212  7.608  8.248  8.998 10.047 
 9.970  9.068  8.247  7.583  7.221  7.060  7.235  7.652  8.244  9.044 10.069 
 9.983  9.058  8.272  7.612  7.230  7.132  7.210  7.575  8.237  9.104  9.975 
 9.946  9.035  8.265  7.598  7.243  7.034  7.195  7.609  8.270  9.010  9.917 
 9.935  9.067  8.208  7.590  7.170  7.022  7.196  7.635  8.240  9.011  9.992 
10.004  9.100  8.193  7.660  7.200  7.034  7.198  7.605  8.292  9.061 10.038 
 9.962  9.025  8.201  7.591  7.259  7.091  7.223  7.586  8.257  9.070  9.979 
 9.996  9.009  8.226  7.610  7.232  7.099  7.210  7.587  8.256  9.071 10.013 
10.012  9.099  8.239  7.606  7.248  7.078  7.240  7.650  8.289  9.043 10.055 
 9.994  9.058  8.205  7.672  7.170  7.022  7.152  7.632  8.190  9.020 10.024 
 9.940  9.037  8.211  7.608  7.222  7.084  7.198  7.608  8.293  9.063  9.964 
 9.975  9.012  8.253  7.566  7.167  7.057  7.215  7.590  8.258  8.998  9.985 
10.031  9.033  8.258  7.649  7.214  7.028  7.214  7.603  8.238  9.091 10.044 
 9.987  9.101  8.253  7.632  7.249  7.054  7.190  7.653  8.231  9.130 10.063 
10.011  9.006  8.258  7.618  7.234  7.067  7.256  7.607  8.234  9.021  9.972 
10.019  9.068  8.234  7.650  7.236  7.054  7.221  7.647  8.282  9.042 10.039 
10.010  9.084  8.276  7.662  7.194  7.076  7.217  7.628  8.273  9.066 10.009 
 9.961  9.021  8.227  7.568  7.210  7.018  7.178  7.604  8.219  9.037  9.990 
10.015  9.049  8.269  7.613  7.168  7.056  7.147  7.611  8.286  9.117 10.026 
 9.963  9.039  8.255  7.632  7.228  7.092  7.192  7.652  8.243  9.067 10.027 
10.010  9.052  8.263  7.671  7.197  7.113  7.207  7.593  8.220  9.030 10.019 
10.016  9.049  8.266  7.654  7.242  7.080  7.218  7.585  8.289  9.042 10.051 
 9.982  9.095  8.252  7.617  7.182  7.064  7.226  7.671  8.272  9.043 10.019 
10.035  9.034  8.215  7.591  7.223  7.044  7.202  7.573  8.241  9.089 10.021 
 9.966  9.076  8.236  7.603  7.215  7.059  7.151  7.635  8.181  9.053  9.958 
 9.980  9.073  8.207  7.604  7.177  7.068  7.258  7.565  8.252  9.047  9.982 
10.050  9.084  8.244  7.612  7.205  7.085  7.233  7.657  8.321  9.023  9.997 
 9.999  9.043  8.243  7.586  7.166  7.098  7.255  7.688  8.271  9.060  9.976 
10.023  9.058  8.241  7.581  7.202  7.095  7.216  7.557  8.218  9.085 10.035 
 9.985  9.072  8.278  7.624  7.210  7.063  7.232  7.584  8.198  9.081  9.963 
 9.996  9.007  8.220  7.667  7.212  7.077  7.266  7.592  8.305  9.096  9.980 
10.030  9.068  8.182  7.616  7.170  7.118  7.280  7.628  8.216  9.055 10.009 
10.055  8.982  8.295  7.666  7.255  7.056  7.188  7.588  8.276  8.990 10.040 
 9.995  9.064  8.222  7.618  7.138  7.129  7.174  7.640  8.209  9.090  9.981 
 9.983  9.004  8.243  7.634  7.187  7.032  7.148  7.629  8.281  9.059 10.099 
 9.999  9.054  8.226  7.609  7.213  6.978  7.208  7.585  8.263  9.103 10.024 
10.016  9.047  8.290  7.636  7.180  7.117  7.215  7.567  8.243  9.043  9.990 
 9.956  9.037  8.246  7.585  7.222  7.081  7.192  7.579  8.230  9.041 10.034 
10.032  9.087  8.276  7.583  7.210  7.063  7.248  7.558  8.256  9.052 10.002 
 9.962  9.003  8.208  7.636  7.218  7.113  7.226  7.601  8.172  9.037 10.009 
 9.976  9.001  8.252  7.588  7.174  7.077  7.187  7.628  8.195  9.068 10.043 
 9.984  9.029  8.218  7.576  7.199  7.075  7.170  7.593  8.281  9.077  9.994 
10.056  9.025  8.257  7.643  7.220  7.065  7.278  7.641  8.272  9.061  9.973 
10.014  9.032  8.242  7.626  7.193  7.035  7.223  7.583  8.260  9.040  9.977 
 9.990  9.082  8.206  7.602  7.208  7.095  7.239  7.575  8.240  9.021 10.012 
 9.976  9.038  8.229  7.582  7.203  7.077  7.219  7.638  8.231  9.038  9.988 
10.002  9.027  8.218  7.619  7.238  7.090  7.137  7.643  8.235  9.077 10.007 
10.064  9.033  8.261  7.636  7.228  7.103  7.244  7.659  8.272  9.054  9.994 
10.020  9.059  8.287  7.581  7.229  7.047  7.150  7.645  8.227  9.074  9.985 
10.004  9.069  8.251  7.662  7.228  7.067  7.198  7.612  8.219  9.038  9.970 
10.000  9.022  8.232  7.596  7.208  7.040  7.190  7.593  8.263  9.092 10.008 
10.042  9.089  8.255  7.594  7.278  7.035  7.203  7.636  8.238  9.001 10.012 
10.016  9.105  8.246  7.600  7.252  7.091  7.239  7.660  8.183  9.051  9.988 
 9.998  9.039  8.263  7.577  7.225  7.074  7.198  7.610  8.221  9.091 10.007 
 9.965  9.044  8.315  7.653  7.202  7.000  7.188  7.630  8.238  8.989  9.967 
 9.963  9.078  8.251  7.613  7.249  6.997  7.277  7.684  8.290  8.991  9.961 
10.026  9.086  8.262  7.621  7.186  7.023  7.214  7.595  8.279  8.966 10.008 
10.008  8.968  8.280  7.590  7.152  7.066  7.230  7.596  8.253  9.079  9.980 
10.036  9.073  8.224  7.577  7.219  7.065  7.229  7.615  8.250  9.046 10.032 
10.020  9.078  8.261  7.605  7.202  7.042  7.209  7.615  8.233  9.030  9.995 
10.013  9.060  8.239  7.636  7.151  7.076  7.215  7.602  8.245  9.032 10.040 
 9.995  9.060  8.257  7.583  7.207  7.092  7.162  7.665  8.254  9.085  9.983 
 9.972  9.086  8.244  7.595  7.162  7.086  7.201  7.577  8.239  9.025  9.999 
 9.979  9.023  8.243  7.629  7.246  7.086  7.181  7.602  8.293  9.066 10.070 
10.051  9.060  8.264  7.603  7.196  7.114  7.184  7.607  8.284  9.006  9.996 
10.001  9.066  8.144  7.575  7.215  7.033  7.246  7.611  8.240  9.067  9.992 
10.026  9.026  8.263  7.584  7.234  7.032  7.202  7.585  8.258  9.072  9.981 
 9.993  9.090  8.222  7.624  7.218  7.092  7.238  7.635  8.290  9.117  9.961 
 9.973  9.061  8.255  7.599  7.223  7.073  7.259  7.570  8.249  9.064  9.947 
 9.992  9.085  8.185  7.602  7.275  7.146  7.167  7.590  8.243  9.110 10.005 
10.040  9.086  8.271  7.581  7.172  7.092  7.199  7.620  8.311  9.060 10.018 
 9.982  9.044  8.221  7.579  7.205  7.064  7.209  7.625  8.243  9.072 10.030 
 9.958  9.012  8.224  7.594  7.163  7.119  7.167  7.600  8.220  8.980  9.984 
 9.994  9.039  8.218  7.625  7.267  7.053  7.174  7.598  8.235  9.074  9.969 
 9.980  9.032  8.297  7.575  7.245  7.083  7.200  7.646  8.256  9.014 10.040 
10.039  9.026  8.262  7.606  7.178  7.064  7.233  7.644  8.322  9.083  9.994 
10.018  9.029  8.248  7.644  7.173  7.101  7.233  7.626  8.296  9.037  9.947 
 9.994  8.986  8.251  7.595  7.219  7.158  7.222  7.579  8.204  9.057 10.043 
 9.988  9.115  8.269  7.602  7.224  7.094  7.229  7.612  8.215  9.027  9.990 
 9.989  9.029  8.212  7.639  7.159  7.108  7.221  7.610  8.214  9.010 10.023 
 9.995  9.086  8.225  7.597  7.216  7.073  7.226  7.625  8.297  9.052  9.986 
 9.975  9.035  8.267  7.644  7.203  7.053  7.208  7.644  8.203  9.033  9.982 
 9.996  9.066  8.268  7.639  7.217  7.047  7.190  7.622  8.241  9.049  9.987 
 9.966  9.079  8.288  7.605  7.186  7.093  7.165  7.592  8.161  9.048 10.014 
10.055  9.080  8.226  7.575  7.240  7.070  7.183  7.653  8.225  9.011  9.967 
 9.962  9.077  8.241  7.597  7.183  7.090  7.143  7.567  8.243  9.064  9.990 
 9.967  9.047  8.305  7.646  7.221  6.987  7.225  7.636  8.225  9.082  9.957 
10.001  9.082  8.266  7.650  7.256  7.065  7.256  7.661  8.233  9.036 10.018 
 9.990  9.070  8.196  7.560  7.260  7.061  7.203  7.634  8.184  9.014 10.054 
10.016  9.036  8.257  7.603  7.214  7.101  7.197  7.599  8.301  9.019  9.973 
10.067  9.060  8.212  7.586  7.203  7.102  7.254  7.647  8.249  9.053 10.011 
10.022  8.983  8.188  7.651  7.210  7.064  7.211  7.597  8.226  9.064  9.989 
 9.979  9.077  8.215  7.626  7.227  7.090  7.165  7.574  8.270  9.071  9.952 
 9.991  9.086  8.266  7.631  7.261  7.055  7.207  7.559  8.244  8.995 10.001 
 9.991  9.099  8.230  7.628  7.223  7.055  7.203  7.643  8.245  9.077 10.051 
 9.981  9.062  8.205  7.572  7.233  7.046  7.174  7.676  8.250  9.071 10.003 
10.008  9.034  8.302  7.639  7.200  7.084  7.260  7.612  8.262  9.040 10.022 
10.005  9.014  8.238  7.618  7.205  7.096  7.186  7.618  8.213  9.041 10.042 
10.010  9.022  8.223  7.597  7.172  7.098  7.215  7.590  8.231  9.053 10.037 
10.001  9.015  8.200  7.577  7.221  7.077  7.199  7.591  8.274  9.049  9.983 
10.038  9.033  8.253  7.561  7.224  7.029  7.232  7.594  8.277  9.034 10.064 
 9.998  9.058  8.273  7.584  7.205  7.098  7.221  7.588  8.222  9.079 10.058 
 9.989  9.102  8.303  7.615  7.183  7.130  7.210  7.648  8.263  9.015  9.980 
 9.977  9.048  8.211  7.615  7.224  7.104  7.213  7.566  8.243  9.092 10.035 
 9.997  9.043  8.248  7.601  7.258  7.023  7.275  7.618  8.280  9.049  9.952 
 9.980  9.042  8.284  7.565  7.217  7.043  7.176  7.629  8.230  9.058 10.037 
10.017  9.051  8.282  7.631  7.223  7.058  7.291  7.636  8.215  9.067 10.015 
10.059  9.069  8.290  7.630  7.182  7.091  7.174  7.597  8.292  9.093 10.050 
 9.948  9.014  8.221  7.546  7.210  7.095  7.250  7.582  8.215  9.066  9.989 
 9.962  9.028  8.204  7.618  7.200  7.069  7.176  7.614  8.329  9.053  9.984 
10.003  9.082  8.220  7.649  7.253  7.079  7.183  7.561  8.222  9.062 10.027 
 9.962  8.996  8.235  7.626  7.244  7.061  7.215  7.626  8.307  9.082  9.990 
10.024  9.042  8.258  7.643  7.267  7.046  7.231  7.629  8.233  8.958 10.040 
10.019  9.080  8.203  7.573  7.215  7.067  7.202  7.659  8.271  9.068 10.040 
 9.944  9.052  8.201  7.645  7.166  7.063  7.215  7.486  8.254  9.066  9.898 
10.009  8.995  8.253  7.641  7.182  7.050  7.231  7.616  8.269  9.113  9.976 
 9.971  9.100  8.241  7.609  7.209  7.037  7.223  7.616  8.219  9.072 10.005 
 9.957  9.026  8.266  7.638  7.248  7.049  7.184  7.664  8.200  9.052 10.042 
 9.987  9.070  8.232  7.656  7.158  7.060  7.246  7.587  8.240  9.113  9.992 
10.058  9.057  8.236  7.610  7.239  7.096  7.263  7.654  8.255  9.080 10.007 
 9.994  9.001  8.277  7.582  7.176  7.077  7.201  7.581  8.233  9.062  9.967 
 9.969  9.068  8.271  7.549  7.240  7.103  7.226  7.607  8.251  9.033  9.983 
 9.952  9.066  8.259  7.605  7.196  7.131  7.220  7.665  8.260  9.089 10.051 
 9.993  9.101  8.246  7.578  7.159  7.040  7.181  7.616  8.248  9.038 10.061 
10.001  9.084  8.243  7.616  7.253  7.066  7.210  7.625  8.234  9.069 10.007 
 9.971  9.099  8.233  7.613  7.187  7.133  7.236  7.624  8.290  9.066  9.973 
10.017  9.024  8.231  7.655  7.192  7.089  7.236  7.613  8.230  9.082 10.049 
10.015  8.976  8.188  7.579  7.204  7.064  7.242  7.638  8.301  9.063 10.068 
10.004  9.133  8.212  7.630  7.235  7.070  7.218  7.573  8.246  9.067  9.963 
10.066  9.068  8.255  7.602  7.214  7.095  7.232  7.631  8.313  9.065 10.033 
10.006  9.070  8.273  7.637  7.209  7.087  7.265  7.593  8.269  9.069 10.011 
10.020  9.141  8.229  7.615  7.204  7.042  7.221  7.617  8.295  9.085 10.002 
 9.971  9.094  8.269  7.625  7.201  7.060  7.273  7.568  8.216  9.037 10.020 
10.055  9.106  8.266  7.645  7.179  7.039  7.222  7.630  8.269  9.030  9.970 
10.022  9.069  8.257  7.605  7.160  7.081  7.211  7.600  8.264  9.034 10.028 
10.029  9.108  8.289  7.569  7.276  7.099  7.249  7.599  8.191  9.049 10.014 
10.011  8.987  8.231  7.601  7.218  7.047  7.157  7.606  8.271  9.022  9.980 
10.013  8.997  8.242  7.648  7.193  7.078  7.230  7.591  8.270  9.021 10.010 
10.046  9.057  8.248  7.577  7.209  7.067  7.246  7.588  8.289  9.032  9.991 
10.020  9.048  8.282  7.611  7.280  7.116  7.206  7.665  8.292  9.086  9.997 
 9.989  9.039  8.264  7.640  7.228  7.053  7.217  7.624  8.288  9.024  9.978 
 9.952  9.046  8.284  7.576  7.172  7.115  7.224  7.548  8.269  9.045  9.966 
 9.984  8.965  8.261  7.588  7.193  7.120  7.203  7.639  8.247  9.071 10.020 
10.005  9.033  8.232  7.607  7.243  7.106  7.288  7.630  8.276  9.079 10.031 
10.057  9.061  8.269  7.681  7.200  7.044  7.226  7.542  8.188  9.093 10.007 
 9.988  9.062  8.213  7.599  7.213  7.071  7.215  7.565  8.261  9.047 10.015 
10.026  9.096  8.230  7.601  7.162  7.083  7.228  7.669  8.241  9.084 10.046 
10.011  9.004  8.265  7.644  7.279  7.108  7.223  7.627  8.265  9.008  9.980 
 9.985  9.052  8.292  7.585  7.124  7.074  7.247  7.637  8.251  9.114 10.089 
10.009  9.103  8.261  7.600  7.173  7.068  7.308  7.617  8.239  8.990 10.081 
 9.965  9.024  8.211  7.615  7.204  7.045  7.169  7.582  8.246  9.043  9.992 
 9.981  8.970  8.270  7.596  7.226  7.037  7.164  7.611  8.222  9.027 10.074 
10.016  9.072  8.199  7.643  7.191  7.052  7.218  7.595  8.233  9.049 10.026 
 9.982  9.060  8.242  7.629  7.238  7.006  7.139  7.652  8.269  9.060  9.992 
 9.982  9.092  8.258  7.616  7.255  7.064  7.213  7.640  8.276  9.068 10.020 
 9.982  9.083  8.276  7.590  7.209  7.059  7.227  7.591  8.234  9.031  9.988 
 9.982  9.037  8.195  7.598  7.238  7.067  7.184  7.631  8.260  9.098 10.034 
 9.934  9.002  8.237  7.625  7.230  7.120  7.237  7.581  8.222  9.069  9.980 
 9.939  9.031  8.265  7.597  7.247  7.102  7.202  7.637  8.238  9.009 10.033 
 9.991  9.010  8.330  7.590  7.162  7.063  7.214  7.604  8.156  9.126  9.941 
 9.950  9.073  8.226  7.590  7.190  7.094  7.189  7.653  8.228  9.041  9.977 
10.002  9.040  8.304  7.593  7.239  7.154  7.286  7.593  8.250  9.065  9.986 
 9.962  9.071  8.265  7.595  7.152  7.112  7.178  7.628  8.189  9.058 10.021 
10.043  9.084  8.292  7.579  7.212  7.044  7.174  7.691  8.242  9.071  9.995 
10.006  9.078  8.303  7.569  7.210  7.125  7.191  7.650  8.209  8.976 10.033 
10.006  9.042  8.200  7.607  7.231  7.038  7.211  7.641  8.247  9.074 10.020 
 9.977  9.074  8.235  7.516  7.189  7.039  7.214  7.638  8.234  9.012  9.985 
 9.974  9.112  8.308  7.670  7.228  7.066  7.257  7.580  8.236  9.095  9.967 
10.035  9.009  8.230  7.660  7.171  7.074  7.213  7.626  8.248  9.112  9.985 
10.000  9.054  8.315  7.598  7.253  7.022  7.119  7.593  8.281  9.051  9.984 
 9.983  9.056  8.213  7.584  7.233  7.062  7.167  7.594  8.214  9.093  9.987 
10.039  9.075  8.208  7.646  7.211  7.036  7.225  7.620  8.228  9.043  9.958 
10.037  9.017  8.241  7.636  7.257  6.990  7.199  7.657  8.298  9.104 10.010 
10.022  9.061  8.244  7.636  7.188  7.045  7.177  7.611  8.249  9.043  9.977 
 9.933  8.997  8.248  7.663  7.186  7.025  7.199  7.564  8.221  9.037  9.980 
 9.981  9.104  8.277  7.617  7.236  7.055  7.188  7.654  8.295  9.040  9.977 
10.005  9.013  8.230  7.632  7.200  7.116  7.191  7.636  8.280  9.046  9.986 
 9.984  9.036  8.263  7.642  7.175  7.096  7.229  7.665  8.241  9.061  9.998 
10.011  9.071  8.216  7.609  7.262  7.073  7.167  7.580  8.230  9.031 10.052 
 9.944  9.073  8.288  7.600  7.197  7.069  7.224  7.592  8.225  9.018 10.033 
10.031  9.104  8.246  7.622  7.228  7.080  7.168  7.578  8.254  9.042  9.971 
10.033  8.981  8.223  7.596  7.287  7.062  7.231  7.647  8.230  9.014 10.008 
 9.929  9.058  8.239  7.601  7.216  7.068  7.241  7.663  8.273  9.009  9.997 
 9.991  9.089  8.254  7.591  7.181  7.111  7.235  7.640  8.206  9.126 10.037 
10.014  9.081  8.264  7.598  7.196  7.070  7.222  7.591  8.260  9.108  9.979 
10.014  9.042  8.252  7.605  7.230  7.085  7.248  7.610  8.274  9.049 10.024 
 9.944  9.018  8.185  7.636  7.229  7.118  7.227  7.549  8.180  9.044  9.970 
10.011  9.102  8.239  7.675  7.205  7.154  7.184  7.615  8.270  9.084 10.059 
10.012  9.060  8.264  7.618  7.237  7.023  7.187  7.610  8.219  9.029  9.977 
10.013  9.069  8.161  7.637  7.214  7.039  7.246  7.661  8.231  9.072  9.967 
 9.972  9.043  8.235  7.593  7.251  7.063  7.236  7.690  8.279  9.078  9.988 
10.011  9.002  8.249  7.643  7.223  7.074  7.174  7.654  8.226  9.070  9.918 
 9.984  9.066  8.239  7.602  7.173  7.101  7.166  7.673  8.174  9.017  9.960 
 9.982  9.068  8.205  7.605  7.292  7.099  7.141  7.591  8.240  9.049  9.987 
10.011  8.996  8.221  7.602  7.220  7.059  7.239  7.600  8.244  9.076  9.996 
 9.953  9.048  8.240  7.550  7.277  7.041  7.211  7.631  8.182  9.098  9.989 
 9.990  9.096  8.198  7.585  7.194  7.064  7.211  7.650  8.232  9.089  9.992 
 9.974  9.065  8.257  7.652  7.217  7.079  7.209  7.602  8.254  9.064 10.027 
 9.993  9.047  8.262  7.645  7.175  7.084  7.219  7.582  8.288  9.055  9.996 
 9.947  9.031  8.331  7.654  7.231  7.053  7.206  7.613  8.250  9.019 10.021 
10.007  9.063  8.282  7.627  7.195  7.007  7.232  7.602  8.268  9.030  9.991 
 9.956  9.054  8.228  7.619  7.219  7.045  7.175  7.578  8.256  9.070 10.005 
10.009  9.088  8.311  7.619  7.214  7.051  7.218  7.564  8.269  9.015 10.028 
 9.990  9.046  8.231  7.630  7.221  7.034  7.221  7.679  8.285  9.052 10.029 
 9.970  9.035  8.230  7.615  7.236  7.089  7.224  7.612  8.251  9.029  9.998 
 9.985  9.032  8.246  7.596  7.243  7.053  7.224  7.604  8.200  9.135 10.029 
10.012  9.025  8.275  7.623  7.262  7.033  7.256  7.594  8.235  9.106 10.051 
 9.991  9.025  8.250  7.673  7.257  7.060  7.233  7.635  8.229  9.046 10.046 
 9.936  9.065  8.189  7.618  7.216  6.991  7.237  7.654  8.264  9.070 10.048 
10.002  9.016  8.285  7.611  7.236  7.079  7.245  7.558  8.280  8.993  9.983 
10.011  9.044  8.237  7.576  7.204  7.071  7.209  7.600  8.315  9.033 10.103 
10.018  9.031  8.236  7.605  7.156  7.082  7.146  7.646  8.221  9.108 10.005 
 9.951  9.030  8.250  7.589  7.170  7.049  7.253  7.662  8.212  9.084 10.009 
 9.996  9.045  8.258  7.595  7.183  7.136  7.188  7.603  8.280  9.071 10.014 
10.045  9.043  8.249  7.613  7.142  7.054  7.144  7.680  8.249  9.078 10.024 
10.044  9.099  8.249  7.531  7.196  7.077  7.243  7.575  8.243  9.083  9.989 
 9.955  9.080  8.272  7.633  7.183  7.128  7.252  7.650  8.312  9.040 10.052 
10.030  9.049  8.234  7.545  7.210  7.086  7.175  7.634  8.205  9.055  9.996 
10.021  9.062  8.262  7.644  7.214  7.031  7.249  7.660  8.242  9.037  9.948 
 9.986  9.060  8.269  7.569  7.203  7.053  7.182  7.605  8.276  9.079  9.961 
 9.998  9.079  8.208  7.631  7.195  7.107  7.194  7.615  8.213  9.026  9.980 
 9.951  9.079  8.256  7.663  7.193  7.061  7.225  7.609  8.223  9.148  9.984 
 9.989  9.104  8.285  7.609  7.285  7.145  7.213  7.608  8.271  9.059  9.977 
10.026  9.050  8.254  7.623  7.221  7.068  7.216  7.647  8.263  9.065 10.066 
10.016  9.032  8.351  7.644  7.220  7.139  7.188  7.651  8.177  9.081 10.029 
 9.990  9.013  8.203  7.608  7.190  7.039  7.266  7.623  8.239  9.080 10.015 
 9.978  9.052  8.261  7.651  7.212  7.051  7.194  7.597  8.250  9.043 10.035 
 9.949  9.036  8.317  7.649  7.129  7.070  7.244  7.581  8.230  9.061 10.020 
10.031  9.039  8.203  7.623  7.153  6.968  7.190  7.636  8.219  9.040 10.073 
10.035  9.055  8.229  7.598  7.260  7.048  7.245  7.670  8.260  9.042  9.951 
10.035  9.063  8.276  7.628  7.250  7.030  7.200  7.577  8.204  9.051 10.014 
10.026  9.034  8.202  7.631  7.176  7.046  7.216  7.581  8.251  9.097 10.009 
 9.999  9.050  8.275  7.633  7.200  7.071  7.147  7.589  8.273  9.050  9.994 
10.007  9.063  8.220  7.634  7.253  7.066  7.207  7.582  8.264  9.050 10.008 
10.003  9.076  8.242  7.615  7.195  7.024  7.247  7.634  8.254  9.120  9.984 
10.006  9.042  8.199  7.617  7.190  7.016  7.249  7.624  8.302  8.999  9.978 
10.000  9.050  8.228  7.570  7.231  7.056  7.201  7.612  8.275  9.025  9.930 
 9.976  9.019  8.240  7.595  7.240  7.070  7.218  7.612  8.237  9.066 10.014 
10.041  9.047  8.259  7.683  7.152  7.071  7.191  7.616  8.226  9.078 10.057 
10.023  9.018  8.262  7.613  7.233  7.066  7.256  7.604  8.258  8.971 10.015 
 9.996  9.050  8.236  7.615  7.237  7.094  7.213  7.666  8.276  9.115  9.956 
10.009  8.986  8.182  7.649  7.232  7.066  7.279  7.649  8.307  9.040 10.005 
10.012  9.010  8.238  7.598  7.195  7.054  7.217  7.564  8.289  9.050 10.006 
 9.988  9.078  8.230  7.577  7.188  7.029  7.259  7.650  8.307  9.044 10.013 
 9.995  9.036  8.245  7.584  7.149  7.031  7.223  7.644  8.256  9.057 10.009 
10.022  9.080  8.271  7.604  7.223  7.081  7.228  7.613  8.259  9.064 10.005 
10.063  9.007  8.276  7.587  7.253  7.075  7.250  7.615  8.219  9.075 10.015 
 9.981  9.067  8.228  7.576  7.250  7.066  7.211  7.612  8.242  9.015  9.988 
10.026  9.046  8.233  7.684  7.168  7.069  7.252  7.600  8.251  8.970  9.985 
10.016  9.107  8.298  7.639  7.198  7.062  7.263  7.614  8.210  9.112  9.954 
 9.986  9.055  8.239  7.571  7.153  7.073  7.149  7.603  8.213  9.061 10.055 
10.024  9.031  8.264  7.608  7.226  7.048  7.195  7.624  8.276  9.100  9.981 
10.036  9.029  8.234  7.650  7.237  7.069  7.229  7.620  8.229  9.112 10.038 
10.004  9.082  8.238  7.631  7.212  7.080  7.179  7.621  8.246  9.055 10.001 
10.051  9.079  8.286  7.556  7.208  7.124  7.159  7.593  8.305  9.026 10.009 
10.021  8.999  8.249  7.643  7.205  7.028  7.232  7.546  8.203  9.072  9.958 
 9.994  9.071  8.244  7.590  7.268  7.046  7.183  7.587  8.222  9.008 10.014 
 9.990  9.058  8.245  7.594  7.248  7.068  7.188  7.635  8.191  9.054  9.982 
 9.986  9.065  8.244  7.653  7.230  6.988  7.198  7.677  8.225  9.016  9.943 
10.011  9.083  8.226  7.661  7.261  7.096  7.155  7.651  8.218  9.038  9.962 
10.026  9.073  8.232  7.597  7.199  7.042  7.219  7.668  8.268  9.046 10.022 
10.000  9.045  8.222  7.645  7.212  7.104  7.209  7.674  8.211  9.077  9.975 
 9.992  9.081  8.246  7.604  7.204  7.109  7.193  7.609  8.289  9.051  9.976 
10.010  9.037  8.212  7.645  7.262  7.089  7.191  7.556  8.318  9.068  9.900 
 9.984  9.060  8.251  7.636  7.246  6.974  7.215  7.653  8.203  9.146 10.006 
 9.980  9.109  8.267  7.605  7.244  7.121  7.228  7.649  8.234  9.083  9.962 
 9.992  9.106  8.265  7.625  7.237  7.065  7.198  7.614  8.252  9.019 10.053 
10.007  9.027  8.227  7.590  7.137  7.098  7.187  7.618  8.270  9.028  9.998 
 9.993  9.011  8.216  7.600  7.271  7.078  7.270  7.576  8.234  9.061 10.012 
 9.988  9.026  8.221  7.607  7.302  7.093  7.215  7.663  8.259  9.004 10.008 
 9.994  9.045  8.222  7.637  7.202  7.094  7.227  7.619  8.254  9.101  9.952 
 9.994  9.094  8.183  7.609  7.223  7.137  7.182  7.672  8.226  9.021  9.985 
10.047  9.092  8.316  7.583  7.214  7.066  7.231  7.600  8.252  9.042 10.042 
 9.984  9.040  8.269  7.582  7.171  7.092  7.163  7.627  8.285  9.084 10.014 
10.011  9.102  8.240  7.646  7.218  7.097  7.182  7.615  8.273  9.057  9.997 
 9.996  9.060  8.228  7.637  7.250  7.089  7.205  7.663  8.283  9.067 10.012 
10.025  9.058  8.260  7.606  7.249  7.095  7.211  7.653  8.218  9.090  9.955 
10.033  9.057  8.250  7.587  7.218  7.046  7.240  7.637  8.298  9.052 10.056 
 9.970  9.064  8.244  7.665  7.223  7.035  7.267  7.648  8.222  9.081 10.064 
10.024  9.055  8.265  7.609  7.185  7.077  7.217  7.647  8.290  9.039  9.977 
 9.981  9.007  8.248  7.628  7.261  7.130  7.182  7.564  8.244  9.093 10.035 
10.005  9.066  8.224  7.641  7.201  7.060  7.204  7.665  8.277  9.083 10.008 
 9.959  9.109  8.259  7.586  7.242  7.055  7.224  7.643  8.229  8.994 10.004 
 9.992  9.012  8.270  7.624  7.215  7.078  7.174  7.635  8.239  9.052 10.011 
10.046  9.087  8.237  7.587  7.153  7.055  7.189  7.612  8.278  9.032  9.995 
 9.982  9.071  8.276  7.618  7.224  7.067  7.191  7.614  8.283  9.065  9.992 
 9.980  9.104  8.235  7.661  7.223  7.047  7.191  7.627  8.200  9.046  9.960 
10.040  8.999  8.258  7.636  7.210  7.094  7.215  7.611  8.210  9.019 10.013 
 9.994  9.085  8.297  7.696  7.172  7.095  7.224  7.632  8.195  9.001 10.027 
 9.960  9.068  8.353  7.564  7.201  7.057  7.256  7.632  8.168  8.976 10.033 
 9.982  9.025  8.267  7.659  7.177  7.055  7.257  7.656  8.230  9.097 10.014 
 9.962  9.024  8.207  7.664  7.191  7.120  7.213  7.654  8.261  9.043 10.012 
10.072  9.054  8.272  7.582  7.231  7.058  7.220  7.605  8.302  9.010 10.021 
 9.965  9.008  8.252  7.604  7.217  7.075  7.207  7.599  8.254  9.086 10.056 
10.003  9.045  8.261  7.617  7.188  7.026  7.226  7.586  8.256  9.053 10.019 
10.066  9.098  8.250  7.583  7.184  7.119  7.256  7.614  8.218  9.041  9.949 
10.034  9.078  8.265  7.626  7.193  7.100  7.233  7.667  8.248  9.103  9.953 
10.010  9.055  8.301  7.603  7.228  7.101  7.225  7.648  8.203  9.009  9.946 
10.008  9.055  8.215  7.633  7.254  7.095  7.189  7.650  8.235  9.045 10.002 
 9.956  9.056  8.239  7.605  7.210  7.068  7.227  7.594  8.288  9.101 10.032 
 9.988  9.069  8.229  7.573  7.225  7.072  7.227  7.600  8.242  9.084  9.975 
10.018  9.067  8.253  7.600  7.166  7.115  7.171  7.563  8.223  9.073 10.019 
10.054  9.045  8.193  7.574  7.237  7.034  7.177  7.625  8.216  9.035 10.028 
10.020  9.076  8.174  7.609  7.221  7.096  7.194  7.564  8.250  9.110  9.970 
10.011  9.066  8.260  7.536  7.200  7.048  7.193  7.589  8.237  9.079 10.017 
10.006  9.100  8.248  7.624  7.180  7.116  7.232  7.651  8.273  9.011 10.017 
10.010  9.083  8.274  7.655  7.170  7.074  7.237  7.649  8.241  9.015 10.040 
10.028  9.073  8.287  7.646  7.201  7.029  7.240  7.638  8.252  9.049  9.978 
 9.988  9.070  8.253  7.590  7.192  7.065  7.248  7.636  8.210  9.076  9.963 
 9.958  9.081  8.233  7.660  7.210  7.040  7.187  7.604  8.323  9.040 10.004 
10.000  9.027  8.272  7.568  7.185  7.089  7.207  7.654  8.205  9.054  9.978 
10.027  9.058  8.288  7.577  7.220  7.091  7.240  7.584  8.204  9.147 10.004 
10.025  9.112  8.197  7.617  7.158  7.072  7.219  7.590  8.282  9.117 10.037 
 9.973  9.078  8.237  7.699  7.217  7.067  7.175  7.590  8.263  9.073 10.055 
 9.968  9.009  8.246  7.632  7.225  7.057  7.234  7.572  8.302  9.031 10.018 
 9.999  8.991  8.262  7.651  7.159  7.056  7.245  7.629  8.275  9.112 10.025 
 9.995  9.052  8.217  7.602  7.222  7.064  7.229  7.616  8.210  9.062 10.025 
10.017  9.046  8.159  7.628  7.203  7.100  7.235  7.573  8.253  9.048  9.962 
 9.959  9.075  8.264  7.567  7.208  7.123  7.222  7.610  8.249  9.082  9.997 
 9.964  9.105  8.201  7.601  7.193  7.068  7.217  7.633  8.264  9.049  9.970 
 9.989  9.054  8.229  7.619  7.202  7.064  7.183  7.629  8.186  9.094  9.981 
 9.947  9.031  8.256  7.599  7.175  7.061  7.209  7.628  8.142  9.041 10.009 
10.018  9.056  8.264  7.607  7.242  7.099  7.189  7.637  8.271  9.059  9.977 
10.053  9.071  8.172  7.620  7.183  7.063  7.182  7.582  8.285  9.075 10.054 
10.020  9.069  8.264  7.590  7.203  7.024  7.242  7.634  8.235  9.058 10.006 
10.031  9.094  8.275  7.591  7.174  7.044  7.196  7.625  8.277  8.987 10.074 
 9.963  9.020  8.194  7.659  7.238  7.039  7.188  7.635  8.257  9.049  9.981 
10.062  9.113  8.251  7.654  7.209  7.008  7.227  7.651  8.265  9.007 10.012 
10.008  9.122  8.196  7.610  7.209  7.148  7.229  7.573  8.187  9.093 10.006 
 9.945  9.010  8.282  7.608  7.196  7.087  7.219  7.622  8.272  9.069  9.996 
 9.983  9.060  8.233  7.615  7.215  7.074  7.201  7.596  8.243  9.038 10.051 
10.016  9.072  8.284  7.609  7.260  7.029  7.215  7.611  8.221  9.099 10.029 
 9.973  9.096  8.269  7.625  7.195  7.012  7.186  7.616  8.229  9.000  9.962 
 9.999  9.020  8.254  7.602  7.181  7.046  7.184  7.619  8.290  9.061 10.034 
10.006  9.027  8.259  7.598  7.219  7.058  7.189  7.539  8.251  9.081 10.043 
10.045  9.059  8.252  7.585  7.209  7.052  7.229  7.607  8.288  9.032  9.956 
 9.979  9.022  8.247  7.657  7.242  7.081  7.230  7.562  8.227  9.047  9.953 
 9.989  9.025  8.258  7.602  7.183  7.088  7.218  7.608  8.254  9.045 10.020 
10.004  9.073  8.212  7.614  7.229  7.103  7.196  7.583  8.216  9.022  9.952 
 9.993  9.004  8.212  7.624  7.197  7.045  7.199  7.561  8.209  9.088  9.975 
10.026  8.977  8.245  7.628  7.159  7.036  7.201  7.632  8.216  9.060  9.987 
10.029  9.091  8.213  7.589  7.184  7.093  7.233  7.617  8.257  9.077  9.979 
 9.993  9.039  8.236  7.608  7.226  7.111  7.219  7.557  8.216  9.111  9.933 
 9.937  9.075  8.246  7.610  7.184  7.051  7.209  7.618  8.240  9.043  9.949 
 9.992  9.087  8.229  7.640  7.228  7.120  7.216  7.629  8.238  9.122 10.092 
10.007  9.079  8.270  7.593  7.241  7.098  7.221  7.644  8.217  9.093 10.003 
10.061  9.059  8.195  7.621  7.271  7.092  7.146  7.637  8.235  9.120 10.021 
 9.938  9.006  8.243  7.581  7.216  7.024  7.196  7.646  8.269  9.039 10.002 
10.000  9.087  8.217  7.648  7.216  7.056  7.278  7.600  8.275  9.066  9.997 
10.029  9.000  8.213  7.588  7.221  7.051  7.212  7.601  8.262  9.075 10.083 
10.011  9.071  8.245  7.592  7.218  7.119  7.213  7.646  8.287  9.068  9.989 
 9.996  9.040  8.171  7.594  7.143  7.060  7.220  7.616  8.253  9.014  9.995 
 9.985  9.115  8.303  7.628  7.239  7.094  7.200  7.664  8.286  9.078 10.011 
 9.979  9.051  8.174  7.620  7.236  7.042  7.243  7.630  8.244  9.058 10.031 
 9.992  9.010  8.267  7.651  7.207  7.060  7.296  7.635  8.250  9.087 10.021 
 9.979  9.110  8.240  7.574  7.207  7.060  7.188  7.610  8.163  9.093  9.982 
 9.975  9.050  8.197  7.593  7.228  7.032  7.214  7.623  8.251  9.064  9.985 
10.025  9.103  8.209  7.631  7.209  7.093  7.162  7.594  8.254  9.049  9.972 
10.026  9.045  8.269  7.537  7.180  7.007  7.292  7.612  8.238  9.070  9.997 
10.006  9.007  8.289  7.619  7.290  7.048  7.224  7.643  8.235  9.027  9.990 
10.069  8.976  8.193  7.690  7.262  7.048  7.215  7.585  8.253  9.071 10.013 
 9.971  9.012  8.231  7.663  7.254  7.076  7.242  7.640  8.257  9.028 10.004 
10.015  9.027  8.299  7.603  7.157  7.101  7.207  7.637  8.254  9.016 10.008 
10.018  9.135  8.263  7.623  7.216  7.092  7.217  7.574  8.232  9.102  9.969 
10.018  9.048  8.269  7.631  7.200  7.033  7.235  7.670  8.255  9.038  9.933 
10.037  9.031  8.229  7.597  7.222  7.084  7.228  7.686  8.231  8.997  9.997 
 9.982  9.065  8.249  7.626  7.217  7.061  7.253  7.610  8.265  9.016 10.006 
10.034  9.039  8.259  7.618  7.227  7.033  7.178  7.579  8.257  9.054 10.000 
 9.944  9.007  8.220  7.648  7.150  7.069  7.227  7.621  8.238  9.064 10.007 
 9.971  9.065  8.231  7.594  7.179  7.099  7.243  7.616  8.229  9.034 10.018 
 9.997  9.083  8.309  7.589  7.169  7.086  7.264  7.654  8.248  9.050  9.995 
10.014  9.039  8.205  7.614  7.261  7.090  7.232  7.590  8.250  9.019 10.005 
10.028  9.011  8.293  7.582  7.222  7.014  7.220  7.624  8.200  9.036 10.015 
 9.986  9.036  8.222  7.623  7.227  7.053  7.256  7.620  8.237  9.080 10.025 
10.004  9.058  8.269  7.578  7.242  7.112  7.258  7.595  8.260  9.037  9.972 
 9.991  9.031  8.220  7.615  7.246  7.065  7.190  7.628  8.271  9.004 10.039 
 9.966  9.061  8.298  7.652  7.152  7.070  7.212  7.633  8.211  9.052 10.048 
10.054  9.073  8.233  7.618  7.201  7.051  7.227  7.612  8.267  9.051  9.980 
 9.948  9.086  8.234  7.621  7.168  7.033  7.240  7.657  8.279  9.027  9.982 
 9.957  9.053  8.257  7.642  7.186  7.086  7.180  7.591  8.280  9.024 10.077 
 9.978  9.040  8.231  7.631  7.235  7.041  7.184  7.585  8.208  9.058 10.025 
10.032  9.042  8.272  7.614  7.228  7.046  7.231  7.619  8.198  9.035  9.954 
 9.998  9.056  8.252  7.642  7.249  7.135  7.191  7.614  8.234  9.044 10.016 
 9.993  9.092  8.230  7.623  7.211  7.053  7.209  7.622  8.238  9.031  9.984 
10.038  9.044  8.269  7.622  7.217  7.105  7.232  7.601  8.251  9.035  9.985 
10.017  9.029  8.243  7.603  7.179  7.132  7.257  7.544  8.156  9.042  9.967 
10.040  9.063  8.233  7.637  7.208  7.068  7.190  7.612  8.226  9.037  9.986 
 9.946  9.038  8.233  7.621  7.243  7.065  7.198  7.563  8.273  9.050  9.971 
10.014  9.076  8.275  7.590  7.236  7.066  7.195  7.630  8.267  9.033 10.018 
 9.976  9.045  8.258  7.626  7.250  7.099  7.166  7.635  8.284  9.060  9.966 
 9.965  9.008  8.229  7.620  7.211  7.115  7.181  7.545  8.240  9.065 10.011 
 9.945  9.107  8.227  7.599  7.248  7.080  7.209  7.608  8.234  9.073  9.958 
 9.992  9.125  8.259  7.645  7.212  7.094  7.164  7.609  8.187  9.054 10.042 
10.035  9.006  8.214  7.640  7.162  7.136  7.233  7.656  8.238  9.052 10.013 
10.044  9.055  8.250  7.653  7.166  7.087  7.195  7.645  8.236  9.031  9.976 
10.057  9.036  8.246  7.658  7.192  7.079  7.277  7.601  8.253  9.061 10.028 
 9.981  9.081  8.284  7.661  7.196  7.046  7.229  7.665  8.252  9.050 10.059 
10.001  9.049  8.264  7.633  7.218  7.056  7.154  7.631  8.283  9.047  9.945 
 9.952  8.964  8.247  7.615  7.244  7.016  7.233  7.586  8.234  9.052 10.028 
10.043  9.044  8.267  7.591  7.204  7.089  7.212  7.602  8.202  9.130 10.033 
 9.998  9.043  8.244  7.625  7.194  7.083  7.248  7.641  8.278  9.013  9.916 
 9.993  9.083  8.231  7.667  7.181  7.054  7.195  7.621  8.258  9.055 10.027 
10.029  9.030  8.250  7.570  7.215  7.059  7.161  7.598  8.252  9.046 10.015 
 9.962  9.031  8.234  7.592  7.191  7.060  7.197  7.632  8.267  9.043 10.015 
 9.989  9.034  8.223  7.592  7.217  7.086  7.223  7.578  8.257  9.042 10.026 
10.007  9.007  8.244  7.612  7.199  7.091  7.205  7.660  8.258  9.042  9.964 
10.073  9.028  8.243  7.621  7.193  7.103  7.238  7.613  8.237  9.065 10.076 
 9.993  9.126  8.238  7.595  7.234  7.072  7.236  7.591  8.160  9.116 10.012 
10.037  9.055  8.236  7.637  7.187  7.041  7.189  7.607  8.196  9.028 10.021 
 9.997  9.070  8.255  7.600  7.236  7.116  7.198  7.612  8.265  9.073 10.075 
 9.972  9.070  8.268  7.620  7.198  7.077  7.231  7.630  8.262  9.002  9.961 
10.015  9.047  8.206  7.617  7.248  7.039  7.174  7.585  8.234  9.099 10.014 
 9.967  8.999  8.242  7.658  7.208  7.072  7.234  7.594  8.226  9.076  9.997 
10.077  9.021  8.179  7.614  7.248  7.096  7.191  7.624  8.241  9.068 10.044 
10.044  9.055  8.294  7.606  7.220  7.052  7.252  7.602  8.213  9.044 10.049 
10.036  9.079  8.222  7.626  7.174  7.082  7.181  7.632  8.252  8.990 10.046 
10.026  9.112  8.285  7.646  7.201  7.071  7.186  7.612  8.259  9.038  9.980 
10.036  9.073  8.256  7.637  7.164  7.065  7.209  7.616  8.217  9.060 10.016 
 9.940  9.031  8.260  7.617  7.204  7.096  7.176  7.596  8.250  9.039 10.007 
 9.996  9.042  8.306  7.642  7.182  7.036  7.233  7.621  8.234  9.052 10.085 
10.048  9.031  8.288  7.588  7.242  7.025  7.234  7.625  8.226  9.039  9.985 
10.036  9.068  8.289  7.544  7.183  7.058  7.196  7.661  8.270  9.012  9.990 
 9.935  9.078  8.286  7.617  7.173  7.050  7.228  7.567  8.223  9.039  9.991 
10.032  9.069  8.257  7.615  7.246  7.085  7.243  7.637  8.254  9.040 10.025 
10.002  9.051  8.190  7.600  7.237  7.015  7.200  7.625  8.228  9.102  9.952 
10.020  9.049  8.233  7.586  7.211  7.129  7.204  7.586  8.273  9.100 10.018 
 9.986  9.075  8.268  7.651  7.218  7.087  7.222  7.691  8.284  9.036 10.000 
10.024  9.065  8.256  7.644  7.207  7.064  7.225  7.651  8.272  9.080 10.016 
10.000  9.031  8.204  7.564  7.193  7.106  7.156  7.631  8.221  9.012  9.981 
10.024  9.064  8.281  7.641  7.243  7.088  7.260  7.610  8.219  9.100  9.970 
10.031  9.057  8.222  7.632  7.197  7.073  7.207  7.607  8.230  9.086 10.021 
10.053  9.030  8.192  7.639  7.135  7.051  7.203  7.613  8.255  9.049 10.043 
10.037  9.045  8.242  7.590  7.195  7.080  7.187  7.586  8.201  9.038 10.037 
10.007  9.037  8.216  7.579  7.216  7.054  7.211  7.590  8.226  9.030  9.981 
10.026  9.067  8.228  7.607  7.261  7.121  7.214  7.635  8.238  9.091  9.994 
 9.992  9.025  8.277  7.570  7.206  7.067  7.235  7.632  8.250  9.078  9.991 
 9.995  9.124  8.220  7.628  7.222  7.080  7.219  7.604  8.244  9.047  9.978 
10.002  9.098  8.261  7.619  7.232  7.061  7.264  7.611  8.274  9.068  9.965 
10.007  9.052  8.235  7.649  7.218  7.041  7.204  7.599  8.283  9.022 10.008 
10.027  9.011  8.263  7.616  7.239  7.036  7.198  7.594  8.220  9.063 10.021 
 9.995  9.117  8.315  7.633  7.211  7.100  7.177  7.713  8.202  9.021  9.978 
10.009  9.018  8.293  7.610  7.234  7.046  7.204  7.638  8.235  9.069 10.032 
 9.972  9.029  8.276  7.604  7.220  7.063  7.241  7.614  8.233  9.040 10.041 
10.012  9.051  8.231  7.594  7.119  7.101  7.215  7.606  8.233  9.093  9.998 
10.052  9.002  8.231  7.664  7.244  7.014  7.201  7.617  8.262  9.077 10.059 
10.007  9.084  8.193  7.602  7.229  7.103  7.204  7.600  8.233  9.046 10.064 
 9.981  9.022  8.238  7.644  7.225  7.079  7.221  7.614  8.291  9.020  9.998 
 9.925  9.033  8.246  7.621  7.230  7.111  7.160  7.612  8.258  9.123  9.993 
10.032  9.079  8.247  7.589  7.204  7.032  7.205  7.640  8.274  9.082  9.955 
 9.994  9.043  8.254  7.631  7.204  7.115  7.185  7.661  8.211  9.025 10.004 
 9.995  9.012  8.267  7.636  7.223  7.114  7.247  7.662  8.209  9.027 10.012 
 9.944  9.006  8.224  7.558  7.223  7.060  7.214  7.549  8.229  9.041 10.015 
10.024  9.077  8.229  7.638  7.252  7.126  7.175  7.558  8.242  9.078 10.017 
 9.970  9.070  8.205  7.577  7.260  7.018  7.169  7.607  8.262  9.096  9.991 
10.022  9.054  8.304  7.616  7.217  7.024  7.251  7.609  8.276  9.036  9.977 
10.008  9.000  8.254  7.662  7.213  7.074  7.205  7.682  8.318  9.082  9.975 
10.037  9.054  8.286  7.630  7.175  7.042  7.206  7.591  8.262  9.091  9.964 
 9.987  9.007  8.214  7.619  7.227  7.080  7.270  7.638  8.235  9.012  9.981 
 9.992  9.111  8.235  7.668  7.262  7.074  7.224  7.657  8.248  9.067  9.950 
 9.991  9.014  8.263  7.594  7.214  7.096  7.226  7.654  8.255  9.056 10.029 
10.003  9.057  8.254  7.626  7.214  7.050  7.242  7.608  8.261  9.085 10.003 
 9.965  9.074  8.214  7.645  7.155  7.076  7.170  7.663  8.217  9.041 10.005 
10.014  9.041  8.262  7.580  7.137  7.079  7.190  7.641  8.250  9.056  9.987 
10.015  9.064  8.290  7.582  7.198  7.081  7.134  7.578  8.256  9.047 10.029 
10.035  9.074  8.246  7.608  7.246  7.052  7.245  7.561  8.255  9.068  9.954 
 9.985  9.078  8.308  7.585  7.233  7.030  7.236  7.654  8.221  9.068 10.047 
 9.978  9.030  8.231  7.628  7.225  7.088  7.216  7.578  8.288  9.085  9.990 
10.026  9.057  8.245  7.518  7.306  7.065  7.200  7.602  8.217  9.002  9.975 
 9.989  9.064  8.270  7.595  7.201  7.046  7.219  7.583  8.276  9.092 10.016 
 9.975  9.028  8.220  7.664  7.167  7.107  7.228  7.650  8.245  9.109 10.015 
10.020  9.028  8.232  7.642  7.217  7.096  7.217  7.611  8.247  9.043  9.973 
 9.956  9.084  8.226  7.651  7.212  7.017  7.218  7.611  8.246  9.006  9.981 
10.031  9.048  8.291  7.661  7.215  7.084  7.256  7.581  8.223  9.141 10.014 
 9.963  9.056  8.254  7.657  7.204  7.077  7.257  7.609  8.285  9.044  9.977 
10.036  9.010  8.194  7.539  7.216  7.052  7.242  7.631  8.268  9.116 10.039 
10.030  9.042  8.280  7.583  7.242  7.115  7.171  7.644  8.270  9.110 10.052 
10.066  9.102  8.243  7.593  7.210  7.107  7.212  7.595  8.235  9.106 10.015 
 9.969  9.066  8.191  7.624  7.166  7.093  7.182  7.648  8.234  9.064  9.971 
10.066  9.007  8.221  7.609  7.247  7.062  7.240  7.657  8.232  9.044  9.986 
10.015  9.046  8.221  7.678  7.227  7.087  7.199  7.601  8.300  8.962 10.030 
10.029  9.105  8.207  7.626  7.174  7.100  7.251  7.591  8.254  9.025  9.982 
10.010  9.053  8.198  7.551  7.208  7.059  7.258  7.584  8.246  9.056  9.981 
 9.999  9.061  8.286  7.655  7.274  7.046  7.243  7.582  8.234  9.048 10.000 
10.022  9.052  8.256  7.622  7.155  7.051  7.204  7.616  8.277  9.077  9.930 
 9.978  9.092  8.282  7.588  7.258  7.106  7.159  7.622  8.248  9.024  9.974 
10.018  9.037  8.248  7.601  7.220  7.030  7.226  7.586  8.261  9.098  9.949 
 9.994  9.103  8.281  7.619  7.257  7.061  7.162  7.615  8.257  9.076  9.977 
 9.989  9.047  8.250  7.699  7.235  7.033  7.169  7.618  8.241  9.094 10.017 
 9.996  9.035  8.291  7.626  7.165  7.064  7.240  7.589  8.289  9.092 10.043 
10.000  9.073  8.297  7.604  7.233  7.039  7.216  7.602  8.238  9.030 10.002 
 9.985  9.105  8.188  7.585  7.232  7.045  7.192  7.608  8.235  9.115  9.953 
 9.957  9.063  8.211  7.550  7.205  7.051  7.218  7.661  8.280  9.080  9.994 
 9.970  9.036  8.234  7.683  7.179  7.076  7.192  7.612  8.224  9.012 10.001 
 9.997  9.063  8.227  7.671  7.213  7.113  7.238  7.655  8.254  9.038 10.030 
10.006  9.064  8.217  7.642  7.212  7.089  7.177  7.653  8.286  9.033 10.008 
 9.973  9.033  8.238  7.582  7.267  7.059  7.225  7.650  8.261  9.075 10.005 
 9.968  9.000  8.280  7.611  7.191  7.045  7.214  7.640  8.252  9.089 10.005 
 9.970  9.030  8.236  7.666  7.219  7.080  7.199  7.592  8.266  9.047  9.970 
10.030  9.026  8.311  7.654  7.189  7.085  7.157  7.599  8.210  9.058 10.052 
 9.986  9.090  8.239  7.597  7.255  7.098  7.168  7.577  8.238  9.083 10.015 
10.047  9.045  8.247  7.562  7.264  7.060  7.223  7.576  8.232  9.056 10.013 
 9.992  9.076  8.290  7.617  7.201  7.078  7.204  7.580  8.206  9.085 10.027 
 9.997  9.041  8.208  7.672  7.192  7.061  7.164  7.607  8.224  9.050 10.063 
 9.940  9.113  8.205  7.592  7.133  7.049  7.174  7.638  8.277  9.060  9.970 
10.012  8.988  8.207  7.596  7.175  7.024  7.185  7.614  8.230  9.024  9.997 
10.055  9.032  8.269  7.605  7.196  7.097  7.207  7.624  8.229  9.065  9.999 
10.042  9.001  8.220  7.571  7.194  7.075  7.208  7.579  8.268  9.079  9.992 
10.010  9.074  8.289  7.655  7.235  7.070  7.224  7.598  8.245  8.983  9.960 
 9.993  9.034  8.195  7.639  7.203  7.045  7.236  7.623  8.234  9.028  9.953 
10.035  9.041  8.233  7.617  7.208  7.064  7.172  7.618  8.260  9.059 10.023 
 9.951  9.051  8.216  7.644  7.172  7.095  7.303  7.606  8.228  9.100 10.000 
10.022  9.058  8.246  7.647  7.225  7.025  7.176  7.611  8.328  9.068 10.017 
 9.962  9.066  8.257  7.574  7.229  7.116  7.208  7.651  8.272  9.055  9.941 
10.027  9.041  8.214  7.636  7.268  7.104  7.218  7.659  8.226  9.066  9.970 
10.012  9.053  8.229  7.651  7.222  7.104  7.164  7.646  8.257  9.056 10.025 
 9.988  9.033  8.329  7.605  7.225  6.993  7.221  7.608  8.223  9.007 10.001 
10.016  9.094  8.162  7.597  7.161  7.051  7.184  7.606  8.265  9.062 10.024 
 9.945  9.080  8.259  7.608  7.255  7.081  7.218  7.598  8.223  9.082 10.018 
10.020  9.051  8.256  7.652  7.210  7.004  7.174  7.619  8.246  9.098 10.013 
10.045  9.124  8.244  7.563  7.206  7.075  7.203  7.561  8.230  9.065 10.016 
10.045  9.064  8.246  7.644  7.272  7.070  7.187  7.605  8.226  9.084  9.993 
 9.988  9.059  8.245  7.607  7.251  7.047  7.183  7.618  8.283  9.031 10.059 
 9.975  9.017  8.254  7.662  7.210  7.085  7.177  7.619  8.248  9.109  9.957 
10.007  9.040  8.297  7.604  7.229  7.071  7.196  7.629  8.303  9.048 10.041 
10.010  9.039  8.270  7.664  7.239  7.049  7.184  7.599  8.228  9.016 10.009 
 9.969  9.059  8.269  7.616  7.206  7.016  7.193  7.645  8.233  9.060  9.991 
10.010  9.049  8.320  7.671  7.189  7.023  7.186  7.598  8.258  9.073 10.012 
10.020  9.053  8.247  7.609  7.175  7.087  7.200  7.570  8.287  9.037 10.004 
10.019  9.056  8.243  7.653  7.210  7.045  7.262  7.671  8.242  9.091  9.971 
10.027  9.012  8.267  7.659  7.254  7.061  7.175  7.625  8.214  9.094 10.002 
10.002  9.038  8.252  7.604  7.188  7.008  7.194  7.597  8.242  9.072 10.019 
10.050  9.097  8.234  7.641  7.196  7.108  7.214  7.582  8.233  9.031 10.023 
 9.949  9.054  8.306  7.641  7.210  7.080  7.266  7.611  8.241  9.096 10.012 
 9.999  9.056  8.276  7.606  7.210  7.087  7.208  7.593  8.296  9.068 10.022 
 9.956  9.072  8.257  7.639  7.210  7.026  7.192  7.670  8.255  9.079  9.996 
 9.998  9.089  8.269  7.647  7.194  7.070  7.220  7.636  8.245  9.087  9.996 
 9.976  9.043  8.217  7.630  7.192  7.007  7.191  7.593  8.277  9.048 10.068 
 9.979  9.052  8.210  7.611  7.177  7.055  7.217  7.589  8.274  9.032  9.972 
 9.984  9.079  8.277  7.590  7.258  7.087  7.167  7.609  8.294  9.061 10.016 
10.005  9.051  8.240  7.607  7.284  7.123  7.206  7.610  8.257  9.031  9.987 
10.019  9.069  8.250  7.606  7.242  7.043  7.196  7.561  8.302  9.093 10.031 
 9.986  9.017  8.275  7.608  7.196  7.104  7.240  7.610  8.261  9.063 10.031 
 9.980  9.057  8.246  7.564  7.177  7.064  7.230  7.657  8.262  9.006  9.987 
10.018  9.105  8.263  7.606  7.180  7.082  7.199  7.614  8.243  9.049  9.999 
 9.960  9.052  8.234  7.621  7.240  7.045  7.263  7.597  8.230  9.079 10.005 
10.003  9.052  8.192  7.638  7.181  7.031  7.220  7.608  8.255  9.087 10.006 
10.011  9.012  8.318  7.642  7.188  7.085  7.171  7.675  8.251  9.039 10.017 
10.015  9.065  8.219  7.548  7.182  7.055  7.189  7.599  8.219  9.036 10.000 
10.033  9.039  8.259  7.669  7.185  7.054  7.169  7.535  8.244  9.065 10.029 
10.004  9.046  8.247  7.610  7.296  7.047  7.214  7.627  8.238  8.995 10.006 
10.001  9.020  8.272  7.648  7.202  7.023  7.198  7.641  8.248  9.132  9.981 
10.027  9.076  8.233  7.590  7.223  7.062  7.243  7.629  8.284  9.009 10.014 
 9.995  9.081  8.298  7.567  7.179  7.044  7.187  7.637  8.267  9.009  9.977 
 9.995  9.035  8.240  7.579  7.162  7.047  7.192  7.629  8.251  9.092  9.977 
 9.967  9.069  8.247  7.665  7.232  7.096  7.256  7.619  8.278  9.065 10.010 
 9.967  9.015  8.235  7.646  7.218  7.132  7.187  7.593  8.230  9.063 10.099 
10.022  9.032  8.232  7.595  7.233  7.098  7.235  7.642  8.247  9.103  9.967 
 9.929  9.062  8.257  7.627  7.184  7.102  7.200  7.603  8.237  9.094  9.944 
 9.992  9.078  8.199  7.597  7.198  7.043  7.267  7.573  8.213  9.042  9.968 
 9.997  9.038  8.188  7.595  7.195  7.063  7.222  7.601  8.298  9.019 10.024 
10.034  9.074  8.254  7.600  7.188  7.115  7.222  7.654  8.230  9.098  9.969 
10.009  9.103  8.293  7.601  7.274  7.083  7.179  7.639  8.220  9.074 10.035 
 9.982  9.098  8.236  7.569  7.227  7.114  7.235  7.597  8.292  8.963  9.983 
10.022  9.013  8.214  7.609  7.241  7.084  7.157  7.583  8.222  9.098 10.002 
 9.996  9.055  8.259  7.663  7.201  7.061  7.226  7.659  8.269  9.069  9.988 
 9.977  9.052  8.273  7.586  7.215  7.076  7.225  7.581  8.310  8.951  9.962 
 9.991  9.082  8.282  7.590  7.279  7.074  7.199  7.595  8.240  9.061  9.974 
 9.987  9.090  8.234  7.621  7.231  7.101  7.199  7.613  8.274  9.077 10.029 
 9.995  9.110  8.218  7.542  7.195  7.035  7.202  7.573  8.267  9.031 10.062 
10.018  9.052  8.310  7.670  7.199  7.125  7.201  7.647  8.257  9.034  9.966 
 9.993  9.037  8.259  7.615  7.166  7.087  7.216  7.663  8.239  9.006 10.022 
10.014  9.079  8.215  7.594  7.153  7.098  7.256  7.629  8.264  9.061 10.002 
 9.993  9.082  8.267  7.575  7.205  7.070  7.289  7.578  8.269  9.095 10.035 
10.022  9.050  8.234  7.650  7.173  7.102  7.238  7.608  8.255  9.065 10.008 
10.026  9.063  8.275  7.601  7.186  7.042  7.174  7.634  8.309  9.090  9.941 
10.026  9.029  8.315  7.601  7.219  7.094  7.207  7.640  8.223  9.050 10.036 
10.004  9.045  8.212  7.606  7.213  7.073  7.214  7.594  8.226  9.046  9.983 
 9.979  9.084  8.187  7.595  7.186  7.058  7.249  7.596  8.331  9.099 10.009 
 9.998  9.075  8.328  7.606  7.192  7.139  7.199  7.585  8.222  9.004  9.976 
 9.989  9.072  8.241  7.615  7.205  7.018  7.230  7.629  8.290  9.039 10.032 
 9.943  8.999  8.229  7.632  7.235  7.070  7.249  7.606  8.259  9.066 10.022 
 9.953  9.057  8.305  7.601  7.197  7.032  7.192  7.589  8.258  9.081  9.971 
 9.969  9.043  8.256  7.629  7.225  7.112  7.231  7.699  8.230  9.059  9.967 
