 8.571  2.660  6.256  6.647  6.532  8.924  5.680  3.180  7.011  4.996  7.104 
 8.749 13.342 11.844  5.911  8.407  8.225 -4.929  5.909  5.338  6.451  7.415 
 9.169 17.051  5.870  8.088  2.055  3.496 12.640 11.680  9.891 10.101 12.391 
 7.855 13.588  9.638  9.553  5.403  1.558  8.209  5.071 11.255 13.009 10.553 
11.477 11.595  2.030  9.416 12.839  4.634  7.109  6.889 11.118  6.010  5.714 
12.998 13.594  6.131  5.873  6.803  7.893  7.077  8.963 12.579  8.093 10.951 
 9.580  4.230 10.274 12.424  3.215  7.479  6.133  7.257  4.009  8.416 12.668 
10.620  5.274  9.678  6.500  3.290  9.031  0.239  8.209 10.888  9.545 12.045 
 8.404 15.215  7.415  7.067  4.896  7.046  5.869  0.058  4.500  6.734 14.372 
 6.552  9.089  3.211  9.269  7.966 10.520  8.213 10.935 11.155  5.517 10.664 
10.939  5.431 10.913  4.279  7.455  9.711 11.507  5.112  7.221  8.684 12.432 
 8.993 10.393  6.662  2.861  4.007  7.392 10.897  2.981  6.814 10.781  8.445 
 5.977  7.048  6.625  2.303  6.068 10.099  9.357  9.125  5.290 14.330  9.817 
 9.987  8.131  8.209  6.809  3.020  9.753  4.473  6.716  7.769 11.614  3.520 
13.878  7.532 10.305 10.792  8.727 11.491  8.561 11.661  6.921 14.820  9.672 
10.111  9.677  7.967  6.038  9.249  8.491  6.321  5.708  2.133  7.543  7.932 
 8.900 10.769 11.049 12.338 10.546  4.163  7.839 11.155  9.801 13.258 11.579 
 9.551 10.053  4.798  6.634 10.664  2.459  2.914  0.022  8.248  9.660 11.907 
 6.566 10.753 13.028  2.133  8.417  7.301  3.427  6.038  8.879  9.404 10.851 
 6.746 15.695 11.816  6.607  7.719  2.451  9.005  6.238  5.216  6.900 10.612 
 9.900 14.002  6.183  4.773  7.902  5.925  8.497  8.338 15.846  9.658  6.962 
10.755  9.127  9.542  3.736  6.086  5.960  8.967  6.930  5.768  8.081 14.574 
 9.584 10.000 10.878  6.983  8.405 15.035  2.908  4.777  9.850 14.450 10.069 
 9.601  7.407  6.509  0.740  8.049  2.198  4.520  3.638  6.360 12.383 10.742 
 8.621  5.701 11.254  7.068  7.161  6.700  5.419 11.941 13.809  5.117 11.911 
10.323  3.246  2.922  7.272  5.585 11.110  2.599  9.591  7.323  6.815 15.528 
11.307  6.613  5.753  8.017  9.378 12.163  6.889  9.507  4.930 13.026 13.342 
12.078 12.096  4.083  6.282  8.522  2.236 -1.711  2.803  8.708 13.005  8.358 
12.296  6.883  9.187  6.011  4.426  0.550  3.866 10.961 10.387  6.837  8.984 
 9.764  6.307  7.359 12.627 12.664 11.435  7.412  6.696 10.112 14.474 12.002 
14.593 17.732  4.624  6.324  7.733  9.038  7.547  6.726 10.058  8.351  7.475 
 6.430  7.182 11.117 12.043  7.431  2.775  6.951  4.560  5.870 10.329  4.026 
 5.924  8.777  6.489 10.358  3.412 10.743  5.496  5.095  5.681  9.230  6.042 
14.385 10.000  4.821  8.193  1.828  8.757  4.240 13.322 13.130  7.844  5.284 
14.722  6.619  6.998  7.392  2.998  6.440  8.171  6.517  4.541 11.904 17.956 
 8.740  6.449  8.920 14.382  0.866  6.148 13.123 12.866  9.446  9.882 12.986 
 3.479  5.342  9.999  9.696  4.115  7.474  6.245  6.101  6.544 10.746  9.045 
 8.671  6.336  5.785  6.182  5.865  8.817  0.427  3.984 12.582 13.842 10.690 
12.096 11.221  6.842  5.707 11.477 -1.599  8.059  8.150 12.409 14.183 10.968 
 7.591  9.508 11.245  7.716  7.069  6.945  9.082  7.179  2.645  9.676  6.614 
12.252  8.614  7.779  7.990 12.086  4.397 -2.709  7.551 10.086 13.658  8.985 
 1.003 13.853  6.894  9.754  7.123  7.531  6.034  9.623  9.910 11.186 15.123 
 9.325  9.091  9.043  8.893  6.900  5.563  3.576  7.039  9.443  6.994  5.874 
 9.769 11.633 13.122 14.147  8.432  7.909  9.119  6.713 14.783  6.499 10.903 
13.270 10.507  7.499  9.566  5.008  5.990  7.168  2.259  9.099 11.042  7.512 
 7.647 14.383  6.343  7.867  4.979  5.912 10.636  8.495  6.185 13.284 17.345 
13.151  7.244  6.120  7.236  4.330 10.422  3.914  7.157 12.521  9.665  9.620 
12.812  9.899 13.279  3.829 10.651  1.969  3.801  9.167  5.992  9.567  6.484 
11.659 11.748  6.866  3.460  3.091  8.460  7.811 -0.390 14.228  7.970 10.405 
 9.319  9.882  7.461 10.837 12.173 11.373  6.511  8.121  6.162  8.514 13.422 
 4.930  8.936  9.131 10.047  7.082  7.038  9.282  4.433  9.511  9.311 12.486 
14.036  6.788  7.585  8.519  0.679  3.915  7.730  6.353 10.856 15.503  6.115 
 8.597  8.114 12.381  5.773 14.160  8.756 11.872  7.961  8.178 12.567 10.048 
 8.265  4.358 12.714  4.721  7.805  4.877  4.713  9.445  8.703 13.912  9.289 
10.303  6.350  2.169  8.694 11.433  7.639  8.876  7.025  8.760  2.869  8.181 
 5.933  5.260 12.388  3.005  1.372  9.565  2.648  9.763  6.986  5.013  8.224 
10.483  7.918  8.927  9.521  4.602 13.220  7.058  7.125  6.985  6.530  8.143 
 6.413  8.658 12.682  3.114  7.646  9.336 12.302  5.110  4.867  6.793 12.425 
 7.362 19.955  8.029  7.020 11.834  9.394  3.896  3.512 10.546 12.906 10.005 
 7.194  5.918  0.239  9.450  3.587  9.634  4.868  3.567  7.036 10.235  9.854 
10.426 11.674 13.942 10.890  3.254  5.177  5.032 15.296  9.879  8.634  6.662 
11.575  6.898 11.383 11.353  4.897  5.594  8.978 13.425 12.909 11.096  9.345 
10.575 11.034  9.970  9.321 12.001  2.826 10.516  8.879  9.709 12.539  8.488 
12.650 10.493  3.858 14.233  5.562  4.858  2.931  4.102  4.226  8.639 11.470 
 9.342  9.091  6.760 11.078  8.685 12.057 14.923  5.944  6.395  6.307  7.537 
10.942  7.385  7.267 10.173  7.410 14.632  8.977  3.814  7.585  6.371  3.147 
 9.195  8.096 10.040  5.335  4.832  3.482  3.511  7.257 10.683  6.718 14.793 
11.138  3.466  7.622  6.021  2.867 -0.978  4.574 10.284 10.300  7.769 15.887 
11.000 15.858 14.732  5.992  8.095  4.395  4.163  4.178  4.605  9.691  6.578 
 3.965 10.965  6.805  8.285  6.506  9.927  7.676  8.756  7.221  9.825 10.240 
12.421  8.482 10.448  2.819  6.804 10.718  4.325 10.090  2.235 11.596 12.058 
11.180 12.986  3.308  8.440  2.989 12.373  8.106  9.684  5.100 10.231  6.463 
12.153 15.476  5.093  3.818  4.797  2.622  9.611 11.854  7.125 11.877 10.160 
 7.079  6.441  6.868  7.937  4.357  9.841  9.791  4.227  5.264  7.908 10.925 
 9.099  8.871  5.333  5.397  2.913  7.764  1.875  3.248 12.417  3.201 11.769 
 8.836 15.282  2.820  4.917  6.060  1.664 11.432  7.735  5.531 12.205  7.517 
10.468  7.974  3.866  9.382  8.581  8.815 15.258  6.375  4.996  9.812  6.845 
 8.365  3.613  3.101  7.668 10.854 10.149  7.923  8.471  9.475  9.969  8.185 
11.735  5.639  7.565  1.287  6.993  7.942  6.284 11.576  7.560  8.115  5.633 
12.562  8.993  6.857  5.877  6.702  4.307  5.063  5.797  7.177 13.723  6.697 
11.160 12.052  8.035 13.441  1.658  7.904 -0.816  6.525  8.106  8.735  8.470 
 9.472  5.846  9.734 10.018 12.038  6.110  9.737  8.536  6.857 11.485 10.671 
 3.514  1.687  7.620  5.125  6.459  4.361  2.141  2.838  2.105  7.937  9.073 
 8.439 12.705 12.293  1.214 18.163  7.760 11.863  3.237  8.679 10.018 12.375 
10.228 12.855  8.335  4.688 12.817  9.966  3.706  2.775 12.444 12.595 15.087 
 7.826 15.586 10.618  7.637  8.251  4.487  3.475  8.396  9.339  3.783  8.300 
11.553  7.490 15.170  7.762  8.474 12.339  4.725  8.308  6.849 12.611 11.134 
 7.937 12.934 14.857 12.047  6.465  5.250  2.472  0.722  5.783  9.731 15.902 
16.505  9.466  1.313  7.201 11.765  7.300  4.062  6.822  6.021  9.684  7.615 
12.384 11.000  8.285  5.933  5.692 12.481  4.392 12.220 11.298  3.959  9.682 
 5.842  6.635  3.880 11.297 10.688  5.504  8.018 14.215 12.429  9.472 11.394 
12.040 11.651  3.389  5.152  5.052  6.670  7.078  6.424  5.755  5.234  8.155 
13.565 13.337  2.073  8.013  8.772  7.410  6.412  5.361  5.710 15.014  0.041 
 9.792 11.073  9.298  1.273  5.698  5.238  5.109  8.770  7.391  8.456 10.419 
 4.672  6.550  7.579  8.518  0.847  8.543 11.483  9.944  5.744  6.656  8.732 
 5.147  6.330 12.502 12.987  7.339  8.686  4.408  7.495  4.501  9.812 10.515 
11.781  8.376  9.815  8.564 -0.055  5.204  8.723  9.164  8.272 14.905  8.878 
11.380  9.829  2.133 12.249 10.539  5.031  7.392  9.678  6.462  7.813 11.253 
 9.192 12.182  6.614  9.091  2.245  5.795 -2.469 10.081  8.863  7.600 12.322 
12.181  8.861  9.476  6.371 11.584  5.182  7.359  4.510  4.580 10.095 11.035 
 4.743  7.774 12.346 11.298 10.584  7.536  8.822  6.416  5.529 13.064 15.111 
 7.226  7.978  7.382  6.549  8.237  4.856  5.359  8.056 10.647  5.935  5.611 
11.821  9.467 10.307  7.304  2.596  9.604 13.540 10.683 11.258  6.292 10.894 
 7.259  6.464  9.637  7.900 10.066 -0.122  5.521  6.247  7.282  5.606  9.898 
14.049 18.639  8.258  2.194  4.040  2.851  8.318  7.956 12.687  9.279 11.134 
 7.705 11.263  9.846 10.691 11.535  9.662  5.175 10.059  6.853  9.564  9.083 
12.075  9.450  6.728  8.459  8.822  6.332  3.324 10.270  6.371  4.927  3.661 
 9.343 12.222  5.093  6.570 10.611  5.718  6.756  7.708 10.664 11.382  5.041 
 7.632  3.265  7.651  2.617  9.454 10.291  9.909  6.998  8.747  6.186 14.999 
11.976 11.357  7.434  2.532 12.101  1.927  7.389 13.494 10.209 11.399 10.492 
 6.292 11.982 15.046  8.951  9.704  5.415 -0.325  3.524  9.223  7.111 11.968 
 9.362  6.907 14.426 12.120  5.093  9.097  6.589 11.884  4.241 10.798  9.456 
12.923  9.034  5.986 13.608  6.215  9.148  6.986  4.611  9.804 13.162 11.047 
 3.910  8.573  8.295 10.180  8.220  9.004 12.069  7.163  3.399 10.186 12.430 
 9.209  8.795 12.409 11.316 10.768  3.953  5.345  5.863 15.907 12.569  6.488 
13.291  9.176  5.017  6.117  7.747 10.547  9.724  6.620  7.847 12.280  8.025 
12.578  6.493  9.774  3.901  7.126  5.556  1.936  5.924  8.501  6.266  7.271 
 6.050 12.351  5.259  5.969  6.378 10.912  2.110  6.075  6.414 11.934 15.421 
 7.091 10.939  2.241  7.316  9.377  5.947  4.973  3.943  6.890 10.528 15.535 
12.041 13.100  6.025 11.573 10.771 12.639  3.600  3.407  4.108  3.627 11.219 
 8.819 12.830  7.826 13.380  7.212  8.878  3.766  5.956  6.704  8.019  7.846 
11.927  5.030  2.333  4.646  9.306  4.929  1.450  9.967  5.923 10.706  7.238 
 7.609 12.159  7.447  9.921  6.659  5.398  8.281  6.321 12.969 11.505 18.463 
 5.832  5.259  7.917 11.635 -0.361 10.279  6.358  5.784  5.231 12.084  8.349 
 4.411 12.981  7.533 12.635  1.395  9.829  6.899  9.508  7.786  5.230 13.466 
 7.478 14.041 11.315 10.494  8.103  9.788  6.764  8.452 10.543 -0.198 10.255 
14.490 10.912  9.594  9.157  9.045 13.917 10.027  4.956  4.251  4.530 12.694 
 9.166  9.566  9.919  4.270  8.614  4.151 10.181 11.213  5.379 12.831 10.656 
11.044  7.841  4.639  9.454  8.881  9.806 10.262 12.788  9.765 12.471 18.784 
14.272 14.783  8.049  7.145  4.757  6.722  7.358 13.376 12.109 12.402  5.116 
11.203  6.916  8.360 11.286  1.619  6.462  9.555 11.330  9.102  9.400  6.982 
 8.224  9.229  8.445 14.646  5.824  5.546  8.407 10.290  7.433 13.270 13.128 
12.102 10.208  3.374  4.559  7.921 10.336  7.737 10.211  8.623  8.867 10.357 
 3.788 10.025  9.745  6.711  7.745  6.967  8.220  8.305 11.963  1.529  8.975 
10.979  5.774  6.730  7.593  8.348  6.181  9.459  9.067  9.204  7.401 12.617 
 5.131  7.032  7.152  3.392  5.006  3.315  9.306  8.106 11.388 -0.273 12.932 
 6.857  6.441 10.566 12.620  7.692 -2.863 12.210  4.104  4.135  4.061  8.331 
 7.644 17.033 12.141  6.918  6.406  8.265  5.602  0.004 11.233 12.115 10.284 
 5.946 12.067  8.327  7.030  2.002 10.364 10.582  4.524 14.124 10.710  2.267 
 4.107  9.490  7.899 11.671  8.509  9.631  6.035  5.558 10.650  7.452 11.034 
 9.921  7.128  5.164  6.385 10.462  8.822  9.704  3.457  5.598  6.765 10.536 
 9.297  9.896  9.535 10.801 14.384  9.641  7.455 10.981  5.885  8.124  8.400 
 7.886 12.055  5.410  6.866  9.518  9.013  3.065  4.086  8.126  7.891  9.957 
12.080  5.451 11.271  7.138  9.518  8.027  8.322 10.162  5.253  8.559  7.496 
 9.366 10.057  8.142 10.502 13.456 10.405  9.022  7.513 12.727  9.416 10.576 
 7.066  9.429  6.167  1.407 12.424  3.825  8.672  6.935  7.327 11.784  8.512 
14.134 11.190  7.305 11.128  7.959  2.058  1.602  9.001  8.453  7.809 14.216 
11.567  7.443  1.821  5.617  8.592  1.245  6.055  8.607  9.019 13.422 13.812 
11.566  6.115  9.551  6.577  8.969  8.650  1.980  6.546  4.495  3.224 14.916 
13.732  7.003  5.797  8.834  8.897  5.765  7.349  8.037  8.816  7.981 13.073 
16.165  9.514  3.565  4.662  4.418  5.061 10.770 12.970  6.032  7.830 13.786 
 8.595  5.401  8.056  8.733  8.228  8.270  7.833  8.122  5.809 13.479  8.498 
16.257 15.362  5.776  8.483  4.312  5.765  7.295  8.269  9.169 11.715 10.628 
15.444  8.626 17.412  4.532  7.012  5.372 11.604  5.848 17.364  9.959 11.702 
 7.507  6.862  9.080  3.478  2.250  1.768  6.797  2.046  9.464  5.628 10.527 
13.019 10.807 13.153  5.088  4.906 -0.197  7.658  3.996  8.881  4.786 13.454 
 5.268 10.199 12.694  0.175  5.190  8.342  6.575  4.964  3.861 12.948  6.970 
 7.167 14.177  6.859  6.589 11.220  1.389  6.457 12.644  9.228  6.016 10.177 
 8.427 12.006 10.001  7.068 11.540  2.786  7.992 10.995  6.025  8.714 12.783 
12.513  3.204  9.007  6.157  6.441  5.209  5.688  5.437  6.971  9.625  7.476 
 7.285  6.280  7.515  6.458  5.653  4.162  8.796  4.846  4.451  7.053 13.005 
10.938  4.675 10.737  6.294 11.091 12.454  7.259  7.631  3.633 15.058 15.761 
13.693 16.302 -0.554  6.272 11.683 11.173  5.739  7.615  9.550  9.373 11.254 
 3.953  2.870 10.136 13.021  8.159  6.781  5.100 14.540  7.316  8.996  9.225 
10.636 10.827 10.954  2.353  5.550 10.789  6.136  6.140  8.485 17.024  7.382 
11.381  9.568  7.216  9.541  8.215  8.434  8.835  7.515  4.671 10.305 14.065 
 7.728  6.318  7.265  8.887 11.629  5.030  3.351 11.560  4.178 11.117  8.997 
11.646 10.813 10.177 11.687  6.040  6.805  5.920 -1.044 15.184 10.772 13.198 
10.074  9.228  7.741 11.755  6.977  7.793  6.403  8.053 11.393  9.384 12.140 
 8.211  7.977 11.920  5.624  4.481  3.999 10.070  8.614 10.730  6.643  4.256 
 7.241  9.317  2.590  3.456  7.313 10.231  8.102 12.978 12.642  5.667 10.797 
 2.679  8.396 10.837  9.286 12.447  9.968  8.192  6.962  7.626 12.815 13.675 
 8.810  7.918 13.501  6.445 10.747  1.040 11.027 12.899  7.558  7.430  7.127 
 7.753  7.555 15.061  9.253  8.412 13.936  4.292  4.672  7.624 14.681  5.415 
 5.502 14.844 15.126  4.032  7.666 11.746  8.126  7.820  9.424  0.476  8.819 
11.773 10.167  6.852  7.540 12.034 12.242  6.706  3.411  9.479 12.584  5.433 
 9.632 10.084  7.516  2.655  8.473  9.016  7.723  4.154  6.230 14.117 13.105 
 9.038  8.932  8.929 10.022  2.947  8.035  3.678  7.473  6.124 11.525  8.791 
10.786  8.320  6.729  3.887  5.502  6.507  1.286  6.050  7.834 11.894 12.513 
12.289 12.274  9.091 11.815  9.429  9.681 11.516 11.400  9.867  6.210 13.109 
10.839  7.482  6.306  6.135 13.572  4.041  8.476  3.968  8.345  9.702 15.362 
 5.881  5.456  8.240  8.221  8.992  9.355  7.027  5.934  7.852 10.641 13.783 
12.424  5.524  7.691 12.144  7.922  8.344  7.977 14.053  7.019  8.138  8.736 
 8.087 14.164  8.669  9.063  7.064  9.185  6.920 15.186  8.668 11.304  8.674 
 5.047 11.064  2.539  1.131  6.827  8.776  3.897  8.614  6.975 11.795  4.882 
10.335 16.618 10.554 11.418  8.132  4.481  5.319 11.861  9.926  9.249  6.410 
11.809  9.785  7.631 11.829  8.531  8.022  5.671  9.579 14.291  4.714 10.259 
11.771  8.858  6.479  9.611  9.674 12.641  9.752 11.209  8.793 10.337 12.229 
 9.906  9.531 12.783  9.978 10.824  9.662  5.589  4.096  9.451 10.952  6.767 
10.063 11.296  8.709  4.373  7.329  8.542  7.420  4.348  3.919 10.249 10.562 
10.428  6.867  4.690  9.416  9.770  7.341 10.850 12.373  5.788  8.664 12.607 
11.529  8.481 10.759  2.293  6.004  6.013  8.713  9.249  7.985 12.305 12.048 
 6.913 10.715 12.719  9.471  4.278  8.042 11.336  7.177  8.546 12.695 12.436 
14.644  9.038 10.146  9.714  6.903  9.422  6.544  5.209  9.469  9.161 11.208 
13.904 13.441 10.662 10.217  6.140  2.497  7.968  7.091 11.599  7.314 13.616 
12.831 11.359  4.164 10.020 10.572  4.412  6.699  8.608  6.032  8.273 13.704 
10.942  7.334 11.043 13.299  9.635  7.352 11.549 10.280  2.007  5.138 16.302 
 9.586 -0.783 10.873  7.001  6.442 12.310  9.307  8.104  9.823 11.130 10.834 
13.911 11.791  4.802  3.210  3.831  6.122  3.309 -1.033 10.756  8.252 17.588 
14.970  8.415  9.544  8.330  6.613 12.287 16.819  7.104  9.617 10.913  9.759 
 3.872 10.965  9.302  8.667 10.358  1.392  4.908 12.187  7.783  8.573  9.565 
12.949  0.721 12.262  9.925  8.355  4.750  9.684  3.985  8.107 12.421  7.374 
 8.357 12.057  9.860  9.017  1.337  4.997  4.757 12.606  7.667  6.825  7.635 
 6.708 12.755  5.098 10.573  8.193 14.355  8.173  7.373  8.589 12.866 12.004 
13.374 13.240  7.335  5.488  6.253  8.619  8.264  8.892  8.998  8.938 11.993 
12.937  4.888  9.110  5.524 15.237  3.613 11.044  5.828  6.590  8.133 11.025 
10.508  6.720 11.627 10.274  5.705  8.483  7.046  3.661  8.937  7.521  5.667 
 4.576  9.694  9.794  9.816  8.363  2.651 11.066 11.979  5.698 10.068 12.808 
12.930 10.181  7.065  9.729 14.511  7.381  2.680 11.486  5.133  9.335  5.843 
 5.726  7.314  4.902  9.829  5.150 12.452 14.267  8.135  9.088  6.412 16.279 
11.942  9.474  9.592  5.377  7.176  9.987  9.237  7.376 10.050 11.833 11.371 
 9.370 11.775 11.917  4.862  9.730 13.956  5.978  9.014  5.550  7.097  8.153 
11.579  7.222  5.911  2.666  4.673  6.323  8.960 10.505  7.117  7.510  6.384 
11.315  8.768  6.251  4.755  6.055  8.232  7.010  8.709  4.534 12.055  5.322 
18.459  9.034 11.192  7.911  3.712 10.094  9.514  2.596  5.028 17.499 12.097 
 8.033 13.273  8.046  4.740  6.738  5.328  0.408  8.784  4.436  6.187  8.845 
 7.628 13.625  4.579 14.515  9.448 10.419  4.133  0.302 12.084  6.153 10.542 
11.552  9.354  2.526  4.672 14.002  6.634  8.979  7.634  3.023 10.842  7.987 
11.430  4.902  5.133 12.555  5.461  6.122  7.599 11.412 12.682  7.105 10.910 
 6.769  7.265  7.634  7.252  5.781  5.267 11.127  4.075  6.109  8.141  4.944 
 6.438 13.256  7.957  6.310  4.432 16.235  6.168 11.302 14.033 13.411  6.423 
11.933  7.414 10.724  6.432  4.694  2.862 10.911 12.863  7.216  8.033  9.141 
11.130  7.968  7.695  5.273  5.411  9.340  2.010  6.429 15.159  6.856 10.624 
11.951 10.994 11.470  7.426  2.190  7.527  4.449  3.936  9.687  4.421 11.856 
10.160 10.195  8.136  1.608  6.723 12.492  9.320 11.381 11.898 13.691 11.067 
11.339 10.312  7.132  9.991  6.559  8.220  7.735 12.779 12.360  7.198 -0.570 
10.127 12.699 15.219  6.648  8.482  5.413  5.138  8.968  5.250  6.710 17.459 
10.257  9.262  5.817  5.382  9.355  6.038  8.715 10.013  6.978 12.596 12.169 
11.925 13.551  6.723  9.295  8.050  7.877  8.998  1.115  6.992  5.715  2.124 
13.670 12.381  2.435  5.275  5.432  4.221 11.188  2.996  6.093 14.955 10.672 
11.905  7.925  3.590  7.104  9.330 13.889  5.238  6.555  8.124  8.319  4.567 
 8.785 12.963  6.633  5.650  7.411  6.789  5.125  7.257  8.886  9.711  9.589 
 7.094  6.846  8.906  1.796  6.552  4.100  7.558 11.651 13.704  7.537  6.448 
 7.569  9.435 11.103  8.960  3.003  7.048  7.083  8.815  9.714 13.686  8.689 
10.624  8.978  8.802  5.688 10.415  4.376  5.901  9.662  2.665  4.438 11.127 
12.981  4.865  6.699  6.292  7.751 11.149 12.170  5.996  8.944  8.960  9.237 
 8.199  5.700  7.048  7.991  3.167 10.793  6.787  3.493  6.718  9.470 14.998 
 6.345  7.162  9.969  1.977 11.394  7.458  7.337  6.120 13.309 10.911 10.372 
12.992  7.206 11.985  6.438  5.683 13.400  9.514 11.343 10.003 12.936 11.381 
 9.028  5.044  8.102  6.317  6.078  9.886  7.427 12.557  0.639  9.495 12.465 
10.663 12.199  6.746  7.517  4.408  8.361  9.557  6.295  7.530  7.762  8.017 
 9.384 13.773  9.597 15.757 16.630  8.476 11.372 12.128  5.497  8.774 14.959 
 6.028  9.205  9.845  9.699 12.889 -0.347  3.724  6.157 10.984 14.814 15.466 
 8.453  4.973  9.233 14.684  6.374  7.933  7.915  4.592 13.495  9.874 14.198 
 8.823  7.706 12.677 10.409  5.323 13.085  1.686  5.628  5.138 10.804 11.252 
 6.544 10.510  3.071  6.304  0.952  4.542  5.647 11.060  8.144  9.140 10.872 
10.672  5.492 15.112  3.858 10.912  5.535  4.056  9.258  7.248  0.400 12.311 
10.098 10.621 10.766  7.100 11.117  9.893 10.376  2.835  7.977 11.634  6.938 
 7.005 10.203  4.907  9.774  8.021  9.238  7.040 10.826  4.945  7.190 10.808 
 9.724  5.381  7.334  6.362  5.139  7.830  5.565  5.710  2.976  8.727 13.170 
 4.978  8.086  7.902  6.115 10.762  0.259 -2.054  5.875 11.777 11.271 12.251 
11.073  6.159  8.675  4.663  8.311 11.037  5.087  7.365 10.255  7.938 10.638 
 4.788  8.364 12.690  8.346  7.168 13.964  8.293  9.228  8.067 13.586 13.772 
11.682  9.084 14.456  5.602  6.173  5.962  7.942  4.352 10.956  6.501 14.099 
 3.552  8.125  8.925  7.809  8.261 -2.163  9.856 10.394 18.565 12.883 16.716 
10.589  6.360  4.872  7.219  8.235  5.129  8.169  7.045  5.545  6.323  5.227 
10.507  9.299 10.073  8.209  6.328  5.287  6.534  6.664  6.851  8.454 10.330 
 9.219  5.755  8.068 11.780  7.827  1.008  6.839  7.902  6.684  7.673 11.911 
 6.036  7.746 10.662  4.423 12.997  6.639  8.371  9.896  7.190 10.355 10.377 
 9.267  7.108 10.807  4.762  9.640  3.902  9.733  4.733 13.647  4.862  8.720 
 0.502  5.888  6.773  7.008 11.327  4.788  3.352  8.526  7.635 11.560 11.688 
10.292  5.921  7.927  0.569  8.610  8.704  3.016  9.979  6.719  9.743  4.014 
 6.477  3.473 10.709  3.621  2.057  7.312  4.991 12.529 -0.002  9.853  3.602 
 3.542  5.662  3.112  6.954  7.673  1.005  5.220  7.162  9.924  8.128 10.399 
 9.287 10.895  7.157 10.928  6.720  5.485  8.761  8.669  5.362 12.063 11.139 
10.441 13.958  7.525  1.080  3.700  8.498  9.730  9.321 14.238 10.354  4.996 
 8.791 11.581  9.236 11.297  6.148  8.030  9.436  7.699  4.789 10.536 13.846 
14.832  5.195  4.701  9.532  4.840 13.899  4.449  7.220  6.091  7.932  8.191 
 6.653 10.839 13.828  7.256 11.429 10.352  7.061  5.436 15.215  7.038 10.605 
10.264 14.758  8.030  7.591  6.948  5.965  7.682  6.991  9.139  9.239  9.400 
 9.879 11.477  9.426 12.195  9.180 11.553  9.358  5.059 13.729  6.515 13.912 
11.226 12.023 10.192  3.641  5.735  4.739  7.073 10.170  6.785  6.189  8.483 
13.186  7.964  9.858  8.591 10.958  6.365  5.637  8.451  7.496  4.557  8.956 
 4.444  5.947  9.513 11.557  7.596  3.725  6.948  6.623 14.732 15.208 13.937 
 9.065  9.238  8.661 11.311 10.143  6.661  1.405 10.302 12.162 10.801 11.688 
10.505  7.841  2.207  7.937 10.569  5.030  6.663  5.272  4.537 10.749 14.182 
 5.077 14.010  6.485  7.315  1.975  9.271  3.381  6.270  6.328 11.665 13.420 
10.775 11.770 13.040 10.285  5.790  5.893 11.414  3.198  5.678  5.735 10.297 
 9.966 12.109 10.004  9.648 10.542  3.737  8.885  1.654  6.480 11.729  8.902 
13.868 10.733 15.739  5.191  9.776  6.338 11.518  7.679  4.373  8.625 12.461 
12.034  5.749 10.612 12.216  7.598 -0.090 10.231  8.602  9.190  7.955  8.100 
 7.654  7.614  5.420  5.835  6.244  4.864  8.202  3.858  5.934 10.157  2.171 
 7.750 11.810  8.264  6.242 13.930  8.014 10.665 13.271  6.235 11.834  7.253 
15.811  8.169  7.255  9.476 10.270  9.028  3.157 11.991  7.743  8.242  6.589 
 5.559  8.843  7.092  6.251  8.022  9.923  8.581  6.590  2.108 10.532 13.244 
 9.525 13.396 10.609  2.104 10.057  4.530  4.805  1.547 11.761  7.277 14.369 
12.464 16.827 13.962  7.268 11.705  4.819 10.556 13.202  8.424  9.678  5.975 
10.402 11.519  7.583 10.892  5.312  6.282  8.868  7.962  8.016  4.532  7.929 
 6.562  5.662  2.194  3.842  8.214  4.569  7.056 10.030 13.446 12.713 10.382 
10.870 13.542  7.025  2.635 14.992  4.494  4.466  7.799  2.087  2.131 10.389 
10.995  8.141 14.806  9.029  9.087 13.796  8.120  8.842  7.652  9.270  4.135 
 9.594  5.637  9.783 14.367  5.502  3.519 10.105  7.571  8.922  7.081  7.340 
10.195  9.085  4.284 13.024  5.060  6.434  6.102 15.156  8.220  9.978 10.841 
 4.402  4.884 16.592  5.104  5.103 10.004  8.183  7.278 11.140  6.688  9.100 
 9.115  9.979  8.006 11.089 10.362  6.928 16.155  1.471  6.750  6.876 11.023 
13.393  6.791  7.200  7.661  9.310 11.345  5.062 10.760  9.370  6.963  7.311 
13.478 13.053 10.906  9.653 10.360  7.283  6.617  5.282  8.741  7.380 13.454 
 8.426  8.401  6.755  3.091  3.670  5.147  5.701 10.212  5.992 13.001  7.244 
 5.802  8.557 14.335 10.214  7.119  2.972  8.522 12.581  7.310 13.887 13.577 
11.105  7.950  6.021  2.704 15.223  3.577  5.279  9.447  3.045  7.250  8.008 
 5.391 13.452  5.688  2.957  9.374 -0.360 10.399  6.676  7.311 13.135 16.758 
13.077 14.942  7.357  6.958  5.177 11.274  7.648  4.811  7.561  6.449  8.479 
13.293 10.695  9.514  9.361  6.494  5.514  1.867  7.262 11.437 10.958  4.760 
13.849 14.859  6.041 10.277 10.099  9.048  9.352  2.685  8.629 12.967 13.022 
 8.651 10.392 11.508  7.741 -2.986  2.898  6.127 11.360  9.886  6.609  9.333 
 9.247  7.024 10.868 11.184 11.182  8.729 11.221 11.024  4.922 11.722 11.659 
 7.706  9.430  8.394  7.002  5.371  7.576  4.389  5.755  8.659 10.836  7.208 
 6.364 11.482 10.791  6.586  4.352  5.015  8.029  8.770  6.016  7.905  9.293 
14.728 13.893  6.503 12.365 12.350  4.889  5.650 -1.617  7.355  2.533 12.112 
10.827 10.083  7.328  5.734  8.254  8.201  7.230  9.064  4.727  5.440  8.976 
 8.116  9.455  8.244  1.526  4.926  5.508 11.694  4.265 13.667  7.882 13.934 
18.050  6.809  7.108  6.051  6.049  7.291  6.107  8.983 11.791  7.464  5.092 
 8.760 10.845 11.556  4.502  4.655 11.182 11.003  5.640  8.508  8.276 11.478 
11.514 11.326 14.244 10.192  9.966 12.125  5.169 11.591  8.852 10.939 10.635 
10.152 10.660  9.171  5.657  5.052  9.760 11.397  7.874  5.697 10.480  7.904 
10.135  4.141  4.129  4.717  3.693  0.132  7.863  6.014  8.716  7.514  6.995 
12.291  5.577  8.484  4.943  7.286  8.136  8.324  2.644  7.754  9.379  9.533 
 7.270 10.986  6.913 15.944  5.352  9.646  4.216 12.015  7.916  9.919 11.931 
10.032 11.751  8.542  9.685  6.005 -0.876  4.073  9.731  7.680  7.574  9.294 
 4.530 12.425  8.077  4.668  4.986 13.124  6.825  5.145  4.443 12.344 19.574 
12.767 11.553  8.697  9.635 11.322  4.856  3.259  4.609 13.204 11.343 16.171 
 7.046  2.699  7.099 10.293  5.219  9.142  6.130  4.800  7.341  6.543 10.415 
 7.913  8.000  3.558  2.375  8.564  5.873  8.694  7.379 14.315  4.267  9.554 
 5.994 11.546 10.313  4.612 14.298 10.069  8.700 13.373 12.233  4.981  5.647 
 5.298  9.810 15.737  4.478  2.651  6.850  7.626  7.881  6.235  9.420 11.213 
 8.356  4.058  6.142  9.918  4.965  6.133 12.436 13.082  6.307  8.330 10.447 
15.776  5.263  9.007 11.387 14.258  3.033  3.723 13.588  9.061  6.314  6.445 
 9.316  7.200 14.523  8.454 11.222  9.107 12.776  9.066  7.997 12.077 13.329 
10.771  7.235 12.509  5.647  0.226  8.639 11.593  7.674  7.092  8.663  8.308 
12.626 13.261  7.972  1.137  9.931  8.054  2.906 -0.468  6.054  7.442  9.139 
 7.863  7.261  9.676  6.856  4.484  8.984  7.286 10.735 12.131  8.925 12.235 
 7.713  4.483 10.645  5.952  2.716 11.947  4.269  8.207  5.772  6.576  6.281 
12.852  8.529  5.482  3.980  8.127  9.362  5.455  4.813  3.816 11.229  8.891 
11.338 12.811  7.187  6.991  7.835  1.807 10.720  9.242  7.631  5.806  9.752 
 7.724 10.870  9.066  9.837  9.142 13.383  5.504  3.111 13.298 11.062 10.317 
11.366 10.495 12.527 -3.180  7.212  7.626  1.730  0.838  5.937  7.391 10.482 
13.544  9.174  4.315  5.401  6.851  6.912  4.377  7.595  7.824  5.141  8.762 
 4.610  9.724 -0.216 11.422  5.650  5.229 10.926  8.700  7.229  6.602 11.580 
10.176  5.664  5.478  2.713  7.295  0.946  2.677 10.698 10.367  6.781  9.938 
10.280  9.534  7.983  7.366  2.697  5.073  9.156  7.777 10.101  5.549  7.641 
 4.187 10.546  8.276 12.759  8.221 12.611  7.677 12.689 12.908 10.226  9.482 
 5.784 12.987  8.123  3.866  5.391 11.302 10.192  8.172 14.860 10.142  9.577 
 8.843  8.873  5.503  7.843 12.348 12.590  7.114  7.182  9.708  2.628 14.255 
12.647  4.094  6.166  6.530 10.455  4.338  8.218  5.547  6.179  7.731  8.872 
12.526 11.774  7.528 -0.126  4.733  8.806 10.228  6.611 10.060  7.744 19.523 
 9.321 11.542  4.391  9.526  9.100 10.022  3.307  2.078  7.342  9.753  9.829 
13.666 12.703  8.926  4.707  6.411  4.802 14.717  8.839 10.639 12.255  4.609 
 6.595  4.717  6.550  5.223  2.868  9.859  4.844  6.136  6.329  7.952 13.853 
13.749  8.287 15.658 11.803 11.138  7.822  2.804  5.610  6.900 11.355 12.072 
15.270 19.784 10.387  5.841  4.279  6.786  3.281  5.305  6.300  8.619 10.039 
10.514  9.226  4.990  9.981 10.761  7.154 10.733  5.799 11.800  6.975 15.719 
14.769 10.745  9.599  8.044 11.128  7.566  9.014  8.778  6.725  1.809 11.189 
12.274  9.482  4.210  8.048  6.390  9.700 12.185  7.734 10.298 12.615  7.326 
11.684  2.456 10.455 10.031  9.637  2.858  2.970  5.882  5.668  8.940 11.434 
15.511  7.038  9.711  5.067  2.902  2.692 -1.824 15.011  8.960  9.028 13.225 
 8.305  9.992 14.612  6.502 11.035  6.597  8.388 10.683  3.382  6.476  8.915 
 7.976  9.312  4.096 12.389  6.587  0.938  9.432 10.050  7.074 13.845  4.920 
10.976  7.772 13.110 10.640 10.838 13.200  7.392  2.995  2.786  8.584  8.281 
 9.078  0.921 10.748  5.837  6.757  7.067 11.637  7.695  6.323  3.009  7.958 
13.997  5.218  5.687 14.298 10.984  8.951  7.807  6.803 11.441  4.706  7.320 
10.232  7.527  9.633  7.383  9.441  6.533  6.503 10.720  8.207  8.844 13.231 
 9.754  3.878 12.525  7.076  6.372  6.847  7.820 11.615  4.996 12.413 10.143 
 6.720 11.957 10.247  4.796  6.075  2.596  6.435  6.508  8.720 12.020 12.635 
15.008  7.665  5.886  9.339  6.367 12.133  6.305  3.669  5.585 10.932  6.693 
 8.542  2.401  9.500 12.468  9.629  3.229  0.959 11.493  6.417  5.185 13.395 
 8.131  9.004  8.778 12.691  2.445 10.056  5.764  9.380  7.227  8.747 10.070 
11.529  6.233  7.440  8.711  8.874  6.815  4.955 10.699 12.299  9.816 11.959 
 5.803  8.620  8.826  1.208  8.371  8.563 15.415  6.586  8.883 12.177  9.307 
 9.152  9.281  8.516  7.228 10.350  9.097  8.762  7.492  3.907 16.171 10.653 
11.145 13.558  4.938  5.940  7.623  9.106  6.825  5.815 13.145  7.780  9.913 
 5.663 15.123  9.908 10.088  5.251  7.701  6.205  6.112  4.482  9.178  6.951 
 9.891  8.678 12.274  7.232  5.691  3.716  6.202  6.425  8.692  8.402  9.702 
 8.044 11.062  6.011  9.392 10.653  0.964  6.520  8.494  7.373  5.482  3.425 
12.606  7.022  4.824 10.235  6.051  6.451  7.823 12.994 12.157 10.999  8.071 
 8.817 11.320 14.136  5.120  7.788  9.896  5.649  3.776  6.647  8.696  8.468 
10.052 10.261 10.343  6.877  3.494  3.000  5.701  7.247  8.099  6.826  6.395 
 4.809  9.209  9.954  7.159  2.835  4.280  6.470  4.389  7.339  9.644  9.859 
 8.556 10.064  1.670  6.652  3.858  9.846  4.584  2.412  8.354  6.900  6.604 
 6.485 15.032  7.267  9.923  7.032  8.436  8.783  1.388 12.068 11.462 12.637 
 9.233  4.447  8.581  3.980 16.793  4.932  8.604  9.570  7.324  9.887 14.504 
 5.542 10.196  4.432  9.784  6.802  7.259  5.790  7.255  6.423  5.103  7.733 
 8.580 10.034  9.329 11.207  1.988  6.407  1.904  7.772  6.863  2.230  2.795 
15.770 10.964  9.645  7.884  4.437  5.358  4.893  6.018  7.412  7.806 10.711 
 6.367  4.552  2.078  6.416 11.687  6.644  9.796  7.962  5.708  9.065  6.467 
16.206  8.145  5.546 15.575 10.752 13.629  8.604  5.547  7.078 15.039  8.295 
11.397  6.866 11.990  4.552  5.597  8.884  1.387  8.361  2.691 10.233 14.938 
11.445 12.143  4.379 11.074  4.824  5.409  6.809 12.025  1.205 14.122 11.307 
 8.093  7.951  8.405 11.806  4.833  0.090  3.721 10.567 10.359  7.122  3.168 
 7.510  7.828 12.525  5.771  8.924  8.401  8.363  8.737  6.622 11.417  5.783 
 7.677 12.122  5.980 10.248  7.676 13.189  9.428  4.577  6.445 13.203  7.189 
12.402 11.063  7.310  5.229 12.122 12.641  6.475 10.459 11.873  3.850 10.743 
12.853  7.643  8.775  3.269  7.084  8.758  8.377  6.869 11.596  7.537  8.648 
 5.981  9.619  8.770  3.122  8.150  8.274  9.036  9.393  1.348 13.796  7.799 
10.112 12.269  2.268 12.462 11.095  2.317 12.034  3.147  1.486  8.992  2.841 
 6.560  8.737  8.263 11.021  1.628  7.177  5.890 11.476  7.836 11.698 11.272 
 2.579 10.678  7.194  4.746  9.111 11.822 12.197  6.983  7.377  8.639  5.279 
10.708 10.681  5.002  6.340  3.674 11.350  9.537  9.618  6.944  7.485  8.637 
10.570 12.436  1.484  9.786  9.247  6.875  2.844  7.763 10.188  9.263 13.805 
 9.675  3.147  9.085  9.158  9.122  7.748 10.316  6.530 17.039 11.338 10.219 
 7.606 13.617  1.049  9.316 12.415  5.458  5.972  9.563  4.173  9.768  6.318 
 9.452  7.315 13.713 10.596  7.161  9.402  9.266  6.860  6.755  7.783  8.990 
 9.048  7.450  6.917 13.517  6.934  7.373  4.008  6.788  6.935 14.548  9.853 
11.558  7.664 10.558  8.715  6.554  3.427  6.653  7.286 13.994  9.524  8.094 
19.255 16.565  2.357  6.541  7.369  4.620 10.240  7.829 10.807 10.289 10.814 
 8.846  7.760  8.301  7.315 14.338  8.395  8.127  5.089  8.782 10.891  5.431 
 9.095  6.024  3.604 13.964 12.289 11.699  9.964  3.347  7.551  4.787  8.858 
 7.868  1.621  9.323  9.610 -0.951  9.807 10.413 12.665 10.451  9.431 15.407 
 4.175 10.200 12.738  7.310  8.155  8.840  1.643  6.011  9.610  8.616  6.298 
 8.744  7.768 10.599  5.975  8.445  5.043  8.615 12.644 12.182 11.245  5.921 
 8.331 11.052  5.183 11.197 12.788  7.286  7.469  3.670 12.254  6.621  9.720 
11.362  9.682  8.432  8.371  8.558  8.629  7.044  5.250  9.232  9.969 10.580 
 7.772 17.018  5.274 16.086 11.753 12.893  6.703 10.544 10.448  5.590 16.974 
12.530 14.981 10.307  6.851 11.461 13.000 12.738  9.014  9.156  7.375 10.744 
14.837  8.704  5.412  5.534  4.583 11.540  6.493  8.327 11.149  7.291  8.935 
14.652 12.314  6.382  7.213  7.605  9.274  2.261  3.852  4.487 10.810  6.321 
12.080 13.550 13.145 10.887  5.005  4.494  3.825  5.344 11.824  3.958  8.062 
14.720 10.263  4.718  5.930  2.759  4.132  5.321  1.669  5.375 10.861  3.048 
13.292  8.284  3.861  6.316  5.731  7.575  6.793  8.889 11.650 15.822  2.985 
 9.044 11.403  5.925  8.226  4.337 12.748  6.385  7.144  5.781 18.816 11.372 
10.227  9.797  9.627 10.834 10.198  3.018  5.502  4.821  4.949  6.596  8.141 
11.645 16.370  7.786  2.587  8.438  2.208  8.811 -2.131  2.674 10.949 10.548 
 7.372  4.918  3.219  9.435  8.620  7.705 10.541  5.301  6.133  8.377 11.524 
14.434  6.203  7.961  5.655  9.340  5.237  8.274  4.591  7.783  9.816  5.945 
13.288  8.041  5.472  4.979  6.021  3.034  9.123  7.902  4.146  9.715  6.778 
14.499  6.278  9.446  6.895  6.486  4.038  5.865  5.953  6.101 12.931 11.600 
12.515  3.905 11.004  5.308  8.298  4.532  4.334  6.332  9.834  3.648  9.518 
13.071  6.038  8.044 10.928  5.930  6.465 11.274  7.480 11.824 12.055 12.006 
14.182  8.706 11.766  8.517  2.229 11.795  5.129  5.619 13.751  8.486 12.209 
 8.350  8.358  5.161  8.055  5.988  6.641 11.631  3.098  8.553 14.487 10.659 
 8.697 12.304 12.193  6.574  5.328  6.540  9.697  8.250  7.595 10.505  5.410 
11.903 15.253  6.535  7.366  9.392  1.877  7.757  5.750  5.813  4.705  7.533 
15.494  8.480  4.106  6.380  9.724  9.574  9.936  3.621  9.275  7.491 10.724 
 8.659 13.990  8.073  8.488  6.845  6.891  6.026  7.366  8.576 13.281 11.902 
 6.601 11.962  0.598 11.583  6.268  6.318  2.131  9.082  3.717  2.866 10.897 
10.779 12.623  8.819 13.173  7.607 12.594 10.142 12.465  4.396 14.741 12.606 
10.464  7.600  8.018  6.454  8.218  8.515  6.611  7.957  9.492 10.897  9.133 
13.145  8.681  7.151  5.346  7.046  4.079  5.143 11.898  8.885  5.415  6.172 
 8.667  8.785  4.245  8.005  8.541  4.303 10.253  6.987 13.818  7.628 13.443 
 6.459 10.564  5.210 11.427 16.618  1.372  8.866 12.763  6.421  8.808 17.904 
 6.041  8.990  7.440 10.263  4.706  5.872 13.852  7.187 15.911  9.988  6.418 
 5.910  3.606 12.668  8.846  6.894  9.740  8.036 10.688  9.462  9.606 14.959 
 3.957  9.404  9.722  2.509  4.095  8.146  5.724  1.919  3.890  4.748 13.556 
12.817 13.077  5.790  3.775  6.552  6.632  1.859  5.740  8.452 12.029 13.069 
 9.370  9.410  5.320 14.137  9.012  7.265  7.137  2.127 10.578  8.001 13.278 
13.889  9.899  5.208  5.428  9.212  0.738 10.538  8.177  8.892 13.516  5.997 
10.793  6.632  4.907  2.064 10.217  7.372  7.769  8.388  4.437  6.178 18.873 
 4.137  8.898  7.877 12.943  7.070  5.726  6.656  7.607  5.503  6.551  6.678 
12.781 10.422  5.738 13.269  9.718  5.463  3.211  7.223  4.860  6.068  6.499 
13.229  3.928 13.103 10.987  2.145  8.235  5.799  4.959  9.739  9.040 12.633 
 2.005 14.474  1.565 13.392  6.755  7.179  6.072  7.322  8.680  6.226 16.099 
 4.973 12.437 10.575  9.031  5.581  5.993 10.033  6.970  9.191 10.609  5.312 
12.907  7.955  7.412  5.205  8.170  5.925  0.357  8.343 -1.617  7.683  5.957 
18.167 10.951  8.591  7.307 10.414 10.174  5.206  7.971  5.158  8.694  3.538 
14.474  8.263  9.135  7.520 10.174  4.286  8.936  8.312 13.226 10.871 10.993 
 8.802  9.763  7.645  9.483  6.817  6.786 10.021  8.522  9.276  9.251  5.886 
 9.751 11.464 10.719  6.104  1.123  7.849  5.627 12.704  3.815  8.666 14.083 
11.719  7.064  6.030  7.282 12.706  7.020 10.881  2.843  4.563 10.417  5.547 
 5.068  8.160  9.570 12.758 10.937  2.798  8.802 11.833  9.287  2.792 10.913 
15.020  7.066  6.596  1.441  9.438 10.682  7.304  7.507 14.697  9.264 12.084 
11.905  8.314  6.720  9.134 12.101 10.650  6.918 -0.038 11.087  7.748 12.886 
 4.914  4.324  2.283  8.245  5.618 11.106  6.873  9.364  4.007  4.162 10.037 
 9.624  7.317 10.666 10.661 11.977  4.576  7.578  9.985 12.630 10.485 11.079 
10.507  9.539 13.120  6.465  0.633  5.565  6.299  7.822  8.736  8.800  7.811 
15.934 11.341  5.882  7.922  7.086  8.148  9.548  2.633  8.296 12.789  8.616 
11.675 11.751 14.999  3.784  6.095  8.289  7.837 12.442  8.193 11.987  8.866 
 6.645  9.989  6.738  9.271  5.677 11.390  0.976  9.223  6.058 11.183  7.129 
13.241  8.841  8.689 12.364  3.244 12.516  8.550 10.554  8.424  4.200 10.196 
 5.733  4.801  9.166  9.667  5.878  5.350  7.890 11.917  9.605  9.694 10.773 
 6.243  8.013  7.722  0.096 10.303 12.297  8.398  7.226  9.479  5.470 10.767 
11.766  6.815  6.416  5.458  8.748  9.256  5.966  9.521 14.869  9.634 12.485 
11.289 10.252  4.868  6.133  2.556  0.776  2.430 11.443  6.098  7.004 12.020 
 8.680  2.351  5.183  5.704  9.934  8.781  9.325  8.234  7.891  2.586  7.617 
13.118 13.580 14.259  5.843  8.362  9.654  5.500  5.051  7.352  9.811  9.008 
 7.258 11.200  6.686  4.234 13.920  7.810  6.494  8.528  5.377  6.042 11.129 
14.970 11.524  5.324  5.286 10.920  3.528  9.123  3.474  7.302  1.666  6.861 
11.070 14.147  8.535  8.458  4.861 12.121  3.175  7.231 11.246 10.304  7.364 
11.696  9.694  7.305  4.005  6.812  8.309 10.412  8.486  6.594 12.589 10.703 
 6.995  9.014  8.803  7.983  4.442  9.635  7.379  7.897  7.284  7.393 11.668 
14.929 11.342  5.006  6.408  2.957  8.817 11.034  6.914  5.627 14.454 11.121 
 9.162  9.120 13.843  9.873  9.565  9.064  9.486  5.555  6.825  8.383  9.270 
 8.552  7.467 10.632  6.696  3.300  7.813  0.947 10.855 15.847 14.897 13.215 
11.373  7.367  4.466  5.946 11.861  9.520  2.894 10.845 13.566 12.999 13.462 
14.602  7.800 12.801  2.398  4.896  5.370  9.855  5.976  9.332 12.465  4.327 
 3.562 10.052  6.587 10.421  3.378 11.125  9.193  6.624  6.304  8.163  6.351 
 8.543  5.685  6.440  6.621  4.984  7.036  7.875  4.705  5.651 11.617  7.902 
12.399  5.714  4.384  3.584  8.814  3.072  5.884 10.807  9.269  7.017  8.606 
16.657 11.378  7.669  7.236  3.792  6.952  6.248  2.169  4.054  9.280  8.464 
 6.163 11.743  3.973  6.371  6.939 11.233  7.201  8.516  5.059  4.484 16.814 
 6.058  6.280  3.879  5.648  5.218  4.042 11.787  9.166  5.039 14.265 12.512 
 7.686  3.933  8.457  8.275  4.686  9.583 10.413  8.891  2.222  3.290 15.113 
11.168  7.950 11.459  7.576  4.536 11.033  9.844 12.901  8.405 10.998 16.050 
11.609 11.216  4.069  7.619  8.199 11.185  6.928  8.879  9.988  3.457  4.753 
 7.203  7.377  7.552  6.970 10.583 10.769  9.914  8.624  7.297 13.191 10.574 
10.609  6.966  8.003  3.517  2.450  6.702  9.722  4.825  6.099  7.559 13.174 
 8.778 13.155  5.779 10.090  3.613  4.848  8.225  8.840  8.779  8.371  7.464 
11.050  8.630  6.225  6.115  4.178  1.331 12.323  6.401 11.149  7.423  8.256 
14.576  9.110 14.599  9.062  9.402  5.916 10.253  6.351  3.220  7.116  8.607 
10.814  8.466 11.173  7.465  8.336 13.809  3.557  9.203 10.234 10.716  6.762 
11.960  5.237  6.016  2.384 13.189  6.380  1.146  2.752 12.290  8.002  8.732 
12.336 10.717  6.486  9.027  8.859  6.095 11.962  9.177  7.192  8.001 11.322 
 8.913  7.565  6.778  5.659 -0.195 10.199  6.032  2.997 12.533 10.653  8.724 
11.300  7.990  9.462  8.073  7.787  4.322  8.286  8.426  9.758  8.162 11.564 
13.400  9.221  5.800  6.248  4.090  6.194  5.400 13.415  6.809  8.713  8.833 
11.452  2.031  7.148  9.943  7.994  6.856  2.688  5.906  5.324  8.565  9.369 
11.271  8.890 11.780  8.481  9.288  7.786  8.412  3.956 15.827  5.099  3.359 
 9.471 10.705 11.032  6.387 10.570  7.230 11.844  3.037  7.977  7.046 13.279 
 7.390  7.330  8.019  9.684 11.766  5.858 12.271  4.219  4.704  5.213 12.364 
 8.249 12.199 10.586  9.322  9.097 12.161  1.853 10.095  3.397  6.377  4.253 
11.001  3.207 12.112  4.102  6.844  8.509  9.637 11.040  8.936  9.359  8.893 
13.530  8.875  7.960  9.279  6.774  6.260 11.552  4.752  9.347  0.599  8.189 
14.603 11.284  4.825  3.824  9.900 -1.003  9.378  7.526  2.775  8.119 10.364 
 8.446 11.429  8.292  4.452  2.560 12.387  3.379  6.160  9.709  6.497 13.118 
12.007 12.050  7.518  6.727  0.405  9.472 13.664  7.598  9.619 11.207  8.365 
13.852  9.379 10.461  7.401  5.341  5.308  2.679 -0.648  9.351 10.406  8.486 
13.736  1.435 12.710  8.253  7.051  0.215 12.001  8.992 10.707 13.453 10.542 
10.242 12.325 12.452  5.402 10.143  6.573 13.874  9.198 14.796  5.596 15.852 
 9.043  4.689  3.370  9.463 14.218 12.298  8.308  6.836 13.526 10.015 10.279 
10.149 11.877 18.341  9.487  4.230 10.183  4.532  7.399  5.822 11.614 11.051 
 8.958  8.146 10.434  8.236  9.679 11.036  9.442  9.746 10.066  8.625  5.825 
18.917  7.268  5.537  7.663  9.486 11.929  9.641  9.934  7.574  6.173 10.822 
12.743 10.463 10.328 10.222  7.597  6.809  8.387  9.504  7.749 11.006  7.326 
 6.420  9.656  7.502  8.647  5.438  8.633  2.459  8.287  6.043  7.263 12.158 
11.073  8.600  7.561  6.733  2.538  8.240  4.969 11.338  6.737 10.157  3.419 
10.473  8.396  8.752 10.146  8.079  9.331  5.697  9.213  6.659  3.508 13.449 
12.287  7.778 10.440  4.638  8.617  9.067  2.841  7.438  8.821  7.792 10.633 
 8.385  6.848  6.534  4.951 10.875  6.017  4.052  4.833  8.521  3.509 12.638 
 9.019  7.125  9.982  5.184  8.652  4.648  2.495  3.899  7.092 10.804  0.567 
 9.934  8.878  6.538  5.793  9.266  5.964  6.275  8.003  8.838  6.680 11.488 
12.637 13.266  5.879  6.183  7.274  3.984  7.576  6.280  6.166  3.635  5.277 
 8.554 11.465  5.937  5.633 10.577 10.033  7.972  7.108 10.277  6.963  8.320 
13.205 -0.220  6.335  2.207  6.605  5.717  9.073  8.871  7.962  5.363  9.489 
18.187  3.532  9.482  5.508 10.158  8.396 13.567 10.041 13.597  6.966 12.364 
 8.446 14.442  4.465  8.568  9.048  5.176  7.549  6.488  8.254  9.136  8.554 
10.783  2.675  4.649  7.630  6.948  8.497  9.128  9.180 11.212  5.344 10.711 
 8.695  8.038 10.328  3.110  9.610 13.752  8.473  2.716 10.851  9.283 10.013 
12.772  7.970  9.575 10.196  6.428  6.801  7.378  9.660  8.071  6.065  9.390 
13.666 11.023  8.400  7.017 13.037  7.824  7.227 10.465  7.109  9.605 10.106 
12.212  7.941  6.667  7.740  5.992  4.936 10.569  6.350  7.449  9.465 10.223 
 9.495 10.830  6.980  2.975  5.092  9.714  3.751  2.123  6.492  6.302 11.090 
16.603  8.909 11.345  4.424  9.569 11.482  7.119 11.249 11.839  8.110 12.894 
 9.948  8.028  4.661  6.588  5.294  2.778  9.470  7.312  0.382  8.598  7.755 
10.598  9.481  3.872 14.481  8.935  4.024 11.501  4.926 10.299 12.933 12.601 
 5.834 13.260  9.093  3.001  8.933  3.515  6.340  5.723  4.565 10.599 15.116 
 9.362  6.744  7.948  4.758 10.348  9.424  9.247 11.244  8.575 13.675  6.810 
10.555  4.012  8.924  8.910  8.148  9.039  7.786  7.986  5.411 13.561  7.822 
12.476  7.837  5.778 10.029  7.154  2.439  6.859  8.068  8.092  9.181 10.904 
 7.595  8.902  9.294 10.810  0.363  7.902 12.077  7.427  8.910 12.048 11.591 
 7.926 10.803  2.579 11.685 10.212  5.110  4.858  9.787  4.784 13.324 12.963 
 6.057  7.951 12.370  7.163  6.228  7.672  6.459  9.785  9.331  8.719 13.119 
 5.511  7.111  8.329  3.346  1.869 10.929  4.093  8.233 15.530  9.810  6.822 
 7.233  6.967  6.187  5.857 10.868  7.824  6.826  6.134  3.985 10.548 12.482 
 7.578 11.996  6.794  9.534  4.741  6.090  5.484  6.469 10.326 12.624  8.242 
11.069 11.043  6.320 10.468  4.575  4.519  5.202  1.619 12.065 11.810  9.997 
10.516 10.241  4.241  4.597 10.791  7.060  5.969  8.581  6.451  9.186 10.306 
10.976  5.914  7.994  1.131  8.817  8.154 10.255  7.888 14.272 10.043 11.926 
 8.993 12.514  6.433  8.266  5.081  9.178 11.829  9.784 10.193  3.044  9.673 
13.265  8.533  7.113 10.140  7.079  5.021  9.435  4.045  8.236  7.392  8.113 
11.296 12.611 15.561 12.633  6.182  9.732  9.866 10.532  8.097 10.833  4.466 
13.008  8.462 13.484  1.126 12.335  6.200  6.343 12.380  3.498  6.398  5.921 
10.785 10.661  3.910  9.517  7.974  0.926  8.853 16.069 10.040  9.690 11.310 
15.695  6.358 10.939  6.487  7.987  7.656  7.546  6.554 12.555  7.101 14.147 
12.781 11.861  4.725  2.638  7.824  3.551  9.732  7.375  9.037 11.646 10.717 
14.092  8.152  9.889  5.605  6.885 12.568  1.771  9.858  9.036  7.115 11.626 
 8.165 10.374  6.443  0.227  5.094  2.741 14.239 11.187  8.568 13.570  7.312 
 9.512 10.782  7.580  8.960  8.034  3.052  3.849  4.376  5.408  5.381  7.233 
 8.701 10.608  2.629  6.483  2.442  3.258  7.787 15.947  6.627 13.730  8.675 
12.312  3.497  9.134  8.115  6.449  2.720  5.751  3.519  5.872  9.341  5.184 
 7.823 14.555  0.539  8.191 10.442  6.511  9.393  7.305  8.495 10.042  6.049 
12.003 13.476 12.061  9.409  6.223  4.981  5.023  3.997  5.095  5.909 10.333 
12.256 12.886 10.705  8.607 11.148  8.341  5.972  7.805  2.853  5.239 10.645 
10.159  4.937  6.168  3.023 10.920  4.255  9.913  7.311  6.871 11.920  8.574 
11.202 12.590  3.997  7.672  8.657  8.382  6.616  8.460  5.639 12.282  8.987 
12.746 11.272 14.531 12.465  8.856  8.993  4.915  8.326 11.570  7.662  9.598 
10.239 14.500 15.054 11.315 10.776  7.434 11.977  3.567  8.006  5.089  9.088 
13.465  5.415 12.910  3.507  3.769 11.760  6.981  9.916  5.459 14.237  7.977 
 5.006 11.233  1.574  8.766  1.281 12.591  9.258  7.344  7.485  4.578 12.533 
15.841  6.938  3.769  2.057  8.862  3.102  2.059  3.241  9.600  8.284 10.543 
14.134  5.530  6.122  7.444 10.802 10.022  5.392  5.891  8.261 11.230  8.647 
13.899  8.911  6.627  3.671  7.750  8.211  8.447  9.199  5.334  7.448  8.451 
 7.078  9.135  6.601  7.157 10.875  8.448  6.078 10.320  4.699  6.176  6.863 
 5.578 11.543  5.195  7.332  9.724  7.569  5.105  7.739  8.571 14.185 13.321 
 7.771 12.456  5.322 11.058  7.889  4.536 10.646  0.954  6.206  9.533  6.107 
11.563  9.798 11.472  6.081  3.892 10.399  6.633  3.837 11.055 10.935  9.074 
 9.985 12.550 10.927  3.847  4.476  4.558  9.987  6.731 10.101 11.093  3.350 
10.507  5.706  7.478  3.726 10.008  5.172  9.816  7.980  8.061 11.161  5.827 
 9.695  7.964  5.688 12.430 11.989  9.748  4.112  5.562 11.180 14.713  8.276 
 5.857  9.539  7.948  7.027  7.408 -0.490 10.365  5.465 10.744 10.702 15.990 
11.645  8.584  5.511  2.878  6.829  0.500  4.165  7.481 10.430  5.271  1.185 
 7.551  3.143  7.702  8.987  3.252  2.978  5.479  9.071  8.184  4.147 11.803 
10.663  9.048  8.123  6.597  6.989 12.838  6.072  7.885  7.419 10.645 13.433 
11.896 11.387  0.446  5.900  8.747 -2.018  1.421 11.174 12.627 12.914 11.370 
 8.268  6.955  8.747 10.582  6.862  7.064  7.391  9.801 11.769  9.250 16.693 
10.895  8.668  6.982  8.302  8.000  6.943  6.642  3.908  6.043  5.259  7.175 
 3.685 13.933  9.426  6.529  8.207  0.580  9.427  6.992 10.529 12.264 10.618 
12.795  7.947  9.786  8.175  5.482 -0.374  8.104  5.109  7.981  6.379 10.981 
 5.630  6.609  9.916  8.601  4.461  7.683 11.877 11.149  5.545  8.979  8.938 
 9.864  9.454  2.191  3.134  6.435  3.226 17.241  8.151  6.948  9.916 13.102 
14.986  8.852  8.291 10.282  5.341 10.654  1.503 12.355  0.294 11.500  6.547 
13.336  7.350  9.558 12.763  5.770  8.546  5.438 11.443  7.512 12.016  8.749 
11.109 14.294  6.472  8.678  8.970  9.488  9.205  7.221  8.622 16.024 12.662 
12.260  7.064  9.855  3.641  7.260  2.542  7.909  2.265  4.275 11.984  4.378 
19.541 12.815  2.471 11.195  5.136 11.022  9.630 11.185  2.689 11.810  8.048 
 6.662 14.569  7.518  5.926  3.810  0.815  9.728 14.010  6.498  6.415  6.722 
 6.531 12.405  9.360  4.212  9.960  5.598  6.411  0.643 10.334  7.338  5.990 
10.955 12.419  8.071  5.476  9.488  6.791  2.927  5.576 10.103 10.052  4.681 
 6.493  7.453  7.082 11.891  2.420  4.700  3.506  7.647  7.104  4.646  8.551 
10.291 10.811  9.654 10.024  3.809  7.105 10.212  4.176  4.650  8.171 12.965 
 6.242  1.520  1.278  7.966 14.624 11.991  4.117  6.597  8.573  9.432  7.123 
 9.095 12.687  4.759  9.000  7.539  4.434  7.176  5.771  4.443  6.714 13.715 
-0.936 12.360 11.553  2.291  6.690  8.333 10.192  6.890  8.220  9.788  7.304 
11.030 10.871  9.834  9.054  8.113  5.994  7.561  5.584 10.724  7.188 10.868 
 3.655  8.567  8.770 12.196  8.611  2.874 10.867  6.217  9.705  5.385 12.530 
11.667 12.956  7.874  5.100  6.564  7.918  6.958 12.853  5.577  8.569 10.566 
 9.997  4.769  6.152  7.296  0.186 12.100  5.580  9.691  7.427  6.033  7.691 
11.394 16.103  6.032  9.199  9.726  5.935  9.646 11.475  8.120  5.853 12.850 
 6.537 10.004  7.539  8.953  7.822  1.320  4.385  6.455 12.786  5.683  8.440 
14.941  7.360  8.707  5.505  9.239  7.164  9.304  7.598  9.427  8.108 12.406 
15.576  5.627  8.138  8.743  0.234  5.913  9.438 14.167  5.194  6.930 12.312 
 9.930  5.519 12.935  9.998  5.531  8.768  6.045  7.285  8.051 10.226 12.890 
 9.385  8.171 11.021  7.112  4.772 12.728 11.011 10.731  3.433 17.935  5.533 
10.223 10.391  3.463  2.326  8.112  2.183  1.522 -1.261  3.794  8.471 12.734 
11.869 10.111  3.896  6.589  7.941 10.059  6.069 10.968  6.736 12.227 10.035 
10.741  7.735  5.661 10.742 12.073  4.582 10.982 -0.354 12.786 10.072 11.890 
 9.703 15.341  7.042  5.106  6.377  8.909  5.334  9.628 15.325 11.810  7.558 
12.301  8.515 14.261  9.540 10.656  0.650  6.298  3.380  9.052  1.084  8.628 
 8.287 13.706  8.607  8.756  6.123  4.136  8.262  4.907  7.953 10.439 12.204 
11.240  9.016 16.674 15.378  1.755 11.653  8.839  5.679  8.435  7.968  7.546 
 6.149  7.456 10.917  8.165  1.333  9.550  6.330 13.724  5.344  9.982 11.411 
11.544 13.551  7.694  9.001  7.660  4.318  6.635  3.870  8.892  8.035 12.347 
12.247  8.776  5.889  9.663  6.116  9.358  3.398  5.363  8.451 15.320  9.383 
14.554  8.421  8.054  6.742  5.181  2.705  6.678  3.925  7.016 10.582  8.589 
 8.239 18.923 10.816 13.883  6.300  6.315  4.492  9.954  9.819  9.775 11.614 
 5.876  5.434  6.504  7.552  5.817  8.779  1.521  4.313  4.280  3.138  8.481 
 5.380  0.574  3.032  4.328  6.780  8.485  8.271  5.916  8.146  5.555  9.317 
11.342 12.731  7.326  8.282  2.783  5.969  4.543  7.980  3.107  8.386  8.891 
 3.987  8.214  9.731  8.703  7.399 14.470  6.741  4.458 14.472  6.843  4.087 
14.173  6.231 11.533  9.866  6.515  2.169 12.436  5.104  5.674 12.015  4.680 
 7.121  9.107 13.470  6.479  6.497  9.277  6.622  4.303 13.664 12.212  8.171 
12.006  7.603  1.539  8.209  5.348  7.235  4.667  9.196  9.165  6.728  8.606 
12.083  7.303  6.904 11.182  3.214  4.429  7.555  7.995  6.651 10.778 18.172 
 8.441 17.986 11.769 10.242  8.166  3.919  4.678  5.279  8.624  7.608  7.714 
10.951  6.821  4.873 12.303  7.780  8.470  7.788 11.886  3.896 10.289  8.160 
 5.515  8.650  7.175  9.040  8.149  8.329  7.036  2.490  6.739 11.748  7.276 
 4.147 12.549  7.835  8.466  9.935  7.228  9.618 12.001  7.171  5.997 14.897 
11.142 12.197  1.588  6.976  6.930  6.460  2.061  8.206  8.795  5.673  8.280 
 6.451  8.923  3.491 10.795  4.802  1.976  5.276  3.344  9.327 10.006 10.050 
 9.663  4.766  5.196  6.298 10.359 16.190  6.411  7.564 10.375 11.863 11.983 
 6.866  8.360 12.785 13.133  9.508 10.492 10.260  7.399  5.270  1.998 12.459 
15.384  6.450  7.737  8.877  3.491  4.680  8.235  7.785  9.547  5.948 10.254 
 8.464  5.561  8.031  7.940  9.271  3.290  7.801  6.375  7.144  3.307 10.063 
12.457  8.417  9.444  6.663  7.314  9.572  9.552  5.651  6.563 10.720  9.477 
 8.318  8.115 10.104  5.794 12.671  7.488  7.988  9.602  6.559 10.518  7.860 
13.936 10.247  4.898  7.043  9.565 13.351  9.130  8.333  8.270  4.185  2.066 
 7.296 10.490 11.861 10.553 12.217  7.145  8.598  3.990  6.871  7.938 11.016 
11.174  9.138 11.677 11.330  8.198  8.082 13.652 11.110 10.413 10.023 10.039 
 8.410  7.111 13.424  7.152  5.110  6.540 10.777 10.501 14.202  5.633  9.374 
 4.085  7.130  2.976  9.437  7.276  8.405 11.112  7.441  5.538 14.110 10.449 
13.087 10.309  4.940  9.522  6.457 11.898  8.265  1.786  7.050  9.232  9.050 
10.239  8.647 10.605  4.634  7.044  2.063  6.733  4.722  7.741  8.482 10.122 
 4.031 11.934  1.395  1.381  5.156 -0.972  1.580  7.273  6.621 14.607 12.417 
 6.640  6.697 11.557  7.793 11.091  7.404  9.823  6.604  6.564 13.170  7.877 
 8.013 12.316  5.923  6.006  7.561 11.365  9.551  2.023  5.464  7.377 10.619 
10.894  3.851  2.915  9.299 11.530 -0.043  7.898  8.641  8.280 10.109 15.202 
14.246  8.903  7.557 12.023 12.771  9.144  5.474  9.119 13.870  9.196 12.557 
 9.776  8.256  5.407  9.902  6.465  3.740  3.021  8.654  1.476  9.217  4.594 
10.947  7.853 10.780  5.663  8.071  7.125  8.570  9.809  4.932 10.563 10.808 
 8.709  7.714  5.714  7.992  4.059  8.152  9.407  4.551  4.362  5.843 10.738 
15.240 10.197 13.230  7.671 10.834  3.931  6.221 13.371  9.259  6.016 10.248 
14.666  8.302  3.112 13.388  7.078 11.960  7.391  7.946  9.093  4.830 12.448 
 7.441  9.282  4.263  7.293  6.174 11.322  7.487  6.372  7.750  8.424  7.386 
10.833  5.876  7.549  3.169 10.901  6.788  8.952  7.049  5.635 15.435  8.995 
11.020  6.541 12.102 14.490  5.795  9.066  8.744  6.134  6.400  7.156 11.618 
12.499 13.341  8.615  4.933  2.195  7.432  5.662  7.240  7.070  6.113  7.018 
10.185  5.966 12.427 10.931 13.192  2.044  7.102 13.743  2.973  7.628  8.141 
13.561  6.059  5.430  7.516  7.361  3.235  5.589 11.120  5.819  6.911  7.066 
 5.509 10.879  8.235 10.330  7.826  8.341  7.639 14.523  7.503  7.855 15.469 
 7.867 11.829  6.034  4.801 13.149  7.004  3.510  6.378  7.348  3.086 10.883 
 3.738  5.394  7.175  9.177  7.149 10.385  9.327 -1.297  6.437 14.559 10.438 
 9.914  6.327  8.699  2.895 10.061 13.599  9.766  9.549  6.407  6.207  7.522 
11.180 10.426 12.366  8.381 10.095  2.383  5.834  6.403  9.732  9.858 15.300 
 8.561  7.429 15.550  4.861  4.439  9.690  4.409 12.509 11.334  9.117  7.450 
14.756 13.115  6.169 10.039  9.078 11.350  4.285  7.840  6.291 12.319  5.824 
12.498  8.215  7.418  5.751  1.788  6.115  7.230  8.226  5.788 10.117  7.668 
 9.155 14.427 15.923  9.231  8.046  7.100  7.054  6.961 10.999 14.217 12.848 
11.568 12.868  6.804  9.625  6.983  7.775  5.747  1.955  8.585  5.590  7.264 
 6.080  4.335 10.928  4.483  7.684  6.522 11.795  2.512  8.391  6.829  6.314 
 6.442  5.784  6.910  8.378  6.493  7.688  6.332  5.121 10.805 12.730  8.302 
 5.744  4.461  7.702 12.516  9.300  3.211 17.615  7.715  9.054  8.514  9.454 
11.019  8.648  9.111  4.464 11.819  4.320 10.434 13.209 12.590 10.820 10.878 
11.948  9.391 12.307  8.467 10.878  6.001  7.658 11.617  9.825  5.463  9.262 
 5.995  6.570 10.449  8.522  1.657  7.291 10.753  5.888 12.030  8.691  6.916 
 7.813 15.445 10.390  7.053  6.904  7.119  1.657 10.563  8.880  9.159 15.640 
10.079 13.897 10.856  7.493  7.484  8.959  4.413  8.398  6.267  6.007 10.626 
14.462 11.701 10.213  2.403 10.861  9.460  9.068  6.674  8.764  5.769  7.140 
 8.327 10.502  5.723  8.639  6.102 11.284  6.339  7.249  8.495  7.271  9.545 
12.362  8.422  8.661  3.088  4.807  7.291 14.601 10.051  2.383  5.501 10.695 
 9.824 11.765  8.609 10.388  5.499  3.854  5.419  4.978  8.217  8.280  9.205 
10.591 11.915  3.374  9.124 11.059 12.054  8.270  9.590 12.836 14.535  9.163 
 5.145 10.506  6.114  4.978 13.477  3.319  8.009  2.529  7.101  9.071  9.626 
 8.649 12.288 -0.548  9.377  3.209  9.343  8.985  7.252  8.032  5.844  8.459 
 8.554 11.361  6.464  5.053  2.381  9.586 11.132  7.245  8.559  2.122 13.526 
 7.910 11.991  7.215  7.343 11.742 14.343  7.384  6.437 13.323  6.510  8.060 
 5.099 10.366 11.552  2.213  3.284  8.620  9.517 12.499 11.506  6.589  9.572 
 5.236 10.336  7.059  6.867 11.894  2.332 10.844  7.978  4.534 13.132  8.146 
12.175 10.416 12.017  4.684  1.754  8.995  3.541  7.045  2.923 14.881 10.318 
 9.679  3.506  7.594  5.893  7.098 13.178 11.799  7.415  9.577  9.115  8.780 
15.364  6.757 10.101 11.760  7.864  4.097 -1.122  8.632  7.160 10.703 11.587 
 9.632  7.226  6.826  2.857  6.259  5.220 -1.320  9.991  7.495 11.491  7.110 
14.221 12.388 12.462 10.345  6.924  6.610  6.068  7.307  9.705 13.872  9.118 
 8.484  7.825  8.582 10.353  8.448  4.915  7.863  9.069  3.666 10.305  9.181 
12.032  7.548  0.622 12.578  6.965  6.201  8.847  1.353 10.047  8.955  8.993 
12.363 12.573  8.378  5.955  7.665  3.722  0.971  6.083  7.724 12.849 10.441 
 9.619 10.227  8.692  5.679  5.229  4.389  6.176  6.672  7.127  8.256 13.639 
 8.794  9.405 10.564 12.610  4.382 10.534  6.769  8.170 10.731  6.236  9.975 
 7.006  7.375  6.268  1.966 12.535  8.132  7.748  6.639  9.211  9.674 10.129 
 6.704  7.833 10.200  7.370  3.101  1.474  5.014  4.590  4.629  5.984  7.590 
10.360 12.708  9.445 13.915  5.262  5.431  6.791  6.603  9.408  9.659  9.622 
 7.594  4.865  7.847  5.147  4.265  7.285  6.897  8.209  4.957  5.397  7.779 
 6.556  8.487 11.453  8.446  8.995  5.628 -1.774  8.783  9.347  5.052 14.652 
 9.337 10.791  8.408  5.845 14.292  5.913  4.725 13.919  8.471  9.344  7.534 
10.790  4.328  7.472  5.319  6.808  6.973 11.387  9.343  9.123  9.048  6.399 
13.515 11.146  9.094  6.759  8.547  9.706  6.170  9.313 10.605 13.456 11.188 
10.756 13.030  7.789  5.214  8.593  9.557 10.350 10.026  9.905  4.963  8.517 
 5.264 10.136  5.949  7.458  5.349  8.548  3.861  7.169  9.247 10.860  8.774 
10.750 11.597  8.560  9.510 13.752  8.202 14.272  1.535  6.585 12.178  7.035 
 7.967 12.789 11.248  6.023  4.943  6.042 11.287  7.064 12.254  5.683  9.095 
12.403  8.650 11.909 10.506 12.514  5.748 14.491 10.508 10.632  4.264 10.136 
 5.776 10.215  1.673  8.306  7.263  9.047  6.680  3.660 10.515  7.791  7.851 
 9.427  9.670  5.535  7.669  1.038  6.889 -1.086  5.002 10.146 11.869  9.415 
14.806  8.895 11.939 11.390 -1.399  2.903  9.789  8.703  9.056  1.762 11.881 
11.397 11.652  7.550  7.498  9.013  6.090  7.108  6.431  7.996  8.156 11.548 
 7.164 11.447  8.871  6.250  4.547  7.653  6.562  5.092  6.261  9.939 11.105 
10.000  5.073  8.859  2.754  8.729  3.876  6.006  6.157  9.015 10.754  5.189 
11.733  4.803 12.431  6.021 10.401 12.823  4.725  1.969 11.091 12.553  5.425 
12.578  6.962  4.411  6.774  6.353  5.120  9.640  5.342  4.812 12.104  9.256 
15.638 11.291  9.495  7.224  4.112  9.886  8.645  3.861  4.265 11.387  4.930 
10.999  7.364  9.063  8.633  2.920  7.732  2.573  4.970  6.254 10.928  9.243 
11.831  3.945  9.715 10.880  1.535  6.487  9.383  7.907 10.226 11.791 10.116 
 9.806 14.277  4.849 11.088  6.955 10.467  3.386  9.613  9.167  2.385  5.004 
 9.253 10.094  9.624 10.230  6.394  7.957  6.320  7.159  9.854  8.379  8.441 
12.239 12.051  2.787  5.262  1.605  6.357 10.913  2.037 19.681 11.577  6.233 
14.544  7.490  6.701 10.726  2.249  7.210  5.996  8.903  4.339  3.331 13.161 
11.972 11.877  4.600  9.361 10.027  4.605  6.539  3.257  8.525  7.540 13.581 
10.880 11.764  3.803  6.241 10.707  3.786  7.830  8.144  7.772 18.006 15.596 
 6.806  9.034  6.341  4.892  8.440  8.202  5.154  2.522  8.098 13.430 11.364 
12.439 11.027  6.936  3.831  9.469  8.305  4.679  6.274  5.095  9.901 11.825 
14.947  8.272  5.400 16.778  2.538 13.828  6.615  9.133 17.456 14.744  9.471 
10.210  3.941  5.175  6.603  6.150  7.711  5.818  9.979 12.076 10.228  8.312 
15.028  7.331  9.550 12.831  7.539  3.719  2.684  7.033  7.315 11.157  7.239 
 6.327  9.107  8.714  6.898  5.247 -0.624  9.058  7.030  6.478  8.130  2.182 
12.606  3.934  6.391 12.990  0.750  2.331  8.018  6.562  7.632 19.962  6.463 
 4.938  6.727  7.070  4.112  8.963  4.961  6.376  3.679  6.050  4.966 10.570 
 7.225  5.177  9.435  9.277  9.307  6.833 14.383  7.815 11.076 13.219  3.090 
 8.485 11.214  6.245  8.513  8.533  3.179  6.537  4.758  6.465  9.995 12.475 
11.988 10.611  9.657  3.923  0.487  6.805  6.035 13.458 17.530  1.902 12.224 
 9.152  7.876 12.686  7.648  5.884  5.178  6.968 12.183  8.020 13.056 13.829 
 6.146 11.289  8.207  0.973  9.471 13.282  7.738  9.986  6.136  6.532  9.429 
 5.043 10.215  8.172  6.997  7.147  4.141  8.387 13.279  7.669 10.179  9.141 
 8.854  6.942 11.478  5.718  7.990  8.377  6.575  5.748 11.333  9.996  8.290 
11.418  7.644  4.363  7.293  2.083  8.566  4.507  5.663  7.530 10.464 13.946 
12.957  5.339  6.947  5.431 10.962  4.247  6.316 13.963  6.062 14.025 10.640 
12.485  6.238  5.807 -3.833  9.507  9.612  6.279  6.442 10.804  0.446  8.989 
12.063 10.226 13.750 12.781 10.897  5.728  8.374  9.171  9.537  8.770  5.613 
 6.923  8.302 13.577 13.441 14.152  3.621  2.778  2.658  9.380  7.715  8.741 
 8.619  2.780  6.634 11.031  0.091 10.453  4.027  4.228  1.431  7.662  5.992 
11.818 15.542 10.403 11.231  9.379 10.499  4.257  9.950 14.086 10.800  9.743 
12.071  8.493 12.376  9.983  2.365  9.109  8.476  5.482  3.421 11.135 10.705 
 4.552  5.757  8.590  8.089  7.323 11.529  3.333  8.064  7.970  7.628  8.737 
 2.230 11.028 10.266 10.217 12.331  8.965  5.730 11.323  2.747 10.593  4.080 
 9.730  4.094  4.575  8.089  9.309  7.237  5.352  3.946  8.732  9.381  8.959 
13.005  3.691 10.867  6.459  8.279  8.364  9.983  6.172  6.857 10.998 10.825 
 9.999  6.139  3.860  5.064  7.780  4.061  8.202  9.117  7.452 15.560 10.878 
 9.400  7.956  9.347  9.693 11.035 11.556 12.585 11.849  7.956 13.228 10.839 
13.306  8.978 13.136  6.420  6.955  6.773  4.017  6.459 11.546 11.195 10.226 
 5.696  9.629  9.958  7.443 11.370 10.141  7.911 10.601 11.977 15.650  9.365 
 9.158 12.229  6.400 12.348  0.984 11.048  9.340  7.180  9.724  3.929 12.274 
11.108  6.005 10.747 16.539  7.994 -0.954  6.142  9.654  9.163  9.178 14.770 
10.756  6.642  7.511 11.009 13.054  6.254  4.778  9.377  5.289  8.505  6.535 
10.391 10.807  3.782  9.170 11.614  6.519  1.321  6.840  8.474 11.565 16.972 
 9.353 10.048  9.743  8.085 11.533  9.176  3.602  9.322  7.810 11.351 11.755 
11.484  0.900 16.612  6.263  9.354 10.615  3.620 14.341 13.375  9.849 13.654 
 4.791 12.629 13.427  8.322  4.404  7.880  5.363  3.537  7.408 13.462  6.978 
11.897  9.184  6.478 -0.208 12.110  8.532  6.934  8.473  3.674 14.543  8.871 
10.896  5.902  6.699  2.765  3.923  7.900 11.254  4.518  8.614 11.462  8.676 
14.021 12.974  5.914  6.117  9.000  7.114  7.790  7.845 10.552 11.842 10.743 
 4.901  9.144  9.606  7.280  5.683 12.719 10.411  9.253 11.160 11.455 12.071 
 6.432  6.065  7.363  8.365 10.358 11.599  4.473  5.565 -0.139 15.340  6.921 
10.502  7.049  9.600 12.343  7.880  9.864 -0.870  6.003  3.360  6.053  9.573 
11.355  5.987  9.898  8.932  2.610  6.860  4.190  8.418  4.894  8.349 20.375 
14.171  8.431  9.734 10.384  6.620  7.587 12.155  8.548 10.818  8.639  4.104 
11.021  9.844  5.059  2.481  4.184  4.490 12.965  8.758  9.254 13.860  7.105 
 2.490  8.722  8.914  4.383  6.803 12.357  5.455  7.879  8.148  9.955 10.187 
14.691  0.465  7.083  7.507  7.949  6.082 10.743  4.872  5.183  9.470 11.699 
12.770  6.220 11.728  7.563  7.305  8.471 11.896  8.305  5.828  5.136  8.877 
 8.034 11.197  7.717 14.709  5.691  9.591  6.981  4.695  8.128  2.021 11.295 
 9.303  6.140  8.530 11.030 10.602  4.232  8.565  8.618  7.729 10.856 11.084 
 6.475 15.556  0.769  5.762  8.455  4.427  5.771  8.918  4.414  9.276  8.290 
15.622 11.112  8.084 13.471  8.557  9.458  6.049  7.850 10.775 11.359  8.418 
11.381  6.188  8.737 12.560  8.675  1.860  4.965 10.578  2.129 11.631 10.471 
13.384  7.970  5.811  7.178  7.714 13.289  0.443  8.657  9.460 14.814  9.688 
14.691 16.530 10.771  3.174  7.608  4.872 10.214 10.070  5.783 11.638 14.138 
10.097  7.208  5.519  6.678  5.486 10.968  4.523  5.227  8.957 13.693 13.379 
10.545  6.488 17.395  9.031  8.920 10.231  5.538  5.499  2.440  8.366 10.681 
10.555  7.772  5.753  4.638  9.260  6.785  4.802  9.843 11.674 13.350 12.872 
 7.089  8.641  5.811  6.992  4.423 15.072  9.040  2.672 10.412 12.297 12.990 
11.470  6.886  5.815  8.006  9.637  8.495 10.318  4.650 11.325 13.202  9.684 
10.085  6.864 10.408 12.245  5.374  8.594  6.210  8.533  4.974 11.603  8.419 
 9.194  3.714  6.169  2.714 10.364  9.484  7.667  4.547  4.398 10.151 11.244 
 7.814 10.925  4.497  1.204 13.101  6.726  4.591  4.425 10.308  6.463  6.675 
 8.724  3.639 12.457  5.456 10.886 10.412  6.065  7.742  7.301  5.099  8.433 
16.256  3.491  1.543 12.096 10.192  6.145  6.360  7.684 10.822  6.921 10.404 
 8.320 10.966 10.450  5.341  7.261  5.192  5.014 10.858 13.226  9.668 14.047 
 6.943 12.070 14.654  8.637 10.479  9.960  3.240 10.055 -0.566  8.796  9.015 
14.914 11.285 11.019  5.538  6.394 12.762  5.820  8.382  3.317 12.757  4.680 
13.044  3.289  8.144 13.428  9.200 11.386  2.414 11.577 10.790 15.750  6.219 
 4.090 10.534  3.523  5.446  9.597  4.054 10.381  7.510  4.710 13.240  7.394 
10.985  7.664  6.419  8.643  4.776 13.557 10.459 15.797  4.488  1.644 10.743 
10.173  3.021  8.122  6.741 10.704  5.155  8.276  7.507  5.022  8.069 12.380 
 6.480  9.137 11.598 -0.647 -3.594  5.376  2.884  9.906 10.295  6.971 11.440 
10.955 11.662  8.727 11.915  7.496 10.637  8.695  8.505  5.391  7.737  6.793 
 6.410  9.582  6.548 10.470  8.066  3.033  8.832  8.529 11.702 10.932  3.312 
11.014  7.825  2.344  4.782  1.258  9.093  5.867  8.865  0.659 12.583  9.751 
11.891  6.788  5.232  4.135  9.962 10.892 12.032  8.590  7.501 14.227  8.750 
 8.796  6.402 10.323 10.625  6.895  9.489  6.825  7.444  8.841 10.673  8.611 
14.764  8.160  2.776 11.159  7.825  6.910  5.977  6.519  2.476  8.099  7.578 
 9.536  7.137 10.660  8.932  2.356  6.426 -0.210  2.713 12.229  9.002  8.948 
14.335 10.009  8.288  7.996  4.827 11.159  4.763  8.843 10.173  5.215 14.927 
 4.072  9.003  9.750  7.027  3.912  7.605  4.368  5.496  3.745  7.759  6.865 
11.303  6.413 10.506  7.127  6.561  5.548  9.536  9.740  8.096  2.414  9.530 
12.708 13.130  7.579  6.479  9.288  4.637  5.773  7.679 10.554 12.518  9.606 
12.718  8.396  6.942  5.258  8.779  6.807  8.818 14.581 15.816 12.497 14.092 
 8.377  6.315 11.262  8.701  9.106 13.169  6.393  8.204  4.460  8.788  4.644 
 7.576  9.651 11.642 10.217  6.307  3.253 16.504  8.266  6.726 10.550 19.663 
 9.857  5.095  8.774 11.902 -0.642 14.119  5.269  8.664  3.474 14.380  7.420 
15.914  0.518  6.551  8.633  2.016  9.050  8.112  3.760 10.621  7.883  6.511 
 6.631  6.343  7.539  5.897  9.579 16.113  9.872 11.889  9.087  9.726  9.693 
11.682 10.612 11.915  1.558  7.531  7.258  4.760  9.882  9.711 12.725 11.165 
14.383 10.232  7.405  8.399 10.378  3.555  4.702  5.550  9.237  0.407 10.453 
13.206  6.570  4.963  3.885  3.133  6.645  7.984  4.647 15.488  7.804 15.900 
 4.446  5.684 10.059 11.350  4.957  4.502 13.963 13.239  9.943  5.265  7.343 
 4.192 15.235 11.929  9.548 11.449 11.533  6.626  5.729  8.680  5.782  9.819 
 8.412 12.292  3.974 10.572  8.044  1.859  5.038  9.345  5.337  9.659 11.948 
 7.997 12.000 11.656  5.918  6.048  3.596  8.470  6.128  5.083 11.215 15.534 
 9.223 10.958 11.094  7.683  7.125  9.057  9.144  5.391 14.546  5.988  8.174 
11.749 11.375 10.205  4.739  4.060  0.701  7.771  6.273  6.015  7.837  7.822 
 6.814 14.700  8.879  6.349  2.547 10.893 10.671  2.567  6.736 12.521 14.771 
 7.123  6.583  9.812  4.739 10.657  9.164 11.625  7.110 10.011  7.526  8.647 
10.630  8.386 10.161  7.173  6.061  8.142  6.836  4.426  7.478 11.164  8.953 
 8.932  8.359  5.590  8.365  7.656  6.605  6.224  5.085 12.278 10.806 13.654 
13.576 10.605  3.963  9.886  7.739  5.533  8.878  3.248  7.541 12.378  8.999 
11.467 14.017  6.539  8.126 11.216  6.615 11.833 11.482 12.019 12.314 12.031 
11.415  7.985  7.704  8.453  5.311  2.333 11.089  6.234  7.580 10.914  6.812 
12.896  9.827  8.820  8.669  4.554 11.840  8.692  9.672  3.738  7.883  8.602 
 6.083  8.173  7.947  5.120  7.111  4.201  6.289 -0.016  2.653  7.757  7.804 
 8.891  5.219  9.076 11.455 10.236  8.025  6.772  9.054 13.200  9.368 16.004 
 8.822  5.845  8.848  3.145 10.008  6.646  6.126  6.762 12.297  8.426  3.186 
 8.041  8.140  6.184  4.627 12.275  9.150 10.841  5.072 12.050 14.804 12.263 
12.586 10.077  3.980  7.390  8.485  8.741  5.587 15.604 10.655  5.167 14.602 
12.072  9.584  7.877  1.339  3.809  5.682  2.099  0.626  5.151  8.010  8.791 
 8.795  8.727  4.605  7.866  1.244  7.472  3.443  1.931  9.466  9.043  6.875 
 9.375  9.853  8.425  5.800  6.472  6.133  5.843  8.092  6.342  6.126  5.932 
 9.347  8.205  9.694  6.296  9.073  8.748  4.181  4.390  6.626 11.032 14.319 
 6.032 11.996  6.010 10.808  4.186  6.083  8.099  4.749 14.954  7.818  9.301 
11.661  8.771  6.193 11.647 15.004  7.417  4.455 11.050  5.595  8.856  9.824 
 9.197  4.907  7.651  6.336 11.161 11.047  3.951  1.215 10.793 10.909 12.421 
 8.033  8.668 10.913  7.639  7.763  9.837  1.636  4.032 12.994 10.672 12.095 
 8.043 11.077  6.918 14.399  4.600  8.411  6.568  6.473  9.262  4.015 12.052 
 5.611  6.421 14.874  2.795 10.632 10.432 11.294  3.512  9.044  7.028 12.735 
 5.777  3.533 12.785  9.511  3.110  9.173  3.232  4.681 10.794  9.072  8.396 
 5.180  9.061 12.027  9.861 14.709  9.119  2.190  3.228  4.413  3.299  9.439 
 8.821 13.377  6.634  7.339  8.472  7.196  9.692  7.415 10.453  8.235  9.003 
19.490 10.881  3.113  7.540  5.479 10.616  2.625  8.632  9.471  9.395  8.649 
11.494 10.256  7.735  7.357 10.544  8.344 10.275  7.745  8.331  3.884  7.253 
13.229  7.798  7.424  6.472 11.501  9.615  6.203  2.315  9.752  9.753 15.029 
15.708  2.505  4.917  3.363  7.415  6.539  7.060  7.393 10.622  8.586 13.952 
11.232  4.009 14.039 10.402  5.230  8.666 11.575  8.620  6.521  4.412 14.068 
10.792 13.092  2.469  2.302 11.416  4.761  1.776  1.350 14.572 11.046  8.507 
14.567  4.192  7.939  9.339  8.270  7.062  4.455  4.862  5.938  6.485  7.421 
12.544 13.142  3.340 16.230  7.426  8.521  7.152 11.213  8.299  8.757 13.791 
13.884  4.485 11.374  9.722  8.942  2.312  9.371  6.645  5.731 10.810  3.780 
13.022 15.831  9.223 11.976  0.461 10.353  4.350 11.640  5.176  7.661  3.607 
10.896 12.399  6.854  4.349  8.106  7.607  1.209  9.909  3.308  6.734  8.716 
12.451  6.781  9.222  6.301  9.417  4.910 -0.357  2.725  7.264 11.567 17.506 
12.051  9.145  8.485  6.485  4.276  7.241  8.472  4.290 10.339  6.389  6.934 
 8.756 14.353  9.446  8.476  5.133  7.609  3.753  3.985  4.485  9.891  7.148 
12.349  9.705  7.328 12.783  3.078  3.282  8.132  8.422  0.196 10.608  8.802 
16.154 11.851 17.594 13.024  1.133  6.472  1.495  8.329  9.591 11.946 13.930 
12.216 12.112  3.996  8.320  2.068  7.959  9.293 10.702  8.371  9.935 13.526 
 8.466 12.769  5.069  8.474  8.183  2.260  6.005  4.849  8.009  7.511  8.172 
 7.545 12.565  6.224  8.378  7.213  3.842  1.923  8.587  8.641  5.755 14.771 
 9.489  7.045 11.477  8.134  7.943  6.328  4.832  8.193  6.763 13.301 11.096 
13.609 10.464 11.838  8.238  3.244  5.292 12.732  6.204  5.438  4.824  7.511 
 1.290  6.275  9.587  8.768  7.429  6.134 11.585 15.582  6.260  5.451 11.329 
13.538  8.201  1.957  6.553  6.341  5.608  5.498  3.544  4.323  9.178  9.010 
11.748  6.757  4.062  4.354  5.658  8.521  3.666 11.122 10.724 13.150 13.257 
 9.066  1.860 11.112  8.780  7.968  7.005  6.001 14.007 15.367  6.471  7.550 
 9.249 11.646  8.781  8.051  9.436  7.927  9.386  9.228 14.424 11.392  5.013 
15.663  6.829  7.845  1.561  7.517  9.391  2.007 13.969  8.531  9.197 13.920 
10.193 10.610  7.195  5.070  5.914  3.657  6.614  6.254  7.301  7.479  7.156 
10.837  8.344  7.446  8.307  8.678 13.239  9.315  6.737 11.104 11.324 16.042 
 7.862  9.235 12.534  2.490  2.499  2.890  8.476  6.705 11.195 11.095 11.124 
10.599 11.084  8.239 10.450  7.015  7.353  6.564  8.440  8.316  3.739 14.713 
12.455  8.917  6.618  6.017  2.749  7.543 11.418  8.882  8.584 14.153 10.445 
 6.185  8.636  9.777  9.683  9.136  6.855  6.617  8.019 10.048 10.123 11.353 
 8.354  7.529  9.245 10.138  8.350  8.459  9.001  7.883  7.409  5.192  7.310 
 7.993 10.679  1.781  3.315  7.534  4.304 10.358  7.525  4.462  9.899  9.855 
11.792  6.175  5.173  7.898  4.253  3.562  7.220  8.330  1.196  8.680 17.974 
 7.961  9.829  4.384  8.885 10.021 13.991  5.680  6.110 11.182 12.138 10.346 
10.488  8.666  9.547  6.389 12.525  9.592 10.200  7.539 12.228 13.103  9.704 
 7.872  7.101  8.200  7.301  6.454 10.470  8.891  7.127  8.241 11.502 11.894 
13.850 10.330 11.037  7.007  7.342  7.919  6.230 13.752  6.922 11.906 10.673 
11.512 12.009  3.735  8.591  9.272  6.875  5.087  7.844  7.165  6.830 13.064 
 7.234  8.322  9.736  3.808  7.177 10.659 12.272  2.842  8.613  8.253  9.555 
14.647  5.106  7.953  6.916  4.747  5.691 10.464  8.631  7.851  3.547  6.925 
10.416  6.929  7.043  4.747 10.357  9.018  5.886 12.519  9.967  5.666  3.985 
 8.839 10.471  8.450  9.328  4.281  3.768  5.690  7.469  5.287 11.478 11.396 
11.430 14.270  8.333 11.431 10.561  8.506  9.250  8.363  8.164  6.207  8.583 
 5.999 11.418  7.665  9.578  7.676  3.100 11.037 13.602 10.120 12.312 10.769 
 9.882  9.196 10.423  5.041 10.316  8.262  7.226 12.028  5.749  6.303  8.769 
 9.698  8.463  3.073  7.666  5.297  1.709  7.084 12.639  3.877 11.075  7.900 
14.301  5.546 12.235 11.450  8.248 11.243 10.768  2.500 10.525 15.604 12.558 
10.601 10.890  8.245  2.711  5.878  5.202  3.658  6.679  5.344 10.574  9.977 
17.479  8.205  6.587  9.667  6.597  2.397  7.139  5.209  7.948  9.992  7.435 
 6.646  8.477  9.618  8.788 -0.463  8.914  7.891  8.096  9.379  9.688  3.467 
 9.443  9.662  9.022 13.113  2.359  8.612 10.574 10.731  6.523  9.811 16.440 
 5.141  8.167  7.335  9.533  5.419  7.834  2.785 11.624  6.185 10.786 12.761 
 6.445  8.321  7.305  7.591 10.541  1.422  7.818  9.453  3.578  5.977  5.960 
11.362  4.448 19.431  3.458  5.437  4.186 11.470 10.090  7.866  8.502  7.515 
 9.595 12.337 10.109  8.257  3.768  7.027  7.722  7.744 12.547 13.740  6.201 
 1.896 10.458  4.210  7.754  6.221  6.008  7.274  6.282  7.514  6.545  8.757 
10.277 13.458  9.420 13.341  9.355  6.269 11.007  4.945 11.278  5.034 10.202 
 8.758  7.553 13.869  6.649  4.511 11.535  4.146  8.653  5.616 13.188  8.143 
 9.704  9.662  9.208 10.144  5.201  7.459  8.187  6.848  1.601  3.347  7.444 
 9.067  7.071 11.128  3.805 11.217  7.908  3.570  7.162  8.688  5.178 11.817 
15.491  8.407 10.230  9.933  8.448  0.532  5.483  3.415 10.123  9.685  7.784 
 6.317  9.097  9.034 11.874 -0.416  3.687 11.459  5.504  9.879 11.641 14.883 
12.628  6.480  9.446  5.637  5.484  5.988 10.510  4.631 10.465  7.925  9.318 
14.586 11.866  4.325 13.616  9.955  2.641  7.280  4.785  7.375  9.342 12.622 
10.802  4.269  7.607 10.025  1.923 12.285  7.626  9.358 10.389 10.134 11.661 
 9.362  9.528  5.659  6.755  9.071  6.627  5.410 13.123  8.658  7.807  7.651 
10.373 11.044  6.044  8.604 11.879  5.537  4.519  1.663  3.234 12.541 11.764 
 6.848  8.977 12.563  8.068  3.964  9.737  8.864 12.205  1.592  7.054  2.860 
15.755  6.354  7.049  8.009  4.875  5.768  9.522 16.050  6.877  7.407 14.456 
12.124 11.836  8.172  6.357  4.337 10.330  7.987  8.949 10.077  5.701  8.963 
 9.773 12.227  1.187 11.915  7.962  6.111  7.405 11.209  9.583  4.903  7.268 
 8.542 12.888 13.010  3.669  4.288  5.311  9.937  6.058  8.980  7.692 12.426 
15.937  7.429  9.495 12.162  3.224  3.410  5.066  4.026 10.721  4.333 12.192 
 8.268  7.477  3.974  5.217 10.817  2.731  6.138  8.495  3.211  8.805  7.403 
15.253  3.226  6.211  4.292 -0.281  1.172  8.740  6.745  8.568 11.364  5.003 
13.189 12.443 10.757  7.966  8.017  7.363  1.515  2.442 10.955 11.853 10.143 
 8.521  8.271  8.814 10.966  6.537  7.724  6.667  6.206  7.309 12.034 14.336 
 8.590  7.960  5.575  2.459  4.835 13.121 11.011  4.633  7.044 16.154  7.542 
12.664 13.718  9.117  8.278  7.970  8.846  9.551 15.938 11.209  6.910  8.520 
12.290  2.848 13.937  7.850  5.843  3.997  6.436  8.207 12.141  9.905 17.296 
 8.046  8.753  7.572  7.585  7.072  7.681  1.596 -2.698  5.877 15.379 10.581 
 2.457  3.490 15.293  9.285  7.942 11.275  9.721  8.799  6.146  8.724  9.143 
14.587  8.374  8.006 10.453  6.133  8.219  8.197  7.516  6.119 11.548 11.892 
11.287  3.949 -0.527  6.615  5.481  4.935 -5.704  7.156 11.571  6.656  7.009 
 2.328 11.802 15.009  7.492 10.854  4.225  4.086  6.718  9.415 11.748  7.392 
 8.391 16.441  4.684  9.507 11.877 10.379 12.343  6.311 12.223 13.153 13.481 
15.159  9.198  5.185  9.704 12.110  4.314 10.388  4.950  6.624 12.027 11.994 
 6.402 12.094  9.159  7.830  9.034  3.937  6.842  8.272  5.119  8.029  7.068 
 9.994  8.200  6.856  6.914  6.821  7.558  7.119  4.209  7.706  5.399 11.335 
 8.099  6.992  2.137  5.711  7.216  4.711 11.938  6.241  8.515 10.660 13.205 
 5.116  7.828  3.250  6.532  5.323  3.395  8.933  8.674 10.166 10.540  7.541 
16.023  9.737 13.810  7.424  6.158  8.926 11.017  4.937  9.166 10.698 10.500 
 4.091  6.035 11.770  8.388  4.784 -0.050  8.468  6.464  6.256 10.808 10.162 
 5.199 12.447  7.990 10.184  4.941  8.259  2.596 16.829  7.242  5.755 11.272 
 8.250  5.182  4.385  6.071  7.348  7.060 10.818  7.551 12.949 11.349 14.048 
14.822 11.302  5.882  6.683  9.388  7.646  6.383 10.065  8.918  9.423  8.380 
13.626 13.866  8.415  3.917  7.634  7.274 12.884  0.938  6.873  5.697  7.560 
 4.499 10.704  9.833 10.289  5.402 10.844 10.177 10.529 11.567  9.680 15.660 
13.719 12.366  5.589  6.040  6.008 13.104 11.022 12.251  4.227 12.833 17.598 
11.829  4.022 12.473  7.027  4.322  7.658  5.205 10.763  4.797 11.078  6.126 
10.417  9.237  7.313  2.065  6.894 12.980  9.795  1.309  5.302  7.090 14.794 
 7.149  7.376  2.901 12.159  3.567  9.340  7.500  9.285  1.719  8.034 13.734 
 7.497  4.627  8.038  8.990  6.646 10.310  7.493  3.555  6.104 12.847 12.403 
17.088  7.893 -1.609  9.264  8.977  9.290  5.379 12.405  5.099  9.220  7.576 
10.934  7.415  9.850  9.795  5.303  8.211 14.625  2.809  8.102 12.724  8.831 
 7.541  7.105 14.253  0.412 11.316  8.788 10.319 11.757  6.566 12.012 13.988 
12.737 11.499  7.076  2.977  9.394  5.437  5.329 11.259  9.441  5.794 10.713 
10.130 11.315  9.425  6.365  5.560  6.290  6.281  6.910 11.514 10.128 18.684 
 8.731  5.937 13.369  5.760  4.134  1.238  5.542 10.279  6.422  3.171  7.392 
11.011 15.037  6.014 11.544  5.515  7.618  9.521  6.535  1.589  9.676 11.463 
12.438 13.031 12.564 11.080 12.558  3.830 -1.188  9.972  8.980 11.210  7.730 
 5.402  6.961  6.243  8.710  8.578  5.484 10.196 11.465 11.128  9.567  7.755 
11.930  6.067 10.239  6.906  9.952  9.728  9.520  7.829 11.794  8.481  7.438 
 9.531  9.611 13.071 11.419  6.684  6.249  9.446 12.348  7.103  6.120 11.897 
15.048  6.472  8.841 13.288  2.222  5.496  5.656  8.795 10.034  9.189  8.254 
14.980  9.104  3.983  9.530  9.416  9.756  6.936  3.982  5.614  5.736 11.600 
 8.434  9.965  7.380  4.201  8.092  7.648  6.184  2.529  9.323 10.444 15.061 
 8.688  9.975  4.333  8.075  6.259 10.083  6.780  8.685  5.600  6.171 10.181 
12.866 10.083 11.971  5.890  3.111  3.049 10.834  6.216  1.133  6.514  9.826 
 7.407  5.721  2.522  4.153  0.448  0.878  9.064  7.640  6.106  9.279  7.370 
 4.564  3.962  6.385  8.498  7.784  5.983  6.128  6.432  5.931 14.243  8.129 
11.420  9.487  7.551  6.613  7.782  0.725  9.041  9.569 10.497 11.205 11.805 
 7.960  4.946  6.213  2.512  5.796  4.255 13.889  6.993  5.535  8.831  6.457 
 8.458 10.301  7.963  8.653  3.891  5.323 10.185  8.503  6.145 12.980  9.143 
 9.028  3.877  6.049  6.016  6.922  5.209  8.401 11.607  9.228  6.442 10.647 
10.547  7.404  7.217  5.311  5.547  4.250  7.774 11.639  9.742 11.555 10.182 
