10.046  9.013  8.237  7.580  7.200  7.091  7.191  7.575  8.238  9.124 10.047 
 9.937  9.094  8.249  7.599  7.174  7.112  7.186  7.596  8.252  9.108 10.003 
 9.978  9.041  8.209  7.635  7.185  7.084  7.191  7.597  8.244  9.116  9.956 
 9.994  9.075  8.255  7.605  7.240  7.090  7.235  7.624  8.202  9.022 10.019 
 9.978  9.055  8.227  7.652  7.198  7.074  7.185  7.559  8.276  9.087  9.998 
 9.986  9.078  8.239  7.583  7.203  7.103  7.215  7.622  8.256  9.048 10.015 
 9.987  9.085  8.278  7.587  7.197  7.070  7.145  7.589  8.265  9.060  9.985 
 9.985  9.063  8.248  7.611  7.204  7.036  7.226  7.593  8.248  9.078  9.988 
 9.981  9.110  8.241  7.609  7.197  7.145  7.217  7.588  8.263  9.096  9.995 
 9.975  9.121  8.236  7.638  7.209  7.063  7.237  7.588  8.229  9.093  9.964 
10.003  9.074  8.269  7.616  7.194  7.075  7.205  7.564  8.303  9.031 10.005 
 9.975  9.072  8.216  7.631  7.205  7.083  7.175  7.632  8.270  9.112 10.022 
10.007  9.023  8.234  7.617  7.207  7.109  7.223  7.666  8.261  9.012  9.975 
 9.978  9.096  8.260  7.612  7.181  7.023  7.213  7.641  8.244  9.083  9.982 
 9.970  9.073  8.196  7.583  7.220  7.110  7.205  7.621  8.205  8.990  9.985 
 9.984  9.025  8.260  7.591  7.251  7.013  7.193  7.642  8.146  9.036  9.951 
10.052  9.052  8.229  7.577  7.229  7.046  7.230  7.625  8.266  9.076  9.960 
 9.997  9.101  8.298  7.677  7.236  7.044  7.217  7.617  8.280  9.068  9.992 
 9.989  9.077  8.276  7.605  7.159  7.038  7.123  7.591  8.220  9.045 10.006 
 9.999  9.098  8.265  7.624  7.218  7.079  7.277  7.627  8.282  9.068  9.989 
 9.978  9.097  8.184  7.582  7.231  7.051  7.189  7.616  8.216  9.043  9.965 
10.038  9.095  8.238  7.567  7.208  7.137  7.219  7.582  8.229  9.010  9.928 
10.017  9.069  8.245  7.649  7.151  7.056  7.185  7.611  8.257  9.050 10.024 
 9.994  9.017  8.239  7.622  7.243  7.143  7.223  7.584  8.235  9.069  9.958 
 9.973  9.038  8.205  7.627  7.158  7.122  7.195  7.588  8.231  9.052 10.031 
 9.981  9.055  8.240  7.624  7.195  7.068  7.142  7.603  8.261  9.049  9.988 
 9.961  9.006  8.241  7.598  7.185  7.061  7.222  7.602  8.232  9.047 10.002 
 9.991  9.049  8.250  7.592  7.185  7.018  7.194  7.598  8.226  9.049 10.050 
 9.978  9.001  8.280  7.612  7.191  7.058  7.175  7.592  8.302  9.063  9.966 
10.038  9.038  8.168  7.622  7.186  7.086  7.185  7.507  8.258  9.042  9.979 
10.000  9.072  8.296  7.644  7.178  7.066  7.233  7.617  8.264  9.054 10.010 
10.049  9.053  8.211  7.620  7.221  7.102  7.225  7.611  8.237  9.068  9.986 
10.020  9.044  8.243  7.624  7.199  7.081  7.228  7.572  8.268  9.026  9.997 
10.018  9.038  8.252  7.544  7.239  7.036  7.200  7.649  8.258  9.065 10.017 
10.029  9.058  8.220  7.636  7.209  6.999  7.178  7.631  8.247  9.072 10.023 
10.053  9.080  8.270  7.593  7.179  7.017  7.217  7.648  8.203  9.070  9.970 
10.023  9.041  8.193  7.597  7.173  7.075  7.249  7.595  8.218  9.115 10.014 
10.008  9.022  8.235  7.626  7.202  7.018  7.259  7.622  8.223  9.092 10.015 
10.024  9.028  8.177  7.589  7.173  7.056  7.285  7.596  8.243  9.078 10.004 
 9.995  9.108  8.276  7.615  7.250  7.060  7.202  7.583  8.240  9.109 10.000 
10.028  9.137  8.255  7.615  7.217  7.025  7.181  7.596  8.193  9.046  9.930 
 9.945  9.059  8.250  7.597  7.212  7.106  7.179  7.629  8.228  9.076 10.068 
10.011  9.077  8.211  7.639  7.189  7.095  7.186  7.576  8.242  9.054 10.022 
 9.961  9.062  8.214  7.591  7.229  7.074  7.211  7.569  8.272  9.016 10.011 
 9.970  9.020  8.215  7.573  7.153  7.062  7.188  7.616  8.235  9.137  9.947 
10.029  9.068  8.238  7.624  7.207  7.060  7.142  7.588  8.289  9.071  9.972 
10.028  9.042  8.284  7.574  7.209  7.034  7.242  7.626  8.262  9.069 10.010 
10.020  9.118  8.268  7.584  7.201  7.068  7.190  7.588  8.226  9.080  9.938 
 9.963  9.072  8.298  7.611  7.225  7.046  7.134  7.660  8.256  9.066  9.993 
10.009  9.027  8.188  7.545  7.190  7.073  7.251  7.597  8.262  9.140 10.003 
 9.955  9.077  8.231  7.618  7.234  7.038  7.232  7.609  8.195  9.051 10.020 
 9.961  9.035  8.231  7.586  7.188  7.110  7.206  7.621  8.261  9.065  9.971 
10.015  9.012  8.302  7.575  7.277  7.062  7.217  7.658  8.259  9.072 10.028 
 9.975  9.051  8.306  7.633  7.218  7.020  7.237  7.599  8.247  9.030 10.079 
10.035  9.076  8.255  7.657  7.236  7.065  7.217  7.651  8.200  9.062  9.987 
10.010  9.015  8.258  7.567  7.195  7.018  7.208  7.670  8.239  9.061 10.050 
10.020  8.970  8.230  7.612  7.223  7.068  7.201  7.582  8.228  9.023  9.971 
10.018  9.034  8.228  7.618  7.223  7.103  7.196  7.694  8.196  9.032  9.990 
10.005  9.050  8.233  7.593  7.207  7.052  7.242  7.606  8.279  9.030  9.974 
10.003  9.035  8.272  7.573  7.187  7.066  7.175  7.622  8.247  9.056 10.020 
10.073  9.070  8.209  7.659  7.209  7.083  7.210  7.656  8.288  9.094  9.952 
 9.993  9.102  8.273  7.601  7.205  7.064  7.171  7.547  8.240  9.017  9.967 
 9.971  9.015  8.214  7.592  7.204  7.061  7.190  7.623  8.290  9.049 10.026 
10.020  9.013  8.289  7.646  7.230  7.078  7.235  7.643  8.284  9.042  9.986 
10.084  9.065  8.242  7.663  7.192  7.043  7.206  7.630  8.226  9.052 10.053 
10.029  9.072  8.239  7.603  7.228  7.075  7.243  7.546  8.269  9.108  9.939 
 9.996  9.018  8.226  7.605  7.196  7.128  7.236  7.661  8.293  9.056  9.963 
10.071  9.034  8.285  7.621  7.249  7.049  7.219  7.578  8.273  9.076 10.021 
10.026  9.060  8.220  7.631  7.154  7.009  7.206  7.596  8.241  9.020  9.968 
 9.994  9.080  8.247  7.580  7.248  7.064  7.205  7.609  8.263  9.066  9.966 
10.011  9.025  8.276  7.609  7.195  7.058  7.251  7.611  8.280  9.059 10.001 
10.035  9.026  8.217  7.612  7.210  7.112  7.223  7.578  8.251  9.060 10.073 
10.054  9.009  8.238  7.611  7.210  7.076  7.272  7.606  8.330  9.099 10.023 
 9.968  9.029  8.243  7.645  7.216  7.099  7.225  7.645  8.251  9.036  9.999 
10.016  9.043  8.275  7.594  7.157  7.070  7.264  7.602  8.218  9.107  9.974 
10.011  9.022  8.186  7.596  7.210  7.024  7.226  7.648  8.237  9.017 10.004 
 9.996  9.040  8.259  7.586  7.272  7.013  7.240  7.635  8.271  9.068 10.015 
10.015  9.045  8.256  7.666  7.214  7.043  7.194  7.593  8.256  9.101 10.056 
 9.985  9.076  8.254  7.671  7.225  7.102  7.231  7.624  8.260  9.050 10.022 
 9.946  9.054  8.221  7.611  7.251  7.096  7.198  7.614  8.195  9.074  9.992 
10.015  9.055  8.216  7.591  7.183  7.073  7.168  7.562  8.287  9.025 10.030 
 9.994  9.045  8.240  7.651  7.196  7.089  7.196  7.584  8.230  8.987  9.990 
 9.997  9.033  8.244  7.580  7.164  7.079  7.135  7.635  8.223  9.094 10.021 
 9.974  9.044  8.277  7.607  7.255  7.082  7.183  7.620  8.254  9.084  9.980 
 9.993  9.076  8.285  7.598  7.220  7.090  7.230  7.603  8.245  9.079 10.056 
 9.974  9.052  8.273  7.608  7.174  7.068  7.200  7.608  8.292  9.053 10.009 
 9.972  9.016  8.221  7.579  7.241  6.991  7.192  7.632  8.218  9.047  9.938 
 9.957  9.045  8.279  7.591  7.183  6.991  7.222  7.602  8.294  9.050 10.034 
10.013  9.050  8.215  7.552  7.240  7.035  7.173  7.630  8.279  9.058 10.001 
10.018  9.050  8.210  7.619  7.260  7.061  7.147  7.632  8.253  9.055 10.010 
10.007  9.055  8.215  7.562  7.187  7.043  7.205  7.652  8.219  9.062 10.018 
 9.950  9.047  8.265  7.693  7.227  7.092  7.211  7.604  8.253  9.103 10.057 
10.032  9.088  8.266  7.610  7.201  7.115  7.204  7.617  8.211  9.029 10.008 
 9.954  9.087  8.271  7.649  7.189  7.113  7.216  7.640  8.200  9.087 10.038 
10.055  9.047  8.245  7.598  7.230  7.040  7.176  7.609  8.305  9.048  9.953 
10.064  9.067  8.283  7.620  7.255  7.027  7.225  7.653  8.232  9.041 10.006 
10.008  9.022  8.197  7.653  7.260  7.139  7.185  7.644  8.262  9.089  9.994 
10.043  9.047  8.244  7.629  7.203  7.099  7.237  7.582  8.233  9.048  9.959 
10.004  9.098  8.262  7.616  7.235  7.049  7.258  7.603  8.234  9.027 10.044 
10.001  9.010  8.276  7.621  7.199  7.021  7.176  7.609  8.216  9.027  9.987 
10.039  9.020  8.291  7.629  7.240  7.120  7.215  7.672  8.244  9.064  9.935 
10.024  9.045  8.252  7.631  7.162  7.043  7.198  7.693  8.262  9.026  9.973 
10.000  9.045  8.273  7.674  7.166  7.053  7.203  7.645  8.226  9.022  9.998 
10.026  9.028  8.202  7.641  7.161  7.105  7.191  7.595  8.265  8.999 10.057 
 9.995  9.040  8.257  7.620  7.196  7.058  7.169  7.665  8.275  9.039 10.004 
10.000  9.082  8.211  7.557  7.181  7.126  7.172  7.663  8.244  9.042 10.021 
 9.968  9.037  8.282  7.573  7.166  7.060  7.262  7.591  8.257  9.052  9.984 
 9.946  9.026  8.232  7.610  7.226  7.098  7.168  7.588  8.221  9.064  9.998 
 9.971  9.115  8.209  7.557  7.220  7.067  7.166  7.637  8.180  9.100  9.991 
10.013  9.043  8.228  7.612  7.219  6.992  7.198  7.654  8.263  9.057 10.011 
 9.983  9.004  8.237  7.554  7.209  7.052  7.231  7.608  8.263  9.074  9.987 
 9.963  9.062  8.258  7.641  7.203  7.036  7.182  7.635  8.267  9.095  9.939 
 9.980  9.051  8.263  7.624  7.253  7.078  7.214  7.576  8.254  9.066  9.995 
 9.951  9.024  8.253  7.606  7.226  7.092  7.257  7.578  8.247  8.998  9.989 
 9.993  9.101  8.217  7.557  7.165  7.068  7.197  7.615  8.247  9.024  9.979 
 9.977  9.054  8.193  7.574  7.232  7.129  7.292  7.582  8.289  9.032  9.995 
10.048  9.037  8.293  7.625  7.274  7.120  7.197  7.587  8.251  9.050 10.019 
 9.979  9.038  8.255  7.596  7.210  7.111  7.235  7.614  8.232  8.994 10.017 
10.041  9.040  8.214  7.622  7.257  7.098  7.178  7.610  8.250  9.079 10.064 
10.001  9.048  8.279  7.576  7.216  7.073  7.271  7.617  8.232  9.090 10.015 
 9.983  9.037  8.258  7.600  7.234  7.072  7.187  7.657  8.236  9.103  9.998 
 9.980  9.069  8.216  7.623  7.178  7.086  7.223  7.573  8.266  9.096  9.991 
 9.953  9.058  8.299  7.672  7.208  7.105  7.228  7.617  8.284  9.042 10.049 
10.026  9.059  8.283  7.585  7.140  7.138  7.204  7.584  8.213  9.105 10.009 
 9.985  9.072  8.222  7.633  7.258  7.003  7.221  7.593  8.175  9.105  9.971 
 9.983  9.060  8.284  7.625  7.217  7.085  7.207  7.610  8.292  9.020 10.006 
 9.960  9.044  8.271  7.576  7.290  7.070  7.199  7.556  8.200  9.066  9.970 
 9.989  9.046  8.252  7.626  7.151  7.005  7.262  7.606  8.241  9.106  9.991 
 9.948  9.078  8.226  7.663  7.194  7.094  7.191  7.602  8.245  9.106 10.009 
10.021  9.055  8.277  7.634  7.232  7.071  7.174  7.692  8.252  9.042 10.027 
 9.946  9.056  8.286  7.567  7.181  7.086  7.172  7.643  8.299  9.081 10.026 
10.018  9.064  8.280  7.691  7.210  7.047  7.229  7.643  8.201  9.068 10.007 
10.050  8.995  8.270  7.646  7.221  7.112  7.190  7.610  8.235  9.046  9.951 
 9.971  9.042  8.316  7.676  7.199  7.050  7.168  7.686  8.238  9.076 10.013 
10.027  9.044  8.266  7.653  7.128  7.081  7.230  7.610  8.223  9.075 10.013 
10.045  9.058  8.293  7.592  7.212  7.104  7.209  7.555  8.229  9.052  9.998 
10.031  9.012  8.295  7.636  7.156  7.086  7.231  7.634  8.257  9.027  9.978 
10.002  9.017  8.206  7.611  7.169  7.041  7.206  7.617  8.287  9.042 10.002 
 9.982  9.065  8.240  7.646  7.261  7.056  7.196  7.618  8.279  9.075 10.044 
 9.990  9.071  8.211  7.606  7.291  7.082  7.227  7.629  8.224  9.049  9.984 
10.005  9.015  8.226  7.602  7.199  7.069  7.230  7.611  8.281  9.071 10.047 
 9.995  9.096  8.242  7.663  7.219  7.066  7.202  7.635  8.227  9.047  9.931 
10.003  9.013  8.240  7.609  7.162  7.028  7.220  7.615  8.260  9.064  9.994 
10.016  9.022  8.188  7.582  7.228  7.106  7.222  7.657  8.256  9.105  9.976 
10.021  8.998  8.251  7.615  7.246  7.025  7.153  7.609  8.226  9.009 10.011 
10.005  8.995  8.260  7.583  7.223  7.037  7.202  7.599  8.261  9.053 10.063 
 9.948  9.040  8.269  7.618  7.210  7.032  7.241  7.651  8.221  9.014  9.989 
 9.966  9.069  8.291  7.623  7.300  7.050  7.218  7.601  8.219  9.131 10.064 
10.013  9.033  8.296  7.644  7.214  7.115  7.209  7.644  8.242  9.048  9.993 
 9.975  9.062  8.210  7.636  7.198  7.070  7.153  7.606  8.217  9.059 10.008 
 9.950  9.020  8.253  7.619  7.243  7.072  7.223  7.643  8.256  9.040  9.977 
 9.979  9.008  8.202  7.640  7.250  7.035  7.197  7.563  8.246  9.060 10.031 
10.055  9.002  8.213  7.598  7.188  7.160  7.161  7.651  8.256  9.046  9.946 
10.024  9.080  8.285  7.638  7.216  7.055  7.205  7.676  8.240  9.011  9.996 
 9.998  9.042  8.222  7.644  7.254  7.060  7.213  7.677  8.305  9.026  9.970 
 9.975  9.090  8.248  7.586  7.194  7.114  7.206  7.623  8.223  9.060  9.995 
 9.986  9.055  8.247  7.634  7.222  7.048  7.212  7.579  8.231  9.053 10.040 
 9.986  9.076  8.265  7.618  7.216  7.064  7.205  7.566  8.223  9.071  9.997 
 9.983  8.984  8.220  7.573  7.208  7.035  7.192  7.610  8.279  9.020  9.993 
 9.982  9.085  8.290  7.617  7.192  7.070  7.272  7.574  8.244  9.028  9.984 
10.010  9.046  8.294  7.675  7.224  7.104  7.206  7.571  8.285  9.030 10.015 
10.001  9.110  8.237  7.581  7.248  7.060  7.214  7.618  8.284  9.031 10.016 
10.010  9.055  8.223  7.616  7.228  7.043  7.190  7.605  8.236  9.059 10.041 
10.037  9.078  8.241  7.579  7.181  7.062  7.224  7.663  8.256  9.068 10.019 
10.043  9.085  8.293  7.582  7.229  7.126  7.257  7.634  8.241  9.066 10.019 
 9.999  9.012  8.283  7.590  7.193  7.029  7.245  7.587  8.295  9.038  9.962 
10.003  9.132  8.128  7.604  7.249  7.083  7.219  7.635  8.232  9.096  9.962 
 9.968  9.056  8.287  7.611  7.187  7.070  7.227  7.616  8.238  9.021 10.003 
10.000  9.042  8.194  7.591  7.254  7.064  7.166  7.559  8.222  9.098  9.963 
10.012  9.055  8.230  7.622  7.173  7.104  7.201  7.604  8.232  9.115 10.011 
10.015  9.012  8.238  7.588  7.232  7.079  7.246  7.585  8.214  9.034  9.958 
 9.964  9.081  8.269  7.653  7.150  7.104  7.207  7.619  8.237  9.048 10.012 
 9.982  9.024  8.236  7.582  7.205  7.069  7.200  7.644  8.269  9.095 10.022 
10.014  9.039  8.204  7.600  7.169  7.052  7.238  7.627  8.275  9.063  9.925 
 9.981  9.090  8.218  7.600  7.175  7.066  7.221  7.601  8.240  9.077 10.031 
10.049  9.072  8.260  7.621  7.210  7.041  7.168  7.586  8.241  9.083 10.015 
 9.978  9.071  8.285  7.618  7.257  7.106  7.209  7.590  8.200  9.069  9.993 
10.034  9.053  8.222  7.608  7.216  7.126  7.179  7.645  8.225  9.051  9.947 
 9.985  9.024  8.248  7.576  7.215  7.028  7.211  7.649  8.233  9.050  9.972 
 9.965  9.079  8.243  7.578  7.214  7.091  7.228  7.634  8.256  9.081 10.066 
10.019  9.058  8.231  7.606  7.241  6.998  7.222  7.572  8.262  9.094  9.988 
 9.968  9.044  8.252  7.609  7.227  7.031  7.206  7.629  8.231  9.032 10.029 
 9.998  9.096  8.255  7.572  7.274  7.071  7.184  7.615  8.245  9.037 10.071 
10.043  9.038  8.228  7.561  7.237  7.052  7.235  7.650  8.221  9.057  9.987 
 9.947  9.101  8.253  7.614  7.235  7.111  7.246  7.605  8.198  9.099  9.987 
10.000  9.037  8.263  7.638  7.269  7.042  7.241  7.592  8.246  9.081 10.013 
 9.992  9.090  8.210  7.595  7.188  7.076  7.262  7.594  8.251  9.025  9.939 
10.007  9.086  8.223  7.632  7.235  6.999  7.223  7.573  8.247  9.086  9.990 
10.022  9.090  8.258  7.659  7.215  7.073  7.201  7.597  8.235  9.070  9.956 
10.006  9.108  8.246  7.624  7.224  7.122  7.195  7.645  8.278  9.056 10.026 
 9.953  9.046  8.199  7.651  7.184  7.085  7.237  7.589  8.202  9.068  9.982 
10.011  9.087  8.179  7.604  7.165  7.084  7.248  7.627  8.242  9.072 10.011 
10.027  9.036  8.236  7.570  7.211  7.054  7.208  7.639  8.253  9.033 10.020 
 9.993  9.046  8.284  7.623  7.171  7.085  7.159  7.680  8.240  9.040 10.020 
 9.998  9.051  8.260  7.649  7.214  7.069  7.252  7.674  8.263  9.086 10.027 
 9.973  9.014  8.223  7.638  7.149  7.067  7.207  7.568  8.231  9.018 10.020 
 9.924  9.071  8.264  7.598  7.259  7.054  7.178  7.621  8.189  9.100 10.010 
 9.948  9.063  8.275  7.636  7.270  7.063  7.221  7.598  8.282  9.037  9.972 
10.039  9.006  8.229  7.632  7.266  7.056  7.191  7.598  8.221  9.051  9.997 
 9.974  9.063  8.269  7.636  7.268  7.088  7.160  7.615  8.207  8.997  9.978 
 9.993  9.013  8.252  7.641  7.228  7.100  7.197  7.602  8.224  9.030 10.043 
10.029  9.046  8.252  7.615  7.199  7.072  7.238  7.593  8.273  9.038 10.006 
 9.963  9.058  8.300  7.592  7.260  7.089  7.178  7.585  8.215  9.075 10.090 
10.045  9.025  8.245  7.641  7.305  7.061  7.264  7.613  8.215  9.027 10.007 
10.048  9.040  8.257  7.678  7.200  7.091  7.248  7.565  8.237  9.067 10.023 
10.022  9.042  8.213  7.623  7.174  7.074  7.146  7.590  8.287  9.102 10.051 
10.020  9.083  8.206  7.607  7.215  7.110  7.214  7.645  8.239  9.043  9.953 
 9.939  9.071  8.297  7.621  7.221  7.067  7.229  7.627  8.256  9.061 10.004 
10.025  9.102  8.224  7.681  7.217  7.064  7.217  7.597  8.282  9.025  9.991 
 9.981  9.027  8.227  7.636  7.250  7.040  7.178  7.549  8.227  9.074  9.991 
 9.973  9.106  8.254  7.596  7.190  7.045  7.205  7.620  8.253  9.028  9.989 
10.017  9.058  8.285  7.662  7.208  7.094  7.200  7.597  8.266  9.080  9.949 
 9.979  9.066  8.198  7.647  7.270  7.076  7.168  7.623  8.200  9.030  9.993 
 9.970  9.072  8.303  7.601  7.165  7.101  7.167  7.640  8.228  9.048 10.025 
10.035  9.071  8.269  7.651  7.231  7.101  7.179  7.624  8.262  9.056  9.995 
 9.996  9.102  8.204  7.664  7.233  6.980  7.217  7.558  8.193  9.107 10.024 
 9.958  9.088  8.248  7.597  7.200  7.064  7.237  7.597  8.229  9.100  9.978 
 9.921  9.080  8.221  7.671  7.203  7.069  7.194  7.653  8.244  9.048 10.029 
10.011  9.051  8.233  7.604  7.213  7.005  7.206  7.629  8.225  9.045  9.966 
10.004  9.046  8.284  7.614  7.213  7.071  7.185  7.602  8.199  9.024  9.999 
10.007  9.030  8.244  7.648  7.208  7.096  7.179  7.621  8.226  9.081  9.951 
10.010  9.039  8.227  7.550  7.239  7.084  7.229  7.604  8.213  9.011  9.961 
 9.978  9.002  8.293  7.638  7.221  7.077  7.208  7.591  8.221  9.041 10.050 
10.012  9.067  8.267  7.650  7.225  7.094  7.209  7.562  8.237  9.017 10.011 
 9.991  9.012  8.254  7.584  7.212  7.091  7.207  7.608  8.244  9.078 10.021 
 9.929  9.044  8.259  7.560  7.241  7.078  7.234  7.672  8.251  9.075 10.020 
10.012  9.041  8.217  7.614  7.269  7.041  7.221  7.622  8.325  9.021 10.004 
10.039  9.096  8.225  7.592  7.233  7.034  7.161  7.678  8.216  9.096  9.963 
 9.975  9.071  8.210  7.584  7.225  7.008  7.219  7.613  8.193  9.025 10.046 
 9.976  9.065  8.248  7.622  7.183  7.071  7.190  7.571  8.250  9.047  9.972 
 9.921  9.029  8.215  7.589  7.203  7.033  7.218  7.639  8.273  9.104 10.063 
10.032  9.057  8.257  7.585  7.184  7.043  7.140  7.590  8.236  9.050  9.974 
 9.960  9.065  8.226  7.581  7.231  7.077  7.227  7.591  8.261  9.074 10.014 
10.041  9.102  8.245  7.598  7.239  7.078  7.218  7.591  8.251  9.041 10.030 
10.038  9.073  8.271  7.614  7.220  7.112  7.221  7.650  8.260  9.064  9.983 
 9.995  9.087  8.263  7.667  7.189  7.073  7.191  7.609  8.230  8.978 10.053 
10.029  9.031  8.219  7.559  7.216  7.075  7.174  7.577  8.288  9.047 10.026 
10.025  9.074  8.290  7.604  7.199  7.112  7.240  7.586  8.210  9.053 10.006 
 9.985  9.121  8.250  7.606  7.223  7.076  7.190  7.620  8.292  9.059  9.945 
 9.994  9.033  8.261  7.584  7.239  7.092  7.248  7.613  8.223  9.039 10.039 
10.031  9.084  8.276  7.635  7.300  7.088  7.232  7.604  8.308  9.062 10.038 
10.001  9.082  8.201  7.637  7.204  7.073  7.195  7.597  8.266  9.048  9.987 
 9.945  9.060  8.202  7.665  7.197  7.059  7.207  7.570  8.288  9.032 10.011 
 9.999  9.088  8.261  7.623  7.206  7.067  7.156  7.576  8.257  9.071  9.970 
10.004  9.048  8.308  7.576  7.180  7.056  7.234  7.620  8.239  9.069 10.014 
10.031  9.045  8.222  7.673  7.211  7.128  7.220  7.646  8.228  9.097 10.010 
10.027  9.081  8.210  7.611  7.209  7.057  7.153  7.538  8.215  9.068  9.972 
10.049  9.027  8.194  7.628  7.234  7.057  7.271  7.581  8.232  9.004  9.943 
 9.968  9.049  8.250  7.585  7.233  7.111  7.195  7.609  8.213  9.013 10.000 
10.027  9.086  8.247  7.598  7.167  7.049  7.229  7.660  8.188  9.058  9.978 
 9.993  9.060  8.251  7.676  7.211  7.113  7.286  7.622  8.222  9.085  9.954 
10.020  9.006  8.247  7.579  7.228  7.022  7.200  7.646  8.305  9.054 10.002 
 9.962  9.118  8.277  7.633  7.174  7.091  7.208  7.656  8.276  9.080  9.958 
10.024  9.035  8.218  7.635  7.202  7.038  7.270  7.572  8.230  9.098  9.957 
 9.912  9.096  8.241  7.576  7.140  7.072  7.257  7.616  8.253  9.055 10.007 
10.013  9.018  8.308  7.654  7.236  7.001  7.196  7.636  8.230  9.063  9.955 
10.010  9.035  8.240  7.643  7.165  7.024  7.220  7.563  8.275  9.036  9.947 
 9.933  9.104  8.218  7.625  7.203  7.068  7.209  7.613  8.266  9.019 10.086 
10.015  8.990  8.233  7.597  7.229  7.016  7.230  7.597  8.248  9.104  9.977 
10.037  9.042  8.276  7.611  7.213  7.117  7.260  7.566  8.295  9.090 10.016 
 9.979  9.072  8.264  7.587  7.173  7.105  7.185  7.601  8.278  9.029 10.028 
 9.992  9.032  8.228  7.613  7.247  7.092  7.152  7.600  8.287  9.072  9.943 
 9.980  9.029  8.212  7.572  7.237  7.033  7.243  7.562  8.203  9.057  9.976 
 9.966  9.075  8.247  7.565  7.198  7.060  7.187  7.617  8.206  9.062 10.025 
 9.949  9.043  8.282  7.647  7.198  7.097  7.227  7.643  8.233  9.030 10.005 
 9.999  9.075  8.205  7.642  7.270  7.111  7.182  7.583  8.201  9.077 10.004 
 9.983  9.023  8.271  7.621  7.153  7.013  7.192  7.634  8.315  9.049  9.955 
10.022  9.090  8.228  7.566  7.213  7.092  7.172  7.637  8.268  9.024 10.028 
 9.978  9.063  8.255  7.649  7.151  7.086  7.215  7.642  8.261  9.045  9.979 
 9.979  9.071  8.310  7.620  7.256  7.050  7.203  7.656  8.232  9.059 10.000 
 9.986  9.049  8.261  7.608  7.172  7.077  7.187  7.647  8.271  9.095 10.013 
 9.951  9.055  8.232  7.612  7.194  7.071  7.281  7.597  8.233  9.084 10.071 
10.033  9.091  8.257  7.595  7.234  7.072  7.237  7.629  8.222  9.065 10.033 
 9.981  9.019  8.237  7.647  7.192  7.047  7.237  7.622  8.224  9.072 10.035 
10.019  9.063  8.240  7.592  7.236  7.071  7.169  7.655  8.217  9.047  9.983 
 9.998  9.050  8.276  7.585  7.232  7.082  7.181  7.608  8.237  9.042 10.033 
10.001  9.059  8.323  7.624  7.241  7.087  7.213  7.608  8.243  9.066 10.020 
10.012  9.054  8.245  7.611  7.233  7.076  7.248  7.682  8.206  9.058  9.935 
10.066  9.019  8.279  7.594  7.202  7.094  7.241  7.620  8.226  9.037  9.956 
10.014  9.039  8.213  7.620  7.213  7.080  7.181  7.674  8.250  9.091 10.024 
10.026  9.066  8.222  7.627  7.252  7.119  7.208  7.633  8.249  9.139  9.987 
 9.985  9.048  8.277  7.595  7.205  7.055  7.259  7.600  8.243  9.067  9.998 
 9.947  9.093  8.243  7.606  7.181  7.100  7.230  7.665  8.243  9.094  9.999 
 9.981  9.061  8.272  7.594  7.203  7.106  7.168  7.612  8.255  9.105  9.955 
 9.943  9.033  8.236  7.629  7.194  7.057  7.245  7.582  8.238  9.038  9.996 
 9.980  9.086  8.272  7.659  7.202  7.084  7.171  7.597  8.237  9.068  9.956 
10.029  9.037  8.225  7.643  7.264  7.104  7.238  7.602  8.212  9.045  9.979 
 9.990  9.019  8.177  7.616  7.171  7.065  7.216  7.583  8.252  9.082 10.015 
10.021  9.085  8.258  7.626  7.234  7.096  7.160  7.594  8.231  9.031  9.971 
 9.925  9.007  8.250  7.608  7.223  7.109  7.180  7.616  8.229  9.063 10.031 
 9.935  9.107  8.258  7.645  7.254  7.056  7.174  7.623  8.259  9.065  9.970 
 9.972  9.040  8.229  7.589  7.263  7.063  7.220  7.625  8.248  9.074 10.026 
 9.954  9.090  8.235  7.604  7.254  7.091  7.254  7.636  8.208  9.040 10.056 
10.048  9.044  8.184  7.507  7.269  7.084  7.162  7.642  8.263  9.035  9.990 
 9.987  9.001  8.200  7.571  7.246  7.056  7.224  7.647  8.266  9.060 10.014 
10.032  9.047  8.230  7.604  7.215  7.044  7.202  7.647  8.216  9.032  9.992 
 9.941  9.040  8.215  7.585  7.187  7.091  7.233  7.635  8.237  9.045  9.997 
 9.992  9.054  8.195  7.572  7.217  7.036  7.191  7.563  8.306  9.057  9.994 
 9.996  9.070  8.280  7.648  7.252  7.101  7.181  7.575  8.268  9.051  9.971 
10.013  9.117  8.225  7.594  7.229  7.059  7.180  7.593  8.253  9.032  9.992 
 9.973  9.039  8.220  7.589  7.160  7.060  7.224  7.584  8.234  9.029 10.003 
 9.989  9.038  8.233  7.689  7.139  7.068  7.187  7.663  8.230  9.116  9.980 
 9.956  9.056  8.313  7.623  7.309  7.079  7.199  7.590  8.242  9.101  9.988 
 9.999  9.059  8.251  7.638  7.207  7.069  7.238  7.620  8.308  9.026 10.017 
 9.983  9.101  8.224  7.636  7.201  7.076  7.162  7.634  8.235  9.048 10.027 
 9.994  9.060  8.235  7.638  7.233  7.050  7.211  7.594  8.267  9.089  9.993 
10.052  9.041  8.243  7.559  7.246  7.075  7.167  7.608  8.242  9.081 10.017 
10.009  9.057  8.283  7.623  7.242  7.125  7.175  7.632  8.254  9.076  9.979 
 9.983  9.020  8.236  7.626  7.192  7.062  7.206  7.587  8.210  9.046  9.984 
10.011  9.050  8.237  7.590  7.224  7.016  7.257  7.603  8.210  9.043  9.998 
 9.994  9.085  8.261  7.590  7.185  7.122  7.219  7.625  8.261  9.083  9.959 
10.059  9.063  8.265  7.568  7.181  7.079  7.212  7.669  8.276  9.121  9.975 
 9.965  9.062  8.282  7.590  7.259  7.077  7.153  7.569  8.238  9.098 10.006 
 9.985  9.016  8.262  7.658  7.206  7.084  7.281  7.594  8.274  9.084  9.988 
10.002  9.039  8.270  7.640  7.219  7.078  7.214  7.659  8.237  9.061  9.970 
 9.980  9.055  8.248  7.620  7.165  7.033  7.218  7.629  8.240  8.984 10.026 
10.003  9.104  8.260  7.589  7.162  7.089  7.195  7.658  8.219  9.066  9.958 
10.013  9.052  8.203  7.603  7.213  7.127  7.211  7.606  8.251  9.088 10.003 
10.051  9.063  8.248  7.591  7.223  7.030  7.227  7.610  8.206  9.075 10.000 
10.031  9.038  8.234  7.578  7.167  7.146  7.226  7.619  8.304  9.076  9.979 
 9.975  9.027  8.244  7.646  7.204  7.081  7.230  7.597  8.271  9.056  9.990 
10.001  8.990  8.216  7.660  7.219  7.124  7.179  7.672  8.226  9.043 10.030 
 9.963  9.079  8.274  7.571  7.221  7.063  7.201  7.643  8.241  8.999  9.995 
10.019  9.080  8.281  7.602  7.250  7.072  7.236  7.605  8.202  9.111 10.038 
10.027  9.076  8.279  7.557  7.232  7.036  7.149  7.637  8.277  9.030  9.993 
 9.969  9.047  8.256  7.607  7.160  7.017  7.224  7.621  8.257  9.070  9.997 
 9.954  9.051  8.256  7.635  7.241  7.035  7.192  7.571  8.211  9.068  9.991 
 9.983  9.081  8.278  7.584  7.258  7.090  7.213  7.631  8.292  9.096 10.030 
 9.985  9.102  8.243  7.644  7.245  7.097  7.217  7.624  8.250  8.968 10.012 
 9.972  9.027  8.204  7.638  7.214  7.059  7.204  7.631  8.269  9.086  9.977 
10.045  9.040  8.223  7.610  7.227  7.068  7.276  7.682  8.291  9.116  9.991 
10.032  9.066  8.218  7.609  7.169  7.085  7.150  7.702  8.281  9.031  9.992 
 9.954  9.089  8.280  7.682  7.187  7.020  7.212  7.592  8.283  9.024  9.993 
10.027  9.041  8.222  7.639  7.275  7.076  7.221  7.605  8.246  9.008  9.975 
 9.998  9.062  8.251  7.588  7.221  7.112  7.250  7.639  8.243  9.070 10.024 
10.062  9.103  8.270  7.595  7.173  7.102  7.151  7.663  8.288  9.038 10.029 
 9.951  9.022  8.278  7.583  7.200  7.028  7.209  7.653  8.269  9.117 10.030 
 9.978  9.065  8.300  7.654  7.218  7.099  7.200  7.633  8.244  9.035 10.009 
 9.999  9.067  8.298  7.616  7.152  7.086  7.202  7.582  8.273  9.074 10.005 
10.008  9.047  8.179  7.620  7.253  7.065  7.215  7.677  8.266  9.082 10.011 
10.059  9.011  8.214  7.608  7.220  7.038  7.218  7.601  8.262  9.066  9.992 
 9.994  9.087  8.228  7.659  7.279  7.098  7.233  7.628  8.254  9.072  9.975 
 9.945  9.047  8.261  7.620  7.225  7.103  7.222  7.638  8.266  9.010 10.064 
 9.963  8.986  8.228  7.584  7.194  7.086  7.237  7.623  8.228  9.082 10.029 
10.005  9.084  8.229  7.620  7.226  7.113  7.207  7.555  8.258  9.073 10.009 
 9.958  9.052  8.277  7.588  7.224  7.105  7.247  7.628  8.268  9.111  9.992 
 9.981  9.041  8.241  7.574  7.206  7.068  7.213  7.628  8.206  9.026 10.019 
 9.999  9.017  8.243  7.579  7.192  7.108  7.215  7.597  8.248  9.034 10.045 
 9.968  9.047  8.281  7.594  7.196  7.093  7.212  7.582  8.248  9.084  9.999 
10.015  9.044  8.220  7.577  7.275  7.097  7.220  7.617  8.237  9.060  9.921 
10.005  9.036  8.265  7.643  7.215  7.088  7.206  7.645  8.281  9.104  9.997 
10.009  9.083  8.263  7.607  7.235  7.050  7.177  7.714  8.201  9.082 10.018 
 9.994  9.062  8.260  7.636  7.204  7.094  7.232  7.600  8.268  9.053  9.993 
 9.968  9.050  8.313  7.590  7.205  7.084  7.219  7.631  8.238  9.074  9.956 
 9.960  9.062  8.285  7.592  7.201  7.116  7.277  7.593  8.303  9.023  9.992 
 9.985  9.048  8.272  7.638  7.114  7.102  7.222  7.611  8.256  9.098 10.042 
10.016  9.087  8.262  7.635  7.206  7.058  7.244  7.645  8.278  9.070 10.001 
10.035  9.043  8.238  7.600  7.209  7.035  7.191  7.594  8.241  9.032 10.029 
 9.953  9.064  8.292  7.594  7.208  7.092  7.196  7.603  8.248  9.054  9.944 
10.022  9.065  8.268  7.615  7.260  7.045  7.244  7.626  8.250  9.078  9.988 
10.020  9.029  8.247  7.616  7.177  7.095  7.269  7.595  8.228  9.051  9.978 
10.061  9.015  8.260  7.549  7.212  7.091  7.204  7.630  8.260  9.067 10.002 
10.091  9.011  8.259  7.623  7.210  7.074  7.228  7.578  8.222  9.100 10.002 
 9.983  9.073  8.237  7.631  7.206  7.153  7.248  7.615  8.247  9.049 10.050 
 9.974  9.044  8.247  7.592  7.241  7.088  7.232  7.653  8.245  9.029  9.979 
 9.992  9.046  8.188  7.584  7.222  7.040  7.151  7.605  8.164  9.100  9.983 
10.000  9.026  8.187  7.635  7.142  7.057  7.228  7.603  8.285  9.046 10.000 
 9.999  9.014  8.240  7.649  7.208  7.142  7.201  7.581  8.278  9.034 10.007 
 9.990  9.074  8.257  7.635  7.185  7.075  7.215  7.631  8.259  9.104  9.992 
10.017  9.084  8.273  7.633  7.200  7.099  7.260  7.629  8.194  9.025  9.983 
10.000  9.055  8.268  7.582  7.181  7.075  7.210  7.652  8.248  9.070 10.031 
10.027  9.081  8.207  7.567  7.262  7.076  7.247  7.605  8.267  9.068 10.009 
 9.983  9.018  8.237  7.622  7.204  7.008  7.212  7.675  8.248  9.018 10.015 
10.024  9.007  8.244  7.635  7.246  7.020  7.268  7.614  8.190  9.041 10.012 
 9.980  9.096  8.267  7.626  7.207  7.093  7.218  7.620  8.237  9.028 10.014 
 9.988  9.032  8.221  7.624  7.238  7.109  7.216  7.668  8.246  9.017 10.020 
 9.988  9.050  8.182  7.635  7.215  7.101  7.174  7.663  8.236  9.018  9.999 
 9.955  9.070  8.224  7.608  7.169  7.067  7.201  7.592  8.259  9.052 10.034 
 9.979  9.042  8.203  7.627  7.166  7.044  7.215  7.592  8.229  9.043 10.028 
10.007  9.025  8.267  7.653  7.208  7.130  7.250  7.622  8.226  9.037  9.952 
 9.990  9.080  8.215  7.638  7.217  7.068  7.244  7.531  8.258  9.052  9.997 
10.023  9.087  8.295  7.638  7.276  7.036  7.168  7.666  8.265  9.084  9.996 
10.089  9.018  8.255  7.630  7.208  7.069  7.215  7.641  8.243  9.067  9.964 
 9.998  8.992  8.198  7.562  7.273  7.106  7.239  7.607  8.270  9.064 10.036 
10.004  8.992  8.218  7.618  7.224  7.131  7.202  7.585  8.221  9.029  9.928 
 9.996  9.015  8.235  7.630  7.173  7.041  7.174  7.639  8.302  9.098  9.972 
 9.981  9.062  8.192  7.653  7.182  7.104  7.215  7.628  8.287  9.025 10.010 
 9.983  9.081  8.213  7.595  7.210  7.072  7.192  7.626  8.229  9.031 10.034 
10.015  9.118  8.251  7.552  7.239  7.058  7.206  7.582  8.268  9.068 10.017 
10.058  9.088  8.193  7.617  7.214  7.018  7.202  7.573  8.217  9.043  9.953 
10.005  9.100  8.267  7.677  7.212  7.064  7.218  7.610  8.218  9.082 10.004 
 9.931  9.077  8.234  7.621  7.229  7.093  7.242  7.580  8.272  9.079  9.997 
10.002  9.123  8.237  7.695  7.238  7.063  7.192  7.621  8.255  9.028  9.984 
10.041  9.030  8.218  7.599  7.208  7.029  7.289  7.613  8.238  9.083 10.056 
 9.930  9.049  8.212  7.672  7.211  7.044  7.225  7.624  8.196  9.072 10.032 
10.023  9.068  8.261  7.556  7.220  7.058  7.228  7.629  8.247  9.076 10.052 
10.049  8.979  8.226  7.585  7.192  7.129  7.234  7.619  8.228  9.042 10.039 
 9.973  9.047  8.275  7.607  7.162  7.114  7.183  7.603  8.246  9.166  9.950 
10.017  9.018  8.166  7.678  7.261  7.139  7.185  7.591  8.214  9.078  9.932 
 9.984  9.004  8.225  7.628  7.193  7.098  7.185  7.556  8.274  9.056  9.957 
10.033  9.071  8.250  7.667  7.181  7.011  7.174  7.598  8.192  9.034 10.006 
 9.986  9.073  8.254  7.614  7.248  7.125  7.232  7.591  8.235  9.079 10.043 
 9.939  9.059  8.295  7.635  7.173  7.073  7.180  7.548  8.303  9.017  9.988 
10.010  9.059  8.222  7.616  7.197  7.169  7.182  7.612  8.258  9.089 10.049 
10.004  9.016  8.282  7.590  7.213  7.124  7.252  7.591  8.267  9.074  9.985 
 9.999  8.979  8.227  7.581  7.206  7.110  7.213  7.580  8.269  9.036  9.968 
 9.939  8.993  8.215  7.641  7.206  7.093  7.191  7.634  8.226  9.017 10.035 
10.000  9.024  8.232  7.608  7.265  7.048  7.245  7.545  8.253  9.037  9.945 
10.056  9.067  8.260  7.598  7.201  7.072  7.184  7.617  8.282  9.063  9.981 
10.020  9.058  8.238  7.626  7.269  7.039  7.202  7.596  8.313  9.087 10.012 
 9.992  9.086  8.222  7.603  7.151  7.070  7.190  7.617  8.237  9.065  9.942 
 9.973  9.007  8.246  7.648  7.166  7.073  7.205  7.604  8.259  9.074 10.036 
 9.995  9.039  8.260  7.638  7.210  7.044  7.187  7.609  8.263  9.036 10.014 
 9.939  9.054  8.259  7.617  7.207  7.057  7.235  7.573  8.225  9.076  9.970 
 9.988  9.078  8.243  7.583  7.195  7.064  7.206  7.648  8.186  9.101 10.007 
 9.959  9.056  8.255  7.586  7.208  7.133  7.192  7.647  8.323  9.068  9.956 
10.055  9.019  8.254  7.614  7.282  7.010  7.242  7.566  8.198  9.045  9.996 
10.051  9.028  8.238  7.634  7.222  7.068  7.215  7.624  8.277  9.047 10.037 
 9.981  9.018  8.226  7.692  7.230  7.072  7.248  7.634  8.263  9.047  9.978 
 9.968  9.044  8.274  7.604  7.196  7.048  7.235  7.637  8.270  9.085  9.987 
 9.979  9.006  8.228  7.632  7.152  7.083  7.177  7.606  8.232  9.095 10.032 
10.016  9.005  8.176  7.643  7.221  7.045  7.165  7.662  8.286  9.053  9.995 
 9.996  9.056  8.229  7.598  7.211  7.119  7.217  7.599  8.225  9.078  9.999 
10.036  9.047  8.195  7.623  7.188  7.109  7.205  7.635  8.233  9.087  9.933 
 9.985  9.057  8.250  7.651  7.194  7.097  7.152  7.594  8.269  9.014 10.020 
10.063  8.980  8.272  7.626  7.157  7.091  7.221  7.612  8.270  9.027  9.995 
 9.997  9.055  8.232  7.629  7.212  7.075  7.243  7.644  8.265  9.069  9.979 
10.006  9.075  8.218  7.618  7.165  7.078  7.210  7.614  8.243  9.038  9.942 
10.000  9.040  8.233  7.642  7.215  7.069  7.259  7.603  8.284  9.063  9.962 
 9.987  9.034  8.233  7.656  7.181  7.022  7.247  7.663  8.233  9.026 10.036 
10.040  9.019  8.231  7.664  7.223  7.073  7.174  7.601  8.239  9.088  9.992 
 9.990  9.089  8.300  7.645  7.214  7.087  7.161  7.600  8.276  9.007 10.026 
 9.995  9.045  8.224  7.656  7.235  7.063  7.274  7.561  8.259  9.034 10.032 
10.016  9.082  8.250  7.589  7.192  7.095  7.196  7.594  8.220  9.057 10.004 
10.041  9.065  8.228  7.628  7.210  7.041  7.211  7.626  8.203  9.008 10.051 
 9.917  9.055  8.289  7.602  7.252  7.086  7.252  7.619  8.251  9.016  9.969 
10.013  9.076  8.241  7.631  7.211  7.064  7.194  7.575  8.275  9.049 10.045 
 9.999  9.005  8.263  7.643  7.251  7.127  7.184  7.620  8.230  9.072  9.963 
10.026  9.077  8.239  7.644  7.199  7.057  7.244  7.622  8.285  9.049 10.074 
 9.982  9.136  8.194  7.544  7.188  7.042  7.143  7.630  8.192  9.060 10.020 
 9.992  9.069  8.273  7.614  7.139  7.074  7.274  7.590  8.197  9.096  9.987 
10.018  9.048  8.218  7.591  7.163  7.132  7.218  7.632  8.257  9.033  9.971 
10.031  9.051  8.232  7.566  7.177  7.097  7.217  7.568  8.292  9.062  9.970 
 9.997  9.076  8.254  7.699  7.200  7.124  7.205  7.597  8.257  9.056 10.050 
10.002  9.044  8.264  7.560  7.219  7.034  7.212  7.554  8.211  9.032  9.959 
10.003  9.063  8.243  7.566  7.224  7.083  7.201  7.639  8.209  8.990  9.973 
 9.988  9.007  8.236  7.628  7.211  7.057  7.219  7.660  8.177  9.061  9.936 
10.017  9.066  8.241  7.598  7.221  7.068  7.234  7.585  8.258  9.030  9.991 
10.008  9.088  8.215  7.659  7.202  7.038  7.198  7.611  8.239  9.078  9.999 
 9.978  9.061  8.288  7.640  7.196  7.064  7.208  7.634  8.209  9.064  9.997 
 9.970  9.073  8.272  7.675  7.206  7.093  7.203  7.577  8.233  9.075 10.025 
 9.975  9.028  8.235  7.669  7.190  7.058  7.187  7.674  8.238  9.038 10.029 
 9.987  9.007  8.190  7.616  7.271  7.089  7.246  7.648  8.253  9.057 10.013 
 9.963  9.060  8.194  7.615  7.227  7.110  7.211  7.617  8.206  8.993  9.999 
10.090  9.036  8.218  7.635  7.223  7.128  7.196  7.578  8.252  9.063 10.003 
10.019  9.053  8.181  7.634  7.249  7.056  7.204  7.601  8.182  9.055  9.965 
10.030  9.018  8.282  7.583  7.238  7.078  7.211  7.636  8.258  9.070 10.031 
 9.954  9.044  8.241  7.596  7.220  7.123  7.204  7.559  8.257  9.116 10.023 
10.002  9.060  8.192  7.639  7.177  7.073  7.200  7.611  8.261  9.030 10.061 
 9.995  9.060  8.250  7.562  7.187  7.051  7.205  7.535  8.206  9.090  9.960 
 9.994  9.126  8.207  7.662  7.221  7.125  7.215  7.585  8.247  9.037  9.993 
10.026  9.059  8.243  7.621  7.179  7.053  7.193  7.624  8.227  9.089  9.958 
10.011  9.070  8.229  7.637  7.212  7.100  7.172  7.634  8.275  9.023 10.037 
 9.969  9.109  8.245  7.614  7.147  7.059  7.221  7.601  8.260  9.032 10.061 
 9.981  9.044  8.248  7.629  7.178  7.119  7.232  7.603  8.287  9.062 10.001 
 9.987  9.042  8.252  7.676  7.202  7.101  7.198  7.610  8.238  9.058  9.980 
10.040  8.999  8.269  7.611  7.223  7.083  7.286  7.600  8.232  9.005 10.007 
 9.979  8.999  8.247  7.643  7.223  7.043  7.249  7.632  8.249  9.011  9.998 
10.033  9.020  8.267  7.644  7.227  7.091  7.238  7.607  8.240  8.989  9.961 
10.015  9.039  8.231  7.590  7.262  7.075  7.242  7.573  8.265  9.021 10.015 
10.008  9.057  8.150  7.666  7.287  7.053  7.204  7.632  8.261  8.986 10.034 
10.001  9.061  8.210  7.639  7.152  7.058  7.228  7.617  8.238  9.099 10.020 
 9.970  9.059  8.193  7.599  7.253  7.038  7.194  7.614  8.329  9.061  9.980 
 9.984  9.049  8.284  7.638  7.213  7.032  7.207  7.655  8.216  9.031 10.022 
10.002  9.051  8.273  7.621  7.225  7.064  7.242  7.633  8.223  9.089  9.964 
 9.983  9.008  8.230  7.666  7.282  7.089  7.199  7.565  8.265  9.053  9.997 
 9.987  9.052  8.208  7.607  7.218  7.056  7.186  7.567  8.160  9.005  9.975 
 9.955  9.072  8.218  7.627  7.207  7.043  7.266  7.564  8.220  9.094 10.043 
 9.994  9.019  8.203  7.668  7.200  7.066  7.247  7.660  8.259  9.047 10.005 
10.005  9.013  8.274  7.613  7.192  7.066  7.208  7.570  8.223  9.082  9.956 
10.066  9.061  8.196  7.620  7.238  7.063  7.226  7.693  8.185  9.062  9.946 
 9.961  9.072  8.210  7.663  7.247  7.078  7.219  7.640  8.237  9.070  9.971 
10.042  9.044  8.274  7.621  7.226  7.050  7.232  7.604  8.269  9.067 10.003 
10.021  9.024  8.246  7.613  7.175  7.016  7.236  7.648  8.276  9.073  9.983 
10.018  9.110  8.244  7.576  7.217  7.056  7.274  7.579  8.201  9.079 10.015 
 9.969  9.020  8.204  7.564  7.246  7.048  7.208  7.616  8.204  9.126  9.974 
 9.978  9.053  8.231  7.564  7.225  7.091  7.161  7.626  8.267  9.031 10.002 
 9.981  9.076  8.261  7.635  7.205  7.060  7.229  7.591  8.199  9.102  9.987 
 9.994  9.119  8.273  7.587  7.207  7.060  7.248  7.575  8.278  9.070 10.035 
10.015  9.068  8.260  7.636  7.169  7.053  7.203  7.622  8.241  9.119 10.034 
10.035  9.038  8.244  7.629  7.150  7.102  7.220  7.681  8.295  9.088  9.958 
 9.953  9.085  8.250  7.586  7.168  7.031  7.172  7.672  8.270  9.059  9.977 
 9.995  9.067  8.271  7.612  7.205  7.078  7.201  7.639  8.242  9.090 10.019 
10.003  9.098  8.251  7.594  7.250  7.053  7.228  7.669  8.237  9.131 10.028 
10.006  9.122  8.297  7.616  7.202  7.064  7.256  7.617  8.247  9.123  9.969 
 9.998  9.035  8.237  7.567  7.209  7.062  7.241  7.657  8.241  9.042 10.000 
10.025  9.003  8.233  7.584  7.231  7.076  7.193  7.603  8.293  9.029  9.986 
 9.996  9.022  8.264  7.653  7.232  7.122  7.183  7.641  8.288  9.073 10.011 
 9.959  9.062  8.200  7.575  7.255  7.049  7.232  7.637  8.253  9.090 10.009 
10.017  9.070  8.245  7.602  7.203  7.080  7.281  7.591  8.275  9.100  9.975 
10.028  9.020  8.260  7.620  7.209  6.998  7.197  7.604  8.270  9.014  9.977 
10.036  9.063  8.295  7.627  7.187  7.087  7.206  7.569  8.230  9.073  9.984 
10.004  9.046  8.263  7.551  7.162  7.083  7.175  7.557  8.250  9.046 10.002 
 9.998  9.057  8.245  7.606  7.242  7.010  7.264  7.610  8.286  9.034 10.024 
 9.989  9.052  8.255  7.625  7.220  7.082  7.206  7.606  8.232  9.048 10.019 
 9.998  9.056  8.174  7.617  7.180  7.120  7.230  7.606  8.191  9.060  9.994 
10.027  9.070  8.289  7.577  7.191  7.084  7.188  7.640  8.249  9.042  9.968 
 9.970  9.019  8.208  7.662  7.180  7.044  7.215  7.589  8.255  9.069 10.010 
 9.987  9.041  8.229  7.556  7.198  7.046  7.236  7.638  8.258  9.104 10.036 
10.029  9.110  8.283  7.567  7.197  7.078  7.196  7.599  8.236  9.025  9.965 
 9.997  9.062  8.260  7.637  7.224  7.062  7.180  7.560  8.233  9.081  9.992 
10.002  9.060  8.196  7.595  7.173  7.034  7.205  7.649  8.257  8.999  9.978 
10.001  9.022  8.242  7.657  7.260  7.053  7.210  7.700  8.170  9.094  9.976 
10.019  9.007  8.264  7.637  7.222  7.056  7.181  7.600  8.250  9.048  9.998 
 9.990  9.052  8.359  7.587  7.176  7.066  7.180  7.621  8.228  9.033 10.000 
 9.985  9.008  8.239  7.598  7.245  7.111  7.185  7.588  8.220  9.039  9.967 
10.033  9.036  8.247  7.658  7.152  7.035  7.173  7.653  8.220  9.027  9.958 
 9.994  9.022  8.226  7.626  7.209  7.105  7.258  7.637  8.165  9.030 10.039 
10.014  9.055  8.246  7.596  7.149  7.084  7.165  7.589  8.211  9.089  9.988 
 9.966  9.085  8.261  7.605  7.228  7.017  7.275  7.597  8.220  9.104 10.051 
10.013  9.025  8.246  7.594  7.227  7.050  7.214  7.622  8.271  9.026  9.999 
10.022  9.055  8.241  7.574  7.211  7.093  7.203  7.582  8.169  9.076 10.049 
 9.986  9.088  8.262  7.650  7.228  7.081  7.239  7.663  8.241  9.047  9.965 
10.029  9.013  8.277  7.553  7.149  7.127  7.215  7.648  8.216  9.069  9.981 
 9.959  9.083  8.232  7.610  7.219  7.039  7.198  7.644  8.274  9.061  9.990 
 9.999  9.046  8.227  7.620  7.248  7.093  7.126  7.648  8.275  9.086 10.002 
10.013  8.997  8.238  7.642  7.190  7.048  7.284  7.640  8.273  9.085  9.945 
10.021  9.037  8.232  7.635  7.132  7.046  7.125  7.617  8.287  9.060 10.028 
 9.975  9.027  8.216  7.625  7.250  7.080  7.209  7.587  8.272  8.963  9.974 
 9.988  9.106  8.236  7.638  7.235  7.069  7.236  7.660  8.174  9.104  9.984 
 9.960  9.103  8.216  7.609  7.134  7.054  7.232  7.606  8.252  9.008  9.984 
 9.999  9.135  8.275  7.625  7.195  7.125  7.210  7.600  8.278  9.043 10.027 
 9.966  9.060  8.276  7.637  7.221  7.094  7.171  7.639  8.250  9.058 10.005 
 9.982  9.067  8.263  7.604  7.228  7.062  7.227  7.630  8.236  9.074 10.104 
 9.984  9.042  8.271  7.620  7.228  7.040  7.153  7.637  8.255  9.077 10.039 
 9.990  9.008  8.259  7.633  7.174  7.045  7.182  7.588  8.249  9.056 10.005 
10.008  9.110  8.241  7.571  7.183  7.062  7.192  7.566  8.289  9.036  9.969 
 9.969  9.036  8.257  7.612  7.184  7.052  7.201  7.632  8.200  9.073 10.058 
 9.963  9.028  8.260  7.584  7.203  7.046  7.148  7.649  8.261  9.117  9.922 
 9.989  9.033  8.236  7.639  7.239  7.100  7.197  7.578  8.255  9.053 10.058 
10.042  9.030  8.206  7.567  7.234  7.115  7.203  7.510  8.229  9.013  9.972 
 9.963  9.065  8.247  7.653  7.161  7.092  7.202  7.620  8.272  9.035  9.972 
10.001  9.058  8.212  7.621  7.218  7.152  7.181  7.586  8.192  9.005  9.986 
10.039  9.012  8.315  7.696  7.156  7.091  7.184  7.616  8.165  9.046  9.968 
10.016  9.049  8.185  7.624  7.180  7.128  7.152  7.632  8.307  9.051 10.000 
10.022  9.078  8.261  7.627  7.256  7.071  7.187  7.629  8.237  9.046  9.981 
 9.981  9.065  8.231  7.638  7.187  7.072  7.241  7.602  8.293  8.995 10.029 
10.032  9.057  8.281  7.607  7.224  7.095  7.188  7.703  8.212  9.096  9.999 
 9.972  8.981  8.310  7.579  7.160  7.082  7.208  7.635  8.239  8.996  9.985 
10.004  9.066  8.262  7.588  7.215  7.077  7.213  7.614  8.167  9.068 10.037 
 9.974  9.093  8.267  7.592  7.267  7.072  7.174  7.553  8.196  9.054  9.996 
10.028  9.069  8.217  7.586  7.222  7.064  7.237  7.634  8.199  9.019 10.030 
10.007  9.031  8.230  7.592  7.193  7.029  7.210  7.670  8.242  9.037 10.025 
 9.972  9.136  8.176  7.603  7.214  7.059  7.180  7.602  8.229  9.009  9.988 
 9.957  9.108  8.296  7.588  7.174  7.036  7.228  7.611  8.220  9.040 10.036 
 9.968  9.008  8.246  7.635  7.192  7.081  7.172  7.631  8.203  9.088  9.986 
 9.990  9.090  8.226  7.605  7.237  7.046  7.196  7.648  8.244  9.077  9.995 
10.009  9.077  8.295  7.652  7.224  7.093  7.210  7.590  8.234  9.041  9.978 
 9.978  9.053  8.267  7.692  7.207  7.032  7.175  7.628  8.269  9.084  9.988 
10.008  9.010  8.280  7.622  7.234  7.078  7.200  7.609  8.279  9.119  9.987 
10.087  9.002  8.238  7.638  7.264  7.057  7.209  7.625  8.357  9.046 10.027 
 9.978  9.088  8.300  7.668  7.290  7.091  7.181  7.630  8.229  9.061 10.040 
10.004  9.016  8.222  7.649  7.190  7.104  7.232  7.649  8.240  9.036 10.024 
10.003  9.038  8.128  7.669  7.233  7.085  7.234  7.608  8.262  9.059 10.003 
10.018  9.043  8.282  7.597  7.289  7.076  7.297  7.613  8.230  9.025 10.023 
 9.976  9.076  8.268  7.616  7.247  7.094  7.220  7.556  8.253  9.055  9.977 
10.000  9.054  8.225  7.655  7.195  7.014  7.213  7.615  8.227  9.066 10.019 
10.015  9.056  8.214  7.628  7.197  7.096  7.168  7.629  8.274  9.014  9.964 
10.009  9.022  8.302  7.545  7.214  7.035  7.202  7.642  8.199  9.079  9.982 
10.073  9.094  8.283  7.614  7.214  7.085  7.216  7.639  8.245  9.051 10.011 
10.018  9.014  8.221  7.618  7.246  7.047  7.192  7.564  8.239  9.063  9.973 
10.026  9.056  8.300  7.658  7.196  7.091  7.205  7.640  8.203  9.066 10.005 
 9.951  9.049  8.232  7.612  7.179  7.017  7.192  7.603  8.221  9.039  9.998 
10.016  9.025  8.236  7.573  7.245  7.046  7.247  7.604  8.250  9.043  9.981 
 9.993  9.053  8.215  7.650  7.223  7.054  7.196  7.609  8.270  9.033 10.025 
 9.999  9.031  8.309  7.649  7.253  7.071  7.215  7.588  8.244  9.068 10.038 
 9.941  9.101  8.284  7.584  7.185  7.069  7.215  7.576  8.222  9.054  9.966 
10.031  9.080  8.249  7.590  7.186  7.083  7.213  7.619  8.283  9.039  9.983 
10.007  9.048  8.249  7.653  7.264  7.083  7.176  7.591  8.188  9.020  9.999 
10.031  9.062  8.256  7.585  7.223  7.051  7.226  7.612  8.279  9.015 10.027 
10.005  9.012  8.226  7.624  7.181  7.050  7.193  7.615  8.254  9.064 10.011 
 9.991  9.039  8.279  7.650  7.262  7.051  7.177  7.615  8.257  9.152  9.960 
10.009  9.059  8.268  7.562  7.217  7.079  7.191  7.636  8.261  9.051 10.043 
10.051  9.077  8.213  7.608  7.212  7.070  7.238  7.556  8.260  9.064 10.004 
 9.950  9.084  8.327  7.633  7.217  7.107  7.232  7.609  8.277  9.021 10.003 
10.004  9.070  8.226  7.591  7.165  7.069  7.255  7.630  8.229  9.008  9.974 
10.009  9.078  8.267  7.611  7.210  7.083  7.203  7.610  8.204  9.083 10.033 
 9.993  9.040  8.294  7.669  7.230  7.080  7.162  7.547  8.238  9.035  9.962 
 9.984  9.031  8.252  7.646  7.175  7.091  7.196  7.604  8.307  8.975 10.031 
 9.997  9.039  8.233  7.665  7.302  7.096  7.231  7.640  8.260  9.015  9.941 
 9.998  9.037  8.280  7.642  7.202  7.135  7.226  7.561  8.235  9.032 10.033 
 9.967  9.052  8.324  7.589  7.245  7.081  7.226  7.579  8.275  9.019 10.011 
10.017  9.059  8.186  7.602  7.278  7.066  7.225  7.645  8.199  9.039 10.033 
10.042  9.027  8.192  7.649  7.204  7.101  7.206  7.648  8.235  9.098 10.035 
 9.973  9.091  8.221  7.601  7.290  7.093  7.157  7.565  8.270  9.088  9.970 
 9.996  8.980  8.226  7.615  7.225  7.038  7.182  7.610  8.259  9.130  9.977 
10.039  9.029  8.253  7.636  7.219  7.082  7.193  7.611  8.242  9.104 10.034 
 9.998  9.104  8.284  7.611  7.139  7.061  7.184  7.608  8.203  9.054 10.044 
 9.919  9.019  8.228  7.612  7.200  7.043  7.211  7.566  8.276  9.066  9.989 
 9.960  9.053  8.233  7.621  7.228  7.094  7.227  7.541  8.230  9.085  9.983 
10.015  9.066  8.237  7.611  7.224  7.091  7.199  7.625  8.237  9.051 10.036 
10.036  9.055  8.241  7.660  7.180  7.094  7.218  7.568  8.257  9.008 10.020 
 9.998  9.082  8.262  7.575  7.168  7.028  7.153  7.584  8.255  9.034  9.959 
 9.933  9.082  8.244  7.629  7.173  7.040  7.215  7.624  8.188  9.061  9.971 
10.034  9.053  8.249  7.669  7.162  7.094  7.208  7.642  8.264  9.084  9.973 
10.026  9.077  8.256  7.539  7.166  7.078  7.148  7.640  8.240  9.058  9.945 
 9.987  9.000  8.356  7.578  7.241  7.107  7.131  7.602  8.246  9.040 10.012 
10.010  9.015  8.197  7.600  7.239  7.050  7.252  7.637  8.228  9.096 10.018 
 9.992  9.040  8.232  7.555  7.205  7.104  7.190  7.639  8.216  9.045 10.026 
 9.994  9.068  8.244  7.550  7.195  7.080  7.223  7.610  8.200  9.127 10.048 
 9.951  9.099  8.259  7.615  7.159  7.062  7.276  7.637  8.235  8.998 10.019 
10.015  9.060  8.230  7.643  7.215  7.034  7.213  7.636  8.249  9.106  9.970 
10.029  9.033  8.238  7.556  7.238  7.046  7.192  7.562  8.282  9.100  9.981 
10.000  9.045  8.258  7.629  7.264  7.063  7.217  7.587  8.244  9.097 10.030 
 9.999  9.074  8.268  7.608  7.194  7.103  7.248  7.615  8.277  9.046  9.996 
10.012  9.081  8.258  7.590  7.206  7.102  7.197  7.600  8.153  9.057  9.921 
 9.991  9.018  8.281  7.565  7.175  7.085  7.264  7.588  8.242  9.033 10.017 
 9.994  9.134  8.214  7.575  7.182  7.057  7.230  7.622  8.262  9.050 10.039 
10.028  9.056  8.311  7.656  7.177  7.115  7.194  7.621  8.267  9.051 10.001 
 9.983  9.076  8.264  7.591  7.207  7.145  7.200  7.597  8.203  9.069 10.017 
 9.970  9.048  8.236  7.595  7.213  7.062  7.205  7.613  8.276  9.009 10.020 
 9.972  9.042  8.253  7.605  7.200  7.038  7.264  7.591  8.264  9.041  9.945 
10.005  9.044  8.176  7.583  7.191  7.047  7.223  7.609  8.190  9.032 10.025 
10.005  9.042  8.255  7.606  7.246  7.060  7.208  7.609  8.277  9.049  9.973 
 9.982  9.104  8.244  7.594  7.217  7.032  7.168  7.594  8.213  9.050  9.957 
 9.999  9.090  8.223  7.595  7.165  7.114  7.202  7.604  8.278  9.092  9.972 
 9.997  9.024  8.268  7.581  7.231  7.022  7.184  7.628  8.220  9.047  9.978 
 9.967  9.078  8.235  7.593  7.197  7.094  7.193  7.575  8.301  9.032 10.026 
 9.977  9.061  8.258  7.567  7.235  7.105  7.217  7.624  8.311  9.082 10.021 
 9.973  9.006  8.231  7.593  7.255  7.115  7.231  7.602  8.249  9.080 10.028 
10.048  9.043  8.238  7.603  7.239  7.033  7.191  7.563  8.236  9.071  9.969 
 9.995  9.075  8.236  7.631  7.243  7.045  7.290  7.587  8.221  9.050  9.984 
 9.986  9.056  8.216  7.598  7.206  7.092  7.209  7.630  8.240  8.980  9.986 
 9.956  9.032  8.265  7.609  7.193  7.038  7.228  7.580  8.260  9.003 10.025 
10.035  9.072  8.211  7.647  7.252  7.034  7.186  7.608  8.283  9.058 10.033 
 9.972  8.999  8.243  7.581  7.167  7.096  7.210  7.622  8.232  9.100 10.021 
10.023  9.059  8.211  7.582  7.203  7.100  7.194  7.586  8.194  9.111  9.991 
 9.995  9.148  8.255  7.628  7.206  7.054  7.210  7.585  8.331  9.045 10.007 
10.030  9.023  8.204  7.619  7.228  7.076  7.200  7.583  8.187  9.068 10.018 
 9.976  9.118  8.220  7.644  7.235  7.030  7.160  7.596  8.296  9.051 10.005 
 9.976  9.052  8.259  7.619  7.244  7.065  7.254  7.630  8.242  9.046  9.971 
 9.955  9.024  8.262  7.591  7.238  7.107  7.231  7.669  8.221  9.059  9.932 
10.004  9.094  8.210  7.621  7.187  7.050  7.179  7.557  8.229  9.017  9.975 
 9.986  9.024  8.199  7.561  7.203  7.093  7.209  7.645  8.191  9.043  9.996 
10.014  9.054  8.187  7.611  7.153  7.054  7.200  7.605  8.231  9.046  9.972 
10.023  9.043  8.281  7.640  7.198  7.071  7.202  7.583  8.230  9.054  9.997 
 9.970  8.996  8.210  7.681  7.168  7.088  7.246  7.594  8.267  9.030  9.956 
 9.992  8.988  8.224  7.603  7.204  7.150  7.253  7.609  8.186  9.077 10.066 
 9.976  9.051  8.216  7.610  7.167  7.032  7.186  7.615  8.246  9.027  9.971 
 9.971  9.017  8.240  7.630  7.305  7.099  7.165  7.599  8.252  9.048  9.989 
 9.999  9.014  8.250  7.598  7.200  7.035  7.214  7.582  8.204  9.110  9.973 
10.042  9.058  8.266  7.630  7.233  7.015  7.178  7.646  8.234  9.053  9.997 
10.050  9.035  8.276  7.607  7.164  7.093  7.181  7.610  8.252  8.991  9.958 
 9.986  9.078  8.173  7.595  7.230  7.087  7.236  7.610  8.268  9.016  9.976 
 9.984  9.034  8.286  7.661  7.220  7.055  7.227  7.629  8.294  8.994  9.939 
 9.993  9.098  8.274  7.616  7.247  7.111  7.227  7.623  8.240  9.084  9.936 
10.003  9.088  8.245  7.574  7.236  7.140  7.153  7.605  8.261  9.028  9.963 
 9.972  9.108  8.209  7.591  7.237  7.075  7.147  7.616  8.318  9.010  9.990 
 9.985  9.046  8.276  7.605  7.169  7.051  7.265  7.601  8.199  8.997 10.016 
10.047  9.107  8.269  7.607  7.257  7.078  7.169  7.623  8.232  9.054 10.011 
10.006  8.999  8.202  7.631  7.197  7.043  7.203  7.596  8.311  9.044  9.949 
10.075  9.059  8.197  7.686  7.189  7.084  7.207  7.606  8.252  9.089 10.031 
 9.946  9.063  8.223  7.655  7.221  7.042  7.196  7.647  8.253  9.072 10.061 
10.026  9.067  8.152  7.638  7.232  7.128  7.241  7.634  8.219  9.007  9.971 
 9.971  9.089  8.288  7.599  7.224  7.016  7.206  7.638  8.251  9.010 10.002 
 9.987  9.083  8.210  7.631  7.222  7.061  7.273  7.588  8.222  9.116 10.004 
 9.998  9.016  8.225  7.647  7.218  7.059  7.198  7.652  8.269  9.055  9.991 
 9.953  9.041  8.228  7.607  7.229  7.036  7.266  7.582  8.188  9.041  9.998 
 9.953  9.029  8.288  7.607  7.229  7.048  7.197  7.560  8.217  9.054 10.011 
 9.977  9.029  8.241  7.590  7.142  7.066  7.256  7.616  8.203  9.039  9.999 
 9.959  9.074  8.246  7.619  7.144  7.068  7.196  7.644  8.304  9.084  9.998 
 9.948  9.117  8.246  7.566  7.225  7.066  7.205  7.609  8.220  9.063 10.015 
10.046  9.132  8.220  7.606  7.186  7.116  7.195  7.646  8.261  9.041  9.983 
10.014  9.054  8.269  7.627  7.163  7.080  7.190  7.638  8.228  9.091  9.981 
10.019  9.077  8.262  7.597  7.186  7.040  7.256  7.634  8.170  9.079  9.918 
10.024  9.049  8.242  7.604  7.255  7.112  7.239  7.629  8.226  9.069  9.985 
10.043  9.096  8.272  7.600  7.216  7.079  7.202  7.577  8.190  9.027  9.982 
 9.978  9.061  8.253  7.595  7.285  7.127  7.227  7.569  8.231  9.079 10.057 
 9.959  9.067  8.237  7.554  7.213  7.105  7.231  7.637  8.284  9.094  9.936 
 9.974  9.048  8.309  7.645  7.189  7.085  7.200  7.618  8.332  9.002  9.998 
10.012  9.060  8.251  7.602  7.196  7.112  7.160  7.680  8.317  9.067 10.015 
10.011  8.999  8.281  7.603  7.179  7.103  7.184  7.640  8.266  9.016  9.985 
 9.978  9.026  8.207  7.617  7.169  7.055  7.271  7.603  8.235  9.092  9.957 
10.003  9.001  8.236  7.656  7.245  7.128  7.191  7.587  8.256  8.989 10.053 
 9.999  9.003  8.220  7.655  7.238  7.069  7.248  7.577  8.239  9.067 10.026 
10.015  9.041  8.265  7.566  7.168  7.083  7.229  7.573  8.266  9.070  9.979 
 9.994  9.002  8.248  7.637  7.240  7.104  7.188  7.640  8.268  9.049 10.000 
10.018  9.057  8.245  7.595  7.186  7.128  7.260  7.578  8.245  9.051 10.044 
 9.992  9.091  8.235  7.567  7.187  7.040  7.122  7.616  8.190  9.073 10.029 
 9.976  9.043  8.238  7.626  7.199  7.070  7.244  7.606  8.276  9.010  9.987 
10.038  9.047  8.247  7.662  7.183  7.081  7.250  7.608  8.221  9.083 10.048 
10.005  9.064  8.182  7.580  7.217  7.104  7.223  7.619  8.277  9.040  9.999 
 9.969  9.006  8.317  7.609  7.263  7.059  7.199  7.630  8.253  9.033 10.079 
 9.976  9.081  8.211  7.554  7.202  7.032  7.211  7.599  8.196  9.041 10.021 
 9.982  9.114  8.280  7.603  7.191  7.019  7.215  7.627  8.194  9.025 10.059 
10.007  9.078  8.288  7.584  7.182  7.054  7.216  7.592  8.222  9.049  9.874 
10.011  9.066  8.287  7.568  7.154  7.087  7.228  7.636  8.182  9.065 10.014 
10.022  9.077  8.192  7.617  7.206  7.105  7.241  7.598  8.259  9.074 10.020 
10.008  9.055  8.238  7.615  7.208  7.033  7.251  7.620  8.228  9.059 10.018 
 9.979  9.091  8.270  7.562  7.217  7.082  7.214  7.621  8.261  9.038  9.958 
 9.983  9.068  8.259  7.647  7.233  7.069  7.215  7.621  8.245  9.026 10.025 
10.020  9.059  8.274  7.589  7.208  7.132  7.221  7.601  8.255  9.100  9.938 
 9.980  9.076  8.275  7.661  7.156  7.079  7.169  7.668  8.198  9.122 10.009 
10.027  9.077  8.281  7.628  7.215  7.084  7.194  7.586  8.244  9.039  9.985 
10.027  8.990  8.245  7.595  7.239  7.075  7.229  7.635  8.238  9.059 10.017 
10.021  9.034  8.204  7.600  7.211  7.088  7.185  7.614  8.256  9.064  9.981 
10.000  9.074  8.245  7.620  7.235  7.127  7.183  7.587  8.243  9.071  9.959 
10.057  9.027  8.237  7.625  7.246  7.096  7.196  7.610  8.184  9.054 10.006 
10.058  9.039  8.239  7.638  7.164  7.017  7.186  7.626  8.272  9.070 10.000 
10.035  9.015  8.264  7.645  7.221  7.025  7.217  7.648  8.229  9.049  9.980 
 9.957  9.111  8.307  7.589  7.249  7.076  7.155  7.608  8.311  9.019 10.055 
 9.962  9.077  8.262  7.677  7.183  7.064  7.191  7.598  8.304  9.040  9.968 
10.033  9.071  8.269  7.596  7.181  7.017  7.173  7.608  8.242  9.033 10.000 
10.023  9.059  8.242  7.646  7.284  7.033  7.198  7.674  8.311  9.081  9.983 
 9.995  9.041  8.256  7.605  7.186  7.091  7.176  7.632  8.247  9.014  9.975 
10.079  9.093  8.296  7.642  7.244  7.085  7.207  7.564  8.279  9.088  9.989 
10.013  9.066  8.249  7.672  7.241  7.072  7.160  7.573  8.210  9.065  9.970 
10.003  9.022  8.275  7.589  7.237  7.068  7.194  7.660  8.277  9.039 10.012 
 9.979  9.076  8.188  7.597  7.211  7.122  7.233  7.640  8.257  9.101 10.040 
 9.958  9.073  8.246  7.598  7.320  7.081  7.192  7.599  8.274  9.098  9.945 
 9.980  9.085  8.200  7.583  7.152  7.104  7.203  7.616  8.283  9.059 10.023 
 9.961  9.072  8.266  7.623  7.276  7.075  7.180  7.664  8.304  9.067 10.032 
10.003  9.052  8.275  7.647  7.194  7.032  7.150  7.629  8.216  9.028 10.022 
10.005  9.043  8.263  7.614  7.213  7.043  7.254  7.565  8.220  9.045  9.967 
 9.990  9.111  8.243  7.609  7.264  7.042  7.229  7.599  8.235  9.080 10.002 
 9.955  9.084  8.246  7.608  7.237  7.090  7.225  7.677  8.262  9.057  9.994 
 9.986  9.060  8.245  7.612  7.198  7.076  7.243  7.603  8.236  9.073 10.010 
10.039  9.064  8.207  7.685  7.212  7.080  7.204  7.645  8.218  9.042  9.995 
 9.997  9.021  8.291  7.575  7.214  7.065  7.222  7.607  8.251  9.060 10.042 
 9.976  9.021  8.226  7.656  7.192  7.049  7.178  7.607  8.216  9.105 10.019 
10.016  8.991  8.265  7.644  7.253  7.010  7.229  7.606  8.250  9.084 10.010 
 9.995  9.097  8.258  7.565  7.224  7.040  7.255  7.647  8.225  9.085 10.011 
 9.999  9.060  8.254  7.644  7.186  7.053  7.193  7.603  8.257  9.080  9.976 
10.013  9.006  8.208  7.628  7.239  7.061  7.200  7.619  8.265  9.053  9.980 
 9.979  9.059  8.229  7.633  7.210  7.059  7.183  7.557  8.288  9.003  9.980 
10.047  9.027  8.189  7.585  7.166  7.116  7.265  7.662  8.212  9.094  9.996 
10.025  9.044  8.218  7.588  7.279  7.050  7.237  7.648  8.251  9.036  9.972 
 9.952  9.116  8.212  7.646  7.230  7.063  7.210  7.627  8.214  9.053  9.986 
 9.951  9.085  8.231  7.576  7.197  7.108  7.215  7.611  8.243  9.068 10.012 
 9.955  9.044  8.234  7.581  7.187  7.066  7.204  7.626  8.207  9.085  9.981 
10.037  9.067  8.197  7.585  7.172  7.138  7.229  7.584  8.280  9.078  9.973 
10.017  9.101  8.241  7.647  7.282  7.097  7.267  7.626  8.236  9.057  9.992 
10.029  9.064  8.293  7.657  7.241  7.081  7.221  7.607  8.255  9.042 10.034 
 9.993  9.041  8.208  7.563  7.256  7.074  7.180  7.642  8.240  9.119 10.049 
10.015  9.050  8.258  7.626  7.187  7.096  7.262  7.663  8.211  9.045 10.005 
 9.951  9.070  8.180  7.629  7.165  7.056  7.234  7.648  8.211  9.026 10.027 
10.011  9.051  8.287  7.641  7.186  7.077  7.149  7.646  8.230  9.027 10.026 
 9.986  9.058  8.274  7.637  7.189  7.144  7.226  7.634  8.225  9.029 10.045 
10.060  9.068  8.292  7.627  7.174  7.070  7.174  7.662  8.223  9.039  9.925 
10.044  9.018  8.233  7.634  7.137  7.054  7.209  7.667  8.214  9.089  9.933 
10.006  9.002  8.244  7.632  7.180  7.015  7.191  7.636  8.235  9.085  9.985 
 9.975  9.065  8.249  7.674  7.203  7.070  7.209  7.582  8.242  9.014  9.982 
10.065  9.059  8.280  7.573  7.239  7.046  7.205  7.616  8.218  9.043 10.017 
 9.981  9.065  8.264  7.616  7.164  7.096  7.218  7.590  8.273  9.014 10.024 
 9.945  9.091  8.261  7.665  7.230  7.086  7.175  7.631  8.216  9.050  9.965 
10.062  9.096  8.251  7.625  7.208  7.104  7.240  7.588  8.279  9.045 10.000 
 9.979  9.057  8.253  7.601  7.214  7.063  7.199  7.703  8.231  9.059 10.034 
10.005  9.060  8.218  7.585  7.206  7.089  7.250  7.629  8.222  9.083  9.989 
10.002  9.093  8.214  7.576  7.171  7.097  7.251  7.640  8.266  9.054  9.929 
10.000  9.030  8.259  7.593  7.206  7.083  7.204  7.568  8.247  9.017  9.966 
 9.912  9.108  8.289  7.640  7.219  7.036  7.223  7.673  8.251  9.031  9.900 
10.031  9.119  8.184  7.604  7.206  7.095  7.213  7.582  8.276  9.070  9.966 
10.066  9.090  8.224  7.600  7.154  7.083  7.253  7.594  8.257  9.037  9.943 
 9.955  8.991  8.168  7.659  7.160  7.053  7.206  7.617  8.232  8.999  9.995 
 9.974  9.037  8.272  7.592  7.200  7.081  7.201  7.666  8.276  9.096 10.052 
10.013  9.078  8.235  7.646  7.264  7.120  7.191  7.558  8.259  9.116  9.990 
 9.992  9.062  8.219  7.636  7.242  7.051  7.177  7.633  8.244  9.018 10.004 
 9.964  9.057  8.243  7.585  7.206  7.082  7.215  7.604  8.235  9.026 10.005 
10.058  9.041  8.184  7.589  7.165  7.083  7.220  7.670  8.232  9.014 10.046 
10.005  9.074  8.220  7.609  7.219  7.048  7.208  7.670  8.246  9.014 10.012 
10.005  9.110  8.243  7.612  7.141  7.088  7.223  7.587  8.265  9.134  9.993 
 9.953  9.056  8.283  7.606  7.279  7.087  7.205  7.654  8.230  9.070 10.010 
 9.901  9.097  8.285  7.617  7.198  7.020  7.192  7.654  8.251  9.086  9.964 
 9.942  9.059  8.196  7.635  7.249  7.028  7.215  7.681  8.255  9.037  9.966 
10.001  9.073  8.215  7.591  7.217  7.068  7.233  7.598  8.212  9.039  9.987 
 9.996  8.997  8.205  7.606  7.266  7.044  7.220  7.606  8.230  9.021 10.005 
10.045  9.057  8.266  7.612  7.256  7.011  7.172  7.611  8.284  9.062  9.981 
10.084  9.012  8.245  7.620  7.155  7.086  7.192  7.650  8.285  9.081  9.973 
 9.981  9.015  8.304  7.610  7.236  7.081  7.255  7.572  8.267  9.085  9.995 
10.001  9.057  8.206  7.638  7.207  7.086  7.168  7.636  8.207  9.041 10.001 
 9.992  9.055  8.251  7.603  7.173  7.035  7.238  7.561  8.185  9.067  9.971 
10.006  9.052  8.236  7.652  7.253  7.086  7.198  7.645  8.239  9.050  9.979 
 9.986  9.004  8.214  7.624  7.272  7.068  7.166  7.610  8.223  9.090 10.000 
 9.963  9.072  8.242  7.626  7.219  7.072  7.253  7.597  8.213  9.030  9.987 
10.032  9.040  8.216  7.590  7.189  7.098  7.264  7.650  8.276  9.028  9.976 
 9.990  9.115  8.298  7.608  7.231  7.068  7.249  7.670  8.262  9.135  9.995 
 9.986  9.053  8.287  7.561  7.180  7.044  7.250  7.633  8.177  9.015  9.958 
 9.988  9.062  8.252  7.623  7.197  7.064  7.241  7.628  8.176  9.026 10.049 
10.009  9.113  8.293  7.616  7.261  7.123  7.191  7.616  8.248  9.079  9.981 
 9.972  9.065  8.237  7.597  7.220  7.105  7.209  7.650  8.316  9.079 10.017 
10.003  9.068  8.236  7.605  7.215  7.073  7.211  7.635  8.238  9.064 10.058 
10.027  9.074  8.274  7.633  7.229  7.051  7.165  7.632  8.241  9.053 10.052 
10.042  9.084  8.190  7.569  7.242  7.140  7.179  7.634  8.208  9.080 10.042 
 9.974  9.029  8.236  7.653  7.187  7.071  7.201  7.590  8.214  9.052 10.003 
 9.961  9.048  8.245  7.627  7.224  7.082  7.273  7.634  8.202  9.090 10.010 
10.024  9.095  8.247  7.600  7.219  7.089  7.237  7.597  8.293  9.032 10.013 
10.044  9.023  8.283  7.652  7.220  7.079  7.217  7.653  8.233  9.044 10.005 
10.037  9.058  8.321  7.644  7.249  7.090  7.256  7.576  8.218  9.028  9.925 
10.032  9.071  8.201  7.649  7.211  7.096  7.245  7.620  8.241  9.058  9.993 
10.009  9.040  8.242  7.558  7.243  7.067  7.230  7.631  8.241  9.037 10.047 
10.030  9.090  8.235  7.596  7.237  7.056  7.190  7.603  8.181  9.058 10.022 
 9.997  9.117  8.246  7.659  7.229  7.102  7.190  7.564  8.236  9.072  9.984 
 9.943  8.978  8.251  7.602  7.220  7.051  7.220  7.621  8.184  9.069  9.931 
 9.957  9.065  8.271  7.616  7.215  7.053  7.248  7.656  8.253  8.993  9.957 
 9.937  9.013  8.251  7.620  7.278  7.128  7.235  7.591  8.311  9.046 10.002 
10.025  9.048  8.227  7.635  7.248  7.049  7.199  7.603  8.287  9.065 10.013 
10.022  9.034  8.232  7.607  7.201  7.051  7.174  7.597  8.249  9.079 10.003 
10.017  9.055  8.243  7.639  7.225  7.070  7.234  7.599  8.267  9.085 10.028 
 9.993  9.043  8.273  7.632  7.220  7.073  7.260  7.656  8.246  9.011  9.942 
 9.967  9.003  8.283  7.616  7.201  7.047  7.232  7.618  8.246  9.056  9.947 
 9.998  9.069  8.234  7.593  7.183  7.101  7.209  7.630  8.223  8.960 10.033 
10.062  9.087  8.236  7.649  7.224  7.061  7.226  7.607  8.260  9.093  9.949 
 9.973  9.054  8.235  7.599  7.217  7.031  7.210  7.563  8.187  9.016 10.035 
 9.951  9.120  8.317  7.591  7.202  7.075  7.231  7.627  8.192  9.086 10.033 
 9.953  9.039  8.247  7.565  7.186  7.075  7.251  7.631  8.245  9.075 10.017 
 9.984  9.080  8.261  7.599  7.218  7.070  7.166  7.551  8.313  9.086 10.102 
10.008  9.012  8.211  7.631  7.190  7.050  7.197  7.598  8.284  9.004  9.998 
 9.996  9.044  8.208  7.609  7.218  7.085  7.230  7.616  8.171  9.086 10.008 
 9.993  9.070  8.231  7.595  7.234  7.089  7.198  7.586  8.220  9.018 10.064 
 9.978  8.990  8.242  7.641  7.194  7.059  7.228  7.630  8.216  9.040 10.017 
 9.931  9.065  8.220  7.647  7.182  7.078  7.188  7.677  8.165  9.111 10.048 
10.027  9.052  8.239  7.611  7.174  7.068  7.190  7.637  8.296  9.048 10.005 
 9.999  9.018  8.202  7.641  7.254  7.085  7.235  7.557  8.207  9.107  9.965 
10.062  9.015  8.211  7.616  7.242  7.009  7.181  7.633  8.277  9.018 10.013 
 9.990  9.012  8.234  7.608  7.282  7.045  7.190  7.608  8.222  9.009  9.988 
 9.971  9.077  8.246  7.603  7.229  7.080  7.211  7.612  8.302  9.050 10.049 
 9.944  9.089  8.238  7.610  7.204  7.014  7.244  7.638  8.220  9.049  9.941 
 9.996  9.031  8.264  7.645  7.150  7.091  7.266  7.602  8.239  9.038  9.976 
10.017  9.023  8.228  7.615  7.261  7.119  7.268  7.659  8.263  9.073 10.027 
 9.980  9.040  8.208  7.603  7.240  6.969  7.242  7.620  8.248  9.087  9.976 
10.034  9.001  8.163  7.636  7.176  7.111  7.234  7.597  8.246  9.036  9.999 
10.008  9.073  8.313  7.686  7.208  7.065  7.189  7.607  8.232  9.013 10.069 
 9.975  9.096  8.197  7.633  7.209  7.072  7.213  7.622  8.235  9.059  9.971 
10.010  9.106  8.243  7.701  7.215  7.051  7.153  7.564  8.265  9.082 10.078 
 9.996  8.995  8.224  7.646  7.253  7.050  7.232  7.600  8.232  9.062  9.989 
10.092  9.072  8.277  7.648  7.205  7.118  7.264  7.621  8.293  9.036 10.059 
10.033  9.052  8.238  7.637  7.278  7.031  7.172  7.633  8.236  9.059  9.986 
 9.964  9.035  8.226  7.612  7.205  7.082  7.156  7.642  8.200  9.051  9.988 
 9.962  9.078  8.229  7.631  7.144  7.114  7.234  7.654  8.192  9.063  9.995 
 9.996  9.013  8.241  7.644  7.195  7.024  7.180  7.619  8.279  9.080  9.976 
 9.967  9.031  8.270  7.673  7.235  7.050  7.266  7.580  8.232  9.030 10.012 
 9.957  9.038  8.272  7.629  7.236  7.052  7.205  7.588  8.200  9.059 10.016 
10.085  9.028  8.231  7.589  7.221  7.101  7.183  7.606  8.231  9.084  9.948 
10.022  9.019  8.243  7.629  7.244  7.123  7.195  7.591  8.235  9.080  9.993 
 9.994  9.049  8.271  7.583  7.202  7.084  7.199  7.633  8.242  9.006  9.990 
10.004  9.052  8.235  7.561  7.241  7.093  7.173  7.610  8.264  9.047 10.020 
10.024  9.073  8.212  7.662  7.189  7.088  7.239  7.622  8.260  9.099 10.042 
10.019  9.050  8.263  7.661  7.207  7.035  7.260  7.607  8.221  9.085  9.976 
 9.965  9.059  8.271  7.609  7.205  7.049  7.184  7.589  8.215  9.002  9.974 
10.019  9.058  8.223  7.611  7.194  7.047  7.233  7.583  8.224  9.038 10.028 
10.006  9.050  8.192  7.650  7.189  7.128  7.253  7.595  8.245  9.013  9.992 
 9.966  9.071  8.203  7.563  7.220  7.071  7.243  7.643  8.214  9.115 10.016 
 9.975  9.073  8.167  7.614  7.242  7.065  7.196  7.579  8.261  9.021 10.055 
10.022  9.057  8.262  7.610  7.223  7.067  7.199  7.620  8.248  9.042 10.012 
10.018  9.043  8.303  7.639  7.203  7.079  7.205  7.647  8.208  9.052 10.044 
 9.928  9.026  8.281  7.712  7.252  7.107  7.256  7.605  8.306  8.996  9.994 
 9.974  9.020  8.247  7.661  7.191  7.126  7.185  7.621  8.208  9.033  9.999 
 9.966  8.999  8.285  7.600  7.236  7.133  7.238  7.605  8.245  9.042  9.948 
10.030  9.064  8.288  7.562  7.212  7.046  7.245  7.608  8.276  9.032 10.059 
10.008  9.036  8.320  7.609  7.195  7.043  7.200  7.596  8.158  9.105 10.018 
 9.975  9.020  8.240  7.646  7.244  7.064  7.201  7.600  8.256  9.075 10.041 
10.023  9.086  8.197  7.614  7.235  7.077  7.251  7.644  8.270  9.056 10.029 
10.007  9.079  8.239  7.589  7.190  7.072  7.189  7.652  8.225  9.060 10.013 
10.012  9.074  8.264  7.570  7.206  7.090  7.152  7.654  8.284  9.093 10.011 
10.070  9.094  8.232  7.609  7.264  7.082  7.225  7.635  8.196  9.056 10.003 
10.026  9.037  8.238  7.587  7.229  7.073  7.238  7.566  8.268  9.059  9.994 
10.014  9.040  8.260  7.632  7.191  7.090  7.211  7.581  8.242  9.133 10.068 
10.024  9.069  8.267  7.603  7.261  7.054  7.218  7.633  8.243  9.052  9.991 
 9.944  9.014  8.201  7.589  7.210  7.073  7.215  7.618  8.202  9.025 10.072 
10.048  9.082  8.274  7.595  7.235  7.019  7.175  7.567  8.262  9.100  9.987 
10.003  9.015  8.282  7.636  7.234  7.093  7.195  7.612  8.240  9.137 10.048 
 9.962  9.098  8.251  7.628  7.232  7.158  7.257  7.593  8.200  9.050 10.009 
10.000  9.058  8.224  7.574  7.210  7.056  7.186  7.692  8.307  9.066 10.026 
10.005  9.091  8.265  7.590  7.165  7.058  7.216  7.647  8.264  9.096  9.956 
 9.999  9.048  8.187  7.610  7.166  7.078  7.257  7.582  8.207  8.976 10.025 
10.051  9.040  8.247  7.579  7.186  7.052  7.229  7.621  8.271  9.060  9.980 
10.025  9.027  8.223  7.639  7.222  7.118  7.229  7.608  8.235  9.062 10.003 
 9.971  9.052  8.269  7.560  7.186  7.075  7.204  7.626  8.218  9.132 10.019 
 9.996  9.046  8.238  7.561  7.214  7.090  7.266  7.576  8.255  9.056  9.957 
 9.992  9.031  8.269  7.621  7.183  7.061  7.232  7.558  8.204  9.104 10.030 
10.000  9.090  8.256  7.600  7.167  7.018  7.275  7.632  8.288  9.030 10.061 
10.015  9.015  8.270  7.637  7.204  7.064  7.232  7.598  8.231  9.077  9.959 
10.048  8.970  8.245  7.598  7.206  7.088  7.199  7.623  8.215  9.070  9.995 
10.059  9.072  8.227  7.631  7.247  7.075  7.196  7.614  8.227  9.032 10.041 
 9.970  8.984  8.255  7.587  7.207  7.069  7.204  7.628  8.293  9.066 10.012 
 9.988  9.040  8.183  7.594  7.162  7.064  7.254  7.596  8.259  9.066 10.021 
10.008  9.056  8.271  7.608  7.218  7.033  7.209  7.623  8.279  9.024  9.991 
10.051  9.104  8.207  7.607  7.214  7.071  7.211  7.582  8.250  9.031 10.068 
 9.962  9.037  8.232  7.611  7.161  7.077  7.213  7.590  8.254  9.027 10.018 
10.038  9.060  8.248  7.619  7.174  7.071  7.183  7.666  8.222  9.011 10.023 
10.041  9.063  8.237  7.684  7.217  7.021  7.232  7.615  8.225  9.068  9.970 
 9.946  9.057  8.228  7.619  7.240  7.064  7.241  7.621  8.248  9.097 10.044 
10.022  8.985  8.249  7.560  7.177  7.049  7.149  7.634  8.208  9.050  9.961 
 9.995  9.052  8.265  7.614  7.287  7.080  7.158  7.627  8.258  9.060  9.953 
 9.962  9.050  8.241  7.620  7.226  7.055  7.219  7.637  8.244  9.041 10.011 
10.005  9.050  8.245  7.756  7.241  7.086  7.207  7.542  8.297  9.061  9.977 
 9.989  9.024  8.250  7.631  7.228  7.107  7.252  7.636  8.246  9.096  9.998 
10.016  9.069  8.298  7.643  7.208  7.110  7.227  7.631  8.251  9.073  9.966 
 9.920  9.097  8.288  7.601  7.239  7.000  7.150  7.624  8.248  9.022 10.024 
 9.978  9.048  8.306  7.656  7.213  7.110  7.208  7.561  8.274  9.092  9.994 
10.034  9.043  8.275  7.594  7.266  7.082  7.163  7.621  8.275  9.061 10.048 
 9.931  9.028  8.182  7.663  7.263  7.058  7.268  7.645  8.213  9.014 10.048 
10.038  9.042  8.213  7.580  7.228  7.103  7.183  7.600  8.280  9.047 10.004 
10.025  9.069  8.268  7.631  7.251  7.003  7.158  7.610  8.282  9.053 10.040 
10.048  8.968  8.237  7.618  7.186  7.048  7.262  7.652  8.218  9.141  9.991 
 9.960  9.011  8.261  7.607  7.207  7.148  7.294  7.616  8.228  9.075  9.972 
 9.977  9.014  8.245  7.647  7.172  7.045  7.170  7.615  8.221  9.025  9.995 
 9.944  9.064  8.276  7.651  7.214  7.038  7.190  7.656  8.206  9.045 10.011 
10.017  9.081  8.226  7.634  7.244  7.056  7.203  7.641  8.204  9.111 10.011 
 9.981  9.096  8.233  7.620  7.166  7.072  7.183  7.592  8.213  9.101 10.045 
 9.998  9.065  8.245  7.663  7.156  7.095  7.232  7.606  8.296  9.012 10.004 
 9.993  9.087  8.223  7.621  7.195  7.050  7.163  7.558  8.224  9.103  9.994 
 9.987  9.046  8.232  7.602  7.187  7.069  7.198  7.587  8.229  9.125 10.013 
 9.974  9.068  8.210  7.610  7.216  7.044  7.229  7.611  8.232  9.019  9.943 
10.001  9.034  8.186  7.643  7.194  7.097  7.269  7.606  8.266  9.086  9.999 
10.007  9.022  8.243  7.604  7.255  7.066  7.222  7.614  8.308  9.046 10.056 
10.002  9.116  8.238  7.657  7.255  7.044  7.201  7.606  8.252  9.060  9.987 
 9.977  9.018  8.235  7.580  7.235  7.124  7.244  7.591  8.278  9.071 10.080 
10.016  8.995  8.185  7.638  7.217  7.064  7.241  7.641  8.297  9.023  9.977 
 9.979  9.080  8.228  7.622  7.262  7.066  7.228  7.568  8.203  9.053  9.990 
 9.969  9.044  8.174  7.592  7.122  7.051  7.200  7.585  8.256  9.053 10.039 
 9.952  9.046  8.236  7.633  7.240  7.058  7.217  7.621  8.229  9.037  9.926 
10.071  9.054  8.251  7.631  7.222  7.028  7.175  7.611  8.198  9.051  9.975 
 9.979  9.064  8.231  7.629  7.162  7.115  7.198  7.654  8.305  9.112  9.994 
 9.947  9.100  8.222  7.563  7.214  7.045  7.211  7.640  8.226  9.070 10.044 
 9.982  9.031  8.284  7.635  7.218  7.065  7.234  7.595  8.267  9.079  9.934 
10.029  9.054  8.217  7.583  7.187  7.072  7.250  7.598  8.230  9.009  9.988 
10.014  9.011  8.216  7.625  7.188  7.068  7.261  7.630  8.305  9.053  9.985 
 9.993  9.068  8.271  7.668  7.229  7.134  7.204  7.682  8.322  9.082 10.009 
 9.975  9.041  8.205  7.605  7.193  7.083  7.224  7.610  8.271  9.055 10.045 
 9.977  9.050  8.277  7.633  7.228  7.023  7.193  7.586  8.246  9.061  9.982 
 9.936  9.134  8.283  7.567  7.226  6.994  7.211  7.665  8.236  9.088 10.019 
 9.980  9.051  8.221  7.636  7.230  7.111  7.198  7.560  8.291  9.075  9.971 
 9.963  9.113  8.253  7.604  7.233  7.134  7.218  7.603  8.248  9.037 10.024 
10.053  9.117  8.258  7.590  7.181  7.073  7.192  7.587  8.229  9.011 10.020 
 9.994  9.062  8.214  7.585  7.235  7.055  7.221  7.609  8.274  9.018  9.996 
10.002  9.031  8.289  7.608  7.283  7.060  7.189  7.631  8.191  9.078  9.994 
 9.942  9.087  8.196  7.605  7.236  7.072  7.206  7.637  8.232  9.001  9.949 
10.049  9.044  8.180  7.657  7.193  7.058  7.189  7.617  8.254  9.085  9.967 
 9.995  9.054  8.301  7.629  7.154  7.047  7.192  7.624  8.239  9.021  9.986 
 9.996  9.034  8.296  7.599  7.271  7.079  7.205  7.556  8.209  9.102  9.945 
 9.961  9.051  8.240  7.603  7.222  7.086  7.231  7.636  8.227  9.083 10.074 
10.035  9.087  8.181  7.576  7.241  7.047  7.208  7.627  8.272  9.041  9.911 
10.001  9.084  8.259  7.618  7.211  7.080  7.198  7.534  8.289  9.042  9.988 
 9.986  9.098  8.239  7.551  7.203  7.036  7.207  7.591  8.186  9.103 10.013 
 9.987  9.077  8.220  7.645  7.211  7.077  7.169  7.593  8.216  9.078  9.999 
10.031  9.060  8.291  7.610  7.259  7.088  7.225  7.568  8.260  9.098  9.972 
 9.967  9.021  8.277  7.601  7.212  7.105  7.229  7.646  8.253  9.091  9.995 
10.014  9.022  8.221  7.671  7.173  7.087  7.210  7.657  8.279  9.049  9.966 
 9.975  9.050  8.250  7.582  7.167  7.086  7.195  7.621  8.194  9.000  9.978 
10.036  9.049  8.207  7.618  7.215  7.044  7.171  7.651  8.304  9.072 10.026 
10.030  9.047  8.285  7.636  7.211  7.076  7.193  7.661  8.249  9.089 10.034 
 9.994  9.063  8.255  7.624  7.224  7.028  7.197  7.620  8.218  9.020  9.998 
 9.937  9.103  8.309  7.688  7.192  7.057  7.225  7.599  8.255  9.058 10.001 
 9.983  9.042  8.247  7.625  7.195  7.034  7.246  7.595  8.217  9.027  9.999 
 9.961  9.096  8.239  7.611  7.257  7.066  7.213  7.606  8.262  9.053  9.970 
 9.979  9.048  8.210  7.610  7.210  7.098  7.196  7.621  8.259  9.101 10.014 
10.040  9.057  8.286  7.642  7.239  7.070  7.203  7.550  8.262  8.997 10.024 
 9.941  9.101  8.242  7.639  7.233  7.017  7.160  7.638  8.214  9.066  9.995 
10.008  9.040  8.189  7.635  7.193  7.086  7.206  7.608  8.307  9.012  9.958 
 9.973  9.039  8.219  7.603  7.179  7.063  7.213  7.559  8.152  8.975  9.980 
10.030  9.020  8.262  7.617  7.202  7.068  7.285  7.596  8.237  9.048 10.002 
10.025  9.043  8.301  7.608  7.238  7.048  7.226  7.607  8.228  9.064 10.025 
10.034  9.014  8.223  7.606  7.225  7.040  7.245  7.620  8.198  9.061  9.944 
10.010  9.055  8.215  7.621  7.225  7.112  7.205  7.604  8.263  9.062 10.035 
10.017  9.063  8.264  7.611  7.181  7.134  7.222  7.608  8.243  9.053 10.060 
 9.958  9.041  8.183  7.605  7.322  7.098  7.195  7.615  8.267  9.030  9.993 
10.070  8.993  8.276  7.636  7.177  7.085  7.228  7.691  8.224  9.097 10.016 
 9.951  9.100  8.258  7.596  7.247  7.126  7.219  7.672  8.245  9.112  9.948 
10.027  9.025  8.249  7.595  7.208  7.020  7.248  7.675  8.225  8.978 10.000 
 9.977  9.041  8.293  7.634  7.199  7.055  7.194  7.640  8.256  9.060  9.965 
 9.964  9.077  8.208  7.599  7.191  7.014  7.207  7.566  8.225  9.127 10.026 
10.042  9.093  8.223  7.611  7.167  7.067  7.228  7.521  8.231  8.977 10.018 
10.010  9.071  8.232  7.652  7.167  7.049  7.197  7.605  8.258  9.015 10.016 
10.005  9.097  8.252  7.609  7.172  7.062  7.247  7.577  8.242  9.055 10.020 
 9.978  9.097  8.241  7.644  7.164  7.075  7.195  7.627  8.276  9.026  9.944 
 9.966  9.014  8.263  7.639  7.211  7.060  7.217  7.621  8.258  9.029 10.018 
 9.961  9.091  8.289  7.662  7.193  7.078  7.191  7.623  8.211  9.013  9.961 
10.029  9.078  8.277  7.581  7.201  7.044  7.209  7.598  8.219  9.045  9.993 
 9.999  9.050  8.255  7.588  7.210  7.081  7.188  7.669  8.286  9.050  9.968 
10.037  9.080  8.247  7.630  7.224  7.072  7.250  7.605  8.207  9.066  9.998 
 9.935  9.050  8.198  7.627  7.219  7.054  7.216  7.604  8.275  9.044 10.034 
 9.982  9.086  8.247  7.661  7.181  7.055  7.219  7.562  8.295  9.035 10.013 
10.030  9.028  8.241  7.638  7.288  7.030  7.180  7.584  8.218  9.019 10.085 
 9.965  9.086  8.224  7.581  7.205  7.053  7.262  7.675  8.232  9.093  9.988 
 9.996  9.041  8.339  7.602  7.182  7.043  7.247  7.672  8.257  9.026  9.965 
10.019  9.055  8.231  7.639  7.171  7.066  7.218  7.569  8.262  9.033  9.973 
 9.991  9.063  8.269  7.631  7.199  7.034  7.252  7.673  8.294  9.085 10.024 
 9.959  9.078  8.247  7.580  7.227  7.082  7.213  7.612  8.232  9.053  9.987 
10.009  9.039  8.213  7.597  7.252  7.067  7.170  7.585  8.248  9.032 10.060 
 9.986  9.064  8.258  7.649  7.214  7.037  7.203  7.626  8.326  9.029  9.999 
10.023  9.103  8.261  7.692  7.226  7.077  7.189  7.619  8.257  9.016  9.994 
 9.979  9.090  8.265  7.637  7.279  7.046  7.201  7.595  8.259  9.033  9.998 
10.027  9.021  8.210  7.579  7.225  7.124  7.210  7.616  8.218  8.992 10.074 
 9.974  9.060  8.267  7.632  7.216  7.003  7.152  7.623  8.285  9.014  9.986 
 9.912  9.019  8.245  7.625  7.197  7.099  7.238  7.606  8.218  9.069  9.960 
 9.992  9.057  8.208  7.626  7.220  7.036  7.233  7.606  8.249  9.053  9.992 
 9.997  9.043  8.234  7.618  7.205  7.132  7.240  7.608  8.245  9.117  9.957 
10.009  9.104  8.283  7.622  7.224  7.069  7.200  7.603  8.195  9.057  9.993 
 9.997  8.996  8.260  7.618  7.215  7.054  7.182  7.654  8.271  9.037 10.025 
