 0.310  1.678  3.048  4.103  5.882  7.302  8.961  9.619 11.374 12.896 14.091 
-0.007  1.308  2.876  4.756  5.104  7.001  8.522 10.132 10.839 13.205 14.741 
-0.064  1.300  3.055  4.595  5.463  6.725  8.862  9.959 10.947 12.765 14.009 
-0.382  1.231  3.427  4.391  5.175  6.228  8.705  9.645 10.654 12.826 14.240 
-0.096  1.798  3.258  4.032  6.058  7.191  7.970 10.335 11.398 12.852 14.407 
 0.030  1.173  2.387  4.327  5.624  6.317  8.340  9.638 10.892 12.920 14.144 
 0.221  1.900  2.348  4.197  6.182  6.845  8.318  9.460 12.117 12.803 13.714 
-0.184  1.696  2.568  3.447  5.656  6.556  8.833 10.061 11.803 12.565 13.922 
 0.824  1.494  2.537  4.601  5.129  6.790  7.878 10.335 10.733 12.393 13.847 
 0.044  1.183  2.987  4.568  5.439  7.066  8.214 10.037 10.652 12.526 14.408 
 0.031  0.942  2.271  4.748  4.814  6.508  7.435  9.822 11.197 12.565 14.082 
 0.080  1.036  2.674  4.120  5.518  7.006  8.302  9.931 11.466 12.641 14.362 
 0.294  1.242  3.106  3.723  5.598  7.438  8.474 10.196 10.976 12.643 14.197 
-0.412  0.888  2.585  4.246  5.859  7.582  8.145 10.197 10.998 12.078 14.616 
 0.069  1.562  2.765  4.331  6.027  6.818  8.697  9.933 11.400 13.017 14.050 
-0.472  1.402  2.616  3.811  5.851  7.058  7.895 10.588 10.898 12.673 14.017 
-0.351  1.474  3.048  4.211  6.113  6.968  8.585 10.663 11.591 12.547 14.046 
 0.119  1.064  3.187  3.864  5.154  7.091  8.670  9.884 11.271 12.625 13.785 
 0.139  2.006  3.080  4.075  5.477  7.131  9.082  9.711 11.671 12.933 14.588 
 0.546  1.643  2.578  4.565  5.371  7.707  8.862  9.775 11.046 12.568 14.634 
-0.674  1.551  2.642  4.150  5.666  6.652  8.755 10.109 11.310 13.034 13.639 
-0.130  1.625  2.864  4.251  5.741  7.598  8.536  9.606 11.458 12.484 14.249 
 0.184  1.247  2.903  4.371  6.553  7.267  9.146  9.627 11.422 12.978 14.284 
 0.489  1.345  3.680  4.277  6.299  6.901  8.777 10.252 10.933 13.180 14.267 
 0.311  1.614  3.207  4.100  5.610  6.763  8.577  9.665 10.658 12.444 13.804 
-0.126  1.502  2.486  3.582  5.325  7.168  8.456 10.063 11.107 12.711 14.868 
-0.128  1.235  3.242  4.067  6.274  7.063  8.898  9.897 11.623 12.412 14.114 
-0.088  1.400  3.103  3.951  5.867  6.772  8.141  9.605 10.886 12.463 14.408 
-0.019  1.250  2.762  5.002  5.540  6.910  8.235  9.943 11.209 12.956 14.321 
 0.528  1.743  2.709  4.356  5.455  6.795  8.333 10.020 10.881 12.860 14.254 
-0.409  1.522  3.117  4.546  5.538  6.649  8.085  9.472 11.784 13.119 13.959 
-0.063  1.195  2.356  4.386  5.407  6.405  8.374  9.823 11.146 13.169 14.624 
 0.140  1.216  2.473  4.008  5.991  7.703  8.386 10.158 11.396 12.427 13.738 
-0.375  2.047  2.130  4.075  5.927  7.908  8.188  9.389 11.536 12.111 14.155 
 0.410  1.174  2.317  4.240  5.452  6.492  8.547  9.840 11.456 12.791 13.949 
-0.043  1.182  2.513  3.885  5.442  6.823  8.320  9.979 11.839 12.626 13.446 
 0.021  1.831  2.957  4.499  5.950  6.998  8.353  9.446 11.385 12.381 14.083 
-0.353  1.410  2.415  4.177  5.210  7.322  8.482 10.240 11.602 12.764 13.267 
 0.423  1.113  3.065  4.724  6.084  6.764  8.411  9.696 11.203 12.675 13.761 
-0.363  1.741  2.364  4.580  5.568  6.749  8.378  9.837 11.363 12.530 14.281 
-0.279  1.097  2.444  4.716  5.530  6.860  8.186  9.346 11.582 12.833 14.138 
 0.090  1.149  2.273  4.604  5.254  7.063  8.347 10.104 11.337 12.444 14.179 
 0.163  1.521  3.371  4.207  5.444  6.884  8.797 10.143 11.314 12.720 14.185 
 0.305  1.329  2.555  3.528  5.290  6.234  8.817  9.990 10.954 12.433 13.923 
 0.099  1.385  2.819  4.298  5.689  7.192  8.565  9.571 11.461 12.527 14.359 
-0.001  1.595  2.962  4.567  6.037  7.066  9.138 10.492 11.559 13.224 14.721 
 0.247  1.081  2.768  4.032  5.802  6.826  8.614 10.355 11.026 12.980 13.865 
 0.107  1.928  2.933  4.369  5.658  6.966  9.153 10.077 10.905 12.689 14.959 
-0.277  1.492  3.214  3.726  6.028  7.360  8.419  9.661 11.124 12.739 14.103 
-0.137  1.415  2.492  3.677  5.301  6.883  8.546 10.487 11.638 12.742 14.268 
 0.530  1.165  3.501  3.984  5.245  6.775  7.613 10.050 11.093 13.066 14.410 
-0.119  1.080  2.555  4.486  5.578  7.118  8.714  9.978 11.085 12.570 14.173 
 0.601  2.073  2.855  3.982  5.605  6.709  8.318  9.812 10.983 12.713 14.247 
 0.372  0.873  2.109  4.268  5.864  7.557  8.166  9.763 11.735 12.811 13.772 
 0.374  1.753  2.635  4.229  5.718  7.286  8.210 10.368 11.529 13.419 14.303 
-0.145  1.262  2.978  3.442  5.098  7.255  8.641  9.816 11.747 12.348 14.034 
 0.008  1.415  2.864  3.864  5.570  7.208  9.031 10.309 11.660 12.892 14.654 
 0.038  0.847  2.382  4.515  5.660  7.160  8.504 10.015 10.916 13.038 14.432 
 0.199  1.919  3.081  3.849  5.941  7.227  8.521  9.789 11.123 13.247 14.037 
 0.049  1.900  2.818  4.019  5.216  7.438  8.504  9.920 11.025 12.148 14.111 
-0.036  1.397  2.470  4.211  5.777  7.283  8.241  9.947 11.822 12.112 13.777 
-0.071  1.658  2.768  3.374  5.670  6.758  8.838  9.769 11.536 12.612 13.582 
-0.553  1.449  2.701  4.236  5.776  7.040  8.343 10.548 11.062 12.845 14.217 
-0.147  1.078  2.744  4.106  4.890  6.776  8.641  9.706 11.415 12.682 13.963 
-0.204  1.749  2.808  4.245  5.701  7.108  8.909  9.941 11.166 12.654 14.063 
-0.328  1.443  3.000  4.200  5.792  6.690  8.534  9.425 11.131 13.349 14.576 
 0.774  1.007  3.232  4.181  5.436  7.620  8.327 10.270 11.323 12.176 14.386 
 0.314  0.866  2.838  3.593  6.462  7.023  8.821  9.692 11.218 13.086 14.015 
-0.123  1.227  2.845  4.115  5.763  7.499  8.670  9.852 11.731 12.814 14.317 
-0.006  1.589  2.967  4.277  6.290  7.065  8.309 10.278 11.762 13.388 14.431 
-0.112  1.402  2.551  3.811  6.118  7.252  8.633 10.344 11.298 13.165 14.669 
 0.078  1.605  3.012  4.923  5.921  7.456  8.271  9.869 11.470 12.401 13.907 
-0.058  1.619  2.775  4.539  5.429  7.369  8.252 10.591 11.099 13.165 14.157 
-0.032  1.150  2.611  4.607  5.422  7.260  8.663  9.538 10.653 12.418 13.628 
-0.340  1.862  2.996  3.802  5.317  7.187  9.073 10.004 11.534 12.927 14.270 
-0.325  1.809  2.952  4.766  5.619  7.667  8.361  9.657 11.215 12.712 13.980 
-0.171  0.812  3.725  4.143  5.654  7.008  8.875 10.082 11.588 12.839 14.002 
 0.087  1.222  3.225  4.028  5.687  6.747  7.709  9.600 11.343 12.661 13.916 
-0.425  1.680  2.246  4.529  5.631  7.219  8.603  8.938 11.001 13.302 14.640 
-0.624  1.641  2.553  4.014  4.904  7.018  8.604  9.904 11.044 12.382 14.043 
-0.156  1.724  2.527  4.356  5.704  6.624  8.754  9.902 11.336 12.926 14.031 
-0.035  1.670  2.706  4.187  5.231  6.990  8.795  9.693 11.852 12.764 14.097 
-0.190  2.007  2.857  4.748  5.785  6.687  8.326  9.686 11.360 12.468 14.438 
-0.234  1.884  2.854  4.592  5.339  7.222  8.514  9.673 11.144 13.071 14.242 
-0.320  0.882  2.840  4.022  5.963  7.434  8.435 10.061 10.734 12.889 14.504 
 0.097  1.649  2.358  4.162  5.478  6.902  8.732  9.688 11.383 12.862 14.055 
-0.620  1.457  3.289  4.328  5.322  7.410  8.664  9.883 10.464 12.852 14.520 
 0.112  2.000  3.532  3.985  5.354  7.309  8.437  9.815 11.759 12.743 13.941 
 0.014  1.572  3.032  4.289  6.042  7.015  8.003 10.358 11.622 12.522 13.912 
 0.227  1.662  2.872  4.615  5.620  7.286  9.169 10.171 11.866 13.239 15.087 
-0.565  1.362  2.813  3.426  6.266  6.977  8.690  9.782 11.459 13.326 13.607 
 0.101  1.353  2.730  4.449  5.481  6.644  8.440  9.435 11.778 12.532 13.834 
-0.476  1.323  2.672  4.099  5.702  7.203  8.094 10.184 11.139 13.023 14.019 
 0.083  1.661  3.613  4.414  6.035  7.229  8.275  9.917 10.987 12.730 14.452 
-0.165  1.432  3.128  3.902  5.188  7.014  8.401 10.282 11.132 12.689 13.700 
-0.304  1.160  2.840  4.875  5.231  7.576  8.701  9.707 11.221 12.502 14.161 
 0.316  1.377  2.876  3.700  5.988  7.439  8.303 10.107 11.098 12.366 14.027 
 0.734  1.132  3.514  4.656  5.380  7.152  8.804  9.795 11.173 12.207 14.173 
-0.030  1.584  2.731  4.141  5.872  7.461  8.033  9.308 11.224 12.610 14.545 
 0.237  1.445  3.161  4.105  5.542  6.380  8.249  9.681 11.460 13.022 14.086 
-0.232  1.452  2.820  4.933  5.516  6.686  9.066  9.926 11.180 12.860 14.515 
 0.280  1.294  2.535  3.905  5.899  7.002  7.952  9.408 11.241 12.563 14.237 
-0.302  1.526  2.563  3.995  6.070  6.911  8.627  9.851 11.466 13.020 13.761 
 0.307  1.192  2.666  4.021  5.296  6.782  8.415  9.618 11.232 13.047 14.374 
 0.043  1.446  2.530  3.896  5.378  7.362  8.310  9.177 11.066 12.670 14.093 
 0.429  1.292  3.131  3.918  5.706  7.129  8.238 10.181 11.951 12.888 14.823 
 0.570  1.532  2.493  5.097  5.281  7.238  8.246  9.570 11.208 12.590 14.192 
-0.122  1.334  2.574  3.734  5.424  6.958  8.243  9.360 11.696 12.973 14.496 
 0.201  1.293  2.616  4.155  5.405  6.641  8.289  9.712 11.105 12.394 14.409 
-0.236  0.858  3.174  4.131  5.644  7.184  8.522  9.806 11.500 12.773 14.165 
-0.005  1.318  2.966  4.180  5.350  7.152  8.450  9.921 11.202 11.930 14.223 
 0.701  1.280  2.836  4.414  5.708  7.154  7.742  9.890 11.569 12.435 14.681 
-0.514  0.863  2.824  4.066  6.012  7.565  8.499 10.084 11.824 12.482 14.503 
 0.093  1.828  2.442  4.527  5.628  6.772  8.762 10.292 11.521 13.005 14.092 
 0.250  1.285  3.021  4.578  5.413  7.023  8.453  9.596 10.742 12.787 13.923 
 0.208  1.359  2.496  4.272  5.459  7.481  8.155  9.794 11.129 13.041 13.810 
 0.272  1.350  3.205  4.029  5.567  7.237  8.054  9.580 11.688 13.350 14.098 
 0.029  1.470  2.933  4.536  5.631  7.800  9.172 10.401 11.546 12.790 14.005 
-0.003  1.216  2.669  4.464  5.288  7.727  8.627  9.643 10.996 12.676 14.078 
 0.182  1.654  3.155  4.226  5.584  7.363  8.901 10.230 11.292 12.637 14.346 
 0.407  0.928  2.819  3.712  5.712  7.391  9.178  9.794 11.108 12.201 14.329 
 0.272  1.771  3.095  3.908  5.747  6.755  8.370 10.165 11.597 12.842 13.671 
-0.193  1.858  2.710  4.543  5.467  7.216  8.718  9.872 11.285 12.946 14.657 
-0.031  1.947  2.846  4.413  4.751  7.267  8.641 10.410 11.609 12.434 14.122 
-0.352  1.524  3.124  4.235  5.744  7.057  8.590 10.254 10.929 12.933 14.128 
-0.178  1.113  2.360  4.237  4.841  7.573  8.695  9.886 10.914 12.975 14.712 
 0.245  2.154  3.045  4.416  6.048  6.930  8.344 10.145 10.803 12.561 14.156 
 0.011  1.575  2.925  3.797  5.806  7.447  8.655 10.405 11.057 12.670 14.361 
 0.297  1.728  3.216  4.299  5.457  7.152  8.641  9.819 11.576 12.478 14.562 
-0.475  1.425  2.922  4.133  5.741  7.226  8.521  9.856 11.254 13.142 14.020 
-1.049  1.391  2.981  4.046  5.976  7.571  9.001 10.073 12.097 12.822 13.866 
 0.025  1.385  2.230  4.060  5.752  7.114  8.897  9.731 11.190 12.978 13.087 
-0.370  1.938  3.051  4.462  6.323  6.819  7.823  9.576 11.356 12.799 14.077 
-0.638  1.065  2.833  4.227  5.593  6.592  8.258 10.260 11.308 12.308 13.621 
-0.151  1.647  3.003  3.853  5.693  7.265  8.349  9.972 11.104 12.302 14.777 
-0.238  0.752  2.992  4.428  5.877  6.938  9.084 10.675 11.139 12.832 14.276 
 0.743  1.535  2.542  4.233  5.870  7.327  8.459  9.539 11.293 13.046 13.765 
-0.235  1.530  2.695  4.618  5.771  6.850  8.996  9.908 11.085 12.924 14.116 
 0.180  1.186  2.193  4.296  5.575  6.743  8.744  9.426 11.368 13.009 13.527 
-0.160  1.396  3.197  4.180  5.292  7.143  8.046  9.637 11.559 12.223 13.766 
-0.107  1.415  2.755  4.291  6.281  7.171  8.529  9.714 11.786 12.039 14.184 
 0.662  1.213  2.485  3.906  5.071  6.555  8.321 10.150 11.209 12.355 13.908 
-0.167  1.061  2.980  4.058  5.517  7.350  8.394  9.763 10.755 12.839 13.875 
 0.706  1.024  2.846  4.459  5.378  7.290  8.139 10.045 11.701 13.191 14.045 
 0.093  1.455  2.862  4.454  5.798  7.013  8.645 10.105 11.385 12.709 14.087 
-0.572  1.555  2.858  4.230  5.608  7.447  8.949 10.078 11.349 13.258 13.953 
 0.428  1.519  2.316  4.135  5.918  7.499  8.367  9.943 11.347 12.338 13.405 
-0.365  1.965  2.691  4.363  6.087  6.665  8.040  9.737 11.324 13.424 14.249 
-0.023  1.312  2.553  4.466  5.683  7.118  8.424  9.530 11.382 13.141 13.886 
 0.334  1.017  2.679  4.173  5.729  6.771  8.374  9.666 11.564 12.792 13.861 
 0.310  1.544  2.426  4.200  5.134  7.053  8.738  9.763 11.059 12.761 14.106 
-0.150  1.263  2.815  4.291  5.882  7.419  8.211 10.155 11.827 12.655 14.253 
 0.537  1.554  3.118  4.760  6.009  7.021  8.481 10.261 10.957 12.982 14.074 
 0.064  0.903  2.680  4.860  5.719  6.796  8.428  9.886 11.524 12.631 13.700 
 0.244  0.767  2.770  4.336  5.922  7.743  8.781  9.700 11.265 13.317 14.346 
-0.105  1.239  2.973  4.887  5.565  7.531  9.070  9.516 11.521 12.446 13.973 
-0.143  1.545  2.627  4.447  6.192  7.481  8.698  9.910 10.838 12.583 14.332 
 0.074  1.193  3.116  3.843  6.124  7.052  8.776  9.954 11.121 12.612 14.310 
-0.181  1.681  2.886  3.804  6.187  7.336  8.787  9.815 11.371 12.509 14.258 
 0.016  1.206  2.489  4.179  5.705  7.221  8.617 10.553 10.912 13.240 14.179 
-0.336  1.407  2.703  4.025  5.631  6.956  9.089  9.788 11.342 12.518 14.479 
 0.817  1.765  3.263  4.059  5.266  7.118  8.500  9.630 11.547 12.837 14.088 
-0.272  1.372  3.081  4.437  5.674  7.475  7.992 10.266 11.603 12.420 13.944 
-0.221  1.491  3.024  3.662  5.364  7.022  8.776  9.791 11.158 13.305 14.006 
-0.052  1.816  2.437  3.941  5.640  6.895  8.523  9.805 11.631 12.525 14.021 
 0.259  1.244  3.048  4.221  5.335  7.760  8.686 10.080 11.025 11.928 14.266 
-0.337  1.389  2.848  4.173  5.047  7.555  8.379  9.915 11.066 12.237 13.984 
-0.256  1.412  2.461  4.361  5.757  7.877  8.217 10.491 11.111 13.172 13.922 
-0.542  1.205  2.644  4.280  5.157  7.164  8.750  9.738 11.128 12.150 13.879 
 0.438  1.597  3.102  4.151  5.876  7.104  8.609 10.028 11.323 12.804 13.516 
-0.648  1.093  2.087  4.434  5.587  7.096  8.575 10.092 12.082 13.354 14.476 
-0.107  1.576  2.865  4.536  5.986  6.682  8.441  9.620 11.731 12.652 14.120 
-0.370  0.987  2.710  4.321  5.581  6.713  8.232  9.592 11.908 13.217 13.693 
 0.546  1.045  2.950  4.537  5.891  7.825  8.570  9.932 11.821 12.543 14.551 
-0.052  1.578  2.869  3.775  5.394  6.953  8.403  9.772 10.843 12.334 13.858 
 0.036  1.206  2.703  4.204  5.580  7.218  8.473 10.008 11.027 12.529 14.105 
-0.079  1.117  3.013  4.116  6.062  7.197  8.788  9.779 11.293 12.596 14.045 
 0.689  1.392  2.406  4.156  6.184  7.437  8.639  9.504 11.091 12.560 13.751 
 0.399  1.480  2.312  4.983  4.687  7.332  8.765  9.932 10.990 12.839 14.855 
 0.312  1.536  3.177  4.871  5.749  7.215  7.869  9.244 11.763 12.376 14.050 
-0.502  1.788  2.907  4.489  5.413  6.954  8.128  9.664 11.098 12.875 13.800 
-0.428  1.355  3.081  4.654  5.870  7.613  8.087  9.778 11.366 12.777 13.828 
-0.069  1.003  2.444  3.588  5.547  7.360  8.100  9.892 11.603 12.387 14.020 
 0.160  1.401  3.595  4.626  5.871  7.155  8.571  9.621 11.244 12.378 13.830 
-0.320  0.617  2.831  5.114  5.597  7.469  8.762  9.816 11.135 12.665 14.989 
 0.026  1.247  2.598  4.706  6.283  7.267  8.236  9.897 11.233 12.326 14.335 
-0.074  1.017  2.490  4.045  5.420  6.966  8.200 10.268 11.285 12.603 14.636 
-0.362  1.217  2.161  4.144  6.087  7.580  8.897  9.785 11.154 12.893 13.914 
 0.602  0.831  2.813  4.642  5.011  6.904  8.247 10.239 11.657 12.762 14.389 
 0.051  1.395  2.653  4.226  5.365  6.923  8.218  9.650 11.452 12.766 13.935 
 0.635  1.546  2.845  4.274  5.521  6.675  8.651  9.745 11.504 13.543 14.900 
 0.319  1.059  3.087  4.286  5.213  7.854  8.472  9.886 11.101 12.043 13.795 
 0.194  1.271  3.379  4.233  5.707  6.916  8.153 10.041 11.521 12.898 15.058 
 0.550  1.795  3.184  4.189  5.813  7.500  8.640 10.129 11.353 12.683 14.069 
 0.659  1.398  2.434  4.072  5.519  6.924  8.370  9.916 11.731 12.702 14.520 
 0.101  1.630  2.725  4.329  5.542  6.675  8.320  9.833 11.602 12.698 14.153 
-0.286  1.340  3.160  4.440  5.306  7.010  8.869 10.166 11.674 12.281 13.708 
 0.013  1.280  3.133  4.646  5.013  7.106  8.660  9.984 11.823 13.243 13.968 
 0.512  1.021  2.769  4.012  4.979  6.660  8.083 10.232 11.433 13.255 14.036 
-0.231  1.284  2.854  4.773  5.808  7.597  8.825 10.444 11.994 12.509 14.220 
 0.008  1.478  2.700  4.107  5.116  6.959  8.408 10.542 11.233 12.636 14.051 
-0.102  1.535  2.672  4.406  5.234  7.120  8.450  9.827 11.445 12.696 14.185 
 0.250  1.942  2.709  3.737  5.377  6.946  8.623 10.094 11.781 12.708 13.499 
-0.259  1.392  3.179  4.161  5.768  7.519  8.434  9.568 11.090 13.051 14.126 
 0.154  0.982  3.129  4.005  5.331  7.404  8.636 10.008 11.576 12.766 14.036 
 0.233  1.893  2.740  4.334  6.097  7.339  8.499  9.874 11.514 12.316 14.163 
 0.060  1.102  2.678  4.432  6.006  7.159  8.714  9.435 11.744 12.627 14.100 
-0.052  1.594  2.595  4.521  5.744  6.895  8.310 10.309 11.037 12.613 14.349 
 0.379  1.997  2.928  4.364  6.008  6.909  8.253 10.218 11.447 12.590 14.560 
-0.073  1.885  2.753  3.473  5.460  6.808  8.656 10.125 11.212 12.419 13.937 
 0.212  1.404  3.217  3.884  5.114  7.180  8.353  9.994 11.207 12.646 14.595 
-0.279  1.278  3.390  4.001  4.811  7.382  8.508 10.204 11.304 12.261 14.365 
 0.589  2.016  2.684  4.297  5.424  6.967  8.222  9.309 10.985 12.438 13.593 
-0.704  1.199  2.781  4.510  5.713  6.882  8.323  9.598 11.181 12.445 14.394 
-0.273  1.105  2.767  4.540  5.215  6.760  8.530  9.924 11.422 12.364 14.654 
-0.057  1.224  3.020  4.088  5.787  7.093  8.582 10.655 11.614 12.792 14.623 
 0.121  1.886  3.091  4.352  5.951  7.369  9.013 10.157 11.578 13.100 14.199 
 0.015  1.367  3.510  4.449  5.631  7.238  8.397  9.671 11.043 12.369 14.586 
 0.081  0.816  2.800  4.117  5.491  7.000  8.349 10.347 11.707 12.752 13.882 
 0.251  1.724  3.436  3.701  5.963  7.346  8.851  9.949 11.161 12.449 14.257 
 0.064  1.408  2.856  4.108  5.502  6.679  7.977 10.630 11.923 12.311 13.886 
 0.301  1.157  2.285  4.417  5.801  7.303  8.949  9.863 11.808 12.661 14.238 
 0.087  1.297  2.048  4.221  5.684  7.107  8.498 10.426 11.255 13.123 14.375 
 0.420  1.775  2.510  4.358  5.432  7.352  8.642  9.964 11.545 13.061 14.713 
-0.168  1.356  2.258  3.677  5.849  6.611  9.056 10.476 10.975 12.106 13.822 
-0.075  2.009  1.993  4.136  5.477  6.692  8.382  9.861 11.720 12.614 13.824 
-0.274  1.929  2.716  3.981  6.173  6.882  8.258  9.645 11.116 12.654 14.291 
 0.225  1.134  2.678  4.667  5.833  7.756  8.495  9.967 11.489 13.038 13.614 
 0.074  1.389  2.934  4.327  5.943  6.578  8.116 10.083 11.428 12.873 14.048 
 0.225  1.881  2.398  4.571  5.893  7.196  8.584 10.092 11.453 12.436 14.283 
 0.210  1.203  2.540  3.966  5.551  7.494  8.816 10.052 11.860 12.585 13.827 
-0.318  1.842  2.847  4.491  5.714  7.001  9.163 10.215 10.458 12.464 14.676 
 0.309  1.557  3.124  3.990  5.283  6.563  8.416  9.387 11.342 13.368 14.104 
 0.176  1.175  2.546  4.742  5.486  7.146  8.412 10.130 11.044 12.520 14.103 
 0.308  1.756  3.399  4.015  5.933  7.187  8.710  9.414 11.121 12.590 13.963 
-0.183  1.065  2.916  4.057  5.200  7.025  9.135  9.747 11.079 12.529 14.795 
 0.083  1.457  2.488  4.644  5.659  6.629  8.992  9.376 11.138 12.368 14.280 
-0.170  1.392  3.230  4.446  5.535  7.023  8.626  9.830 11.375 12.904 14.057 
 0.358  1.641  2.176  4.087  6.027  7.124  8.331  9.560 11.607 12.707 13.943 
-0.029  1.463  2.983  3.990  5.719  6.866  8.484  9.797 11.499 12.657 14.060 
-0.428  1.565  3.136  3.936  5.290  7.110  8.790 10.307 11.470 12.871 14.331 
 0.289  1.549  2.542  4.486  5.856  6.604  8.584  9.853 11.135 12.623 13.791 
-0.316  1.888  2.600  4.512  5.364  7.066  8.918  9.914 11.407 12.997 14.351 
-0.219  1.271  3.116  4.385  5.446  6.880  8.697  9.984 11.103 12.545 14.871 
-0.153  1.898  3.281  4.315  5.690  6.963  8.816 10.360 11.590 12.596 14.115 
-0.590  0.809  2.774  3.978  5.557  7.107  8.505 10.110 10.996 13.621 13.729 
-0.217  1.803  3.379  3.910  5.405  7.549  8.482 10.344 11.063 12.804 14.767 
-0.182  1.231  3.036  3.466  5.262  7.331  8.498 10.145 11.353 12.865 14.162 
 0.311  0.988  3.372  4.646  5.310  6.907  8.893  9.676 11.323 12.783 14.390 
 0.223  1.590  2.956  4.010  5.787  7.113  7.946 10.188 11.119 13.220 13.978 
 0.196  1.306  2.704  3.712  5.676  6.965  8.501 10.108 11.701 12.756 14.185 
-0.039  1.617  3.611  4.344  5.524  7.553  7.779  9.957 11.497 12.339 14.458 
 0.403  0.665  2.952  4.095  5.895  7.186  8.288 10.033 11.100 12.509 14.135 
 0.179  1.536  2.828  4.581  5.755  6.878  8.415  9.485 11.424 12.972 14.602 
-0.184  1.755  2.752  4.102  6.476  7.090  7.915  9.888 11.169 13.129 14.565 
 0.251  0.891  2.886  4.077  5.949  7.114  8.244  9.439 11.680 12.038 13.959 
-0.167  1.754  3.481  4.404  5.459  7.634  8.688  9.690 12.194 12.604 14.251 
 0.630  1.935  2.995  4.366  6.153  6.816  8.637 10.571 11.359 13.309 14.150 
-0.132  1.951  3.033  4.216  5.048  7.445  8.113  9.250 11.296 12.527 14.101 
-0.375  1.021  2.997  4.608  5.928  6.673  8.877  9.636 11.481 13.156 14.201 
-0.215  2.112  2.474  4.347  5.110  6.740  8.156 10.308 10.862 12.775 14.153 
 0.395  1.903  2.949  4.167  5.787  6.961  8.480 10.001 11.397 12.681 14.663 
 0.299  1.093  3.060  4.552  5.088  6.484  8.664  9.902 10.859 12.026 13.907 
-0.147  0.910  2.811  3.821  5.054  7.703  8.656 10.096 11.304 12.885 14.237 
 0.231  1.514  2.992  4.424  5.475  7.172  8.873  9.308 11.494 12.674 14.502 
 0.232  1.856  3.210  3.739  5.956  7.208  8.025  9.409 11.639 12.997 13.808 
 0.209  1.367  2.582  4.926  5.580  7.477  8.544  9.815 11.326 12.328 13.785 
-0.474  1.306  2.882  4.473  5.577  6.941  8.562  9.664 11.561 12.944 13.976 
 0.045  1.295  2.647  4.396  5.656  6.865  8.544  9.658 11.767 13.169 14.020 
-0.678  1.363  2.499  4.178  5.515  6.863  8.910  9.960 10.808 13.120 13.825 
 0.830  1.048  2.069  3.973  5.923  6.562  8.383  9.656 11.120 12.753 14.263 
 0.004  2.124  2.699  4.777  5.645  7.219  8.412 10.120 11.518 12.349 14.165 
 0.676  1.325  2.928  4.326  5.902  7.301  8.572 10.517 11.144 12.680 14.100 
-0.597  1.424  2.314  4.240  5.818  6.811  9.067  9.573 11.023 12.372 14.402 
 0.233  1.459  2.792  4.220  5.326  7.198  8.526  9.796 10.912 12.344 13.754 
 0.689  0.858  3.224  4.222  5.577  7.472  8.141 10.311 11.262 12.880 14.700 
 0.132  1.872  3.086  3.852  5.698  6.503  8.393 10.180 11.716 12.285 14.338 
-0.343  1.783  2.762  3.583  5.222  6.668  8.015  9.746 10.988 12.114 14.088 
-0.159  1.213  3.293  3.795  5.476  7.120  8.866  9.624 11.353 12.195 14.601 
 0.021  1.655  3.181  4.533  5.894  7.844  8.183  9.871 11.393 12.600 14.240 
-0.606  1.303  2.830  4.610  5.268  6.757  8.338  9.731 11.666 12.617 14.291 
-0.104  1.295  2.673  4.645  5.953  7.464  8.419 10.218 10.959 12.952 14.045 
-0.131  0.718  2.913  4.367  5.523  7.317  8.304 10.277 11.145 12.627 13.661 
 0.178  1.369  2.731  3.815  5.574  6.712  8.045  9.965 11.174 12.407 14.402 
-0.074  0.870  2.952  4.583  5.395  6.737  8.304 10.503 11.202 13.332 14.447 
-0.021  1.937  2.582  4.630  5.667  7.287  7.995 10.746 11.174 12.733 13.899 
-0.474  1.893  2.705  4.387  5.497  7.016  7.748 10.002 11.658 12.387 14.036 
-0.222  1.590  3.017  3.789  5.705  6.882  8.393 10.567 11.160 12.796 14.029 
-0.050  1.315  3.068  4.255  5.825  7.331  8.547 10.104 10.996 12.395 13.866 
-0.495  1.424  2.482  4.037  6.323  7.259  8.390  9.723 11.031 13.062 13.738 
 0.564  1.343  2.640  4.364  5.827  6.849  9.057  9.807 11.942 12.308 13.957 
-0.278  1.045  2.673  4.324  5.470  7.252  8.284  9.911 11.840 12.616 14.285 
 0.262  1.835  2.695  3.905  5.136  6.784  8.718 10.718 11.447 12.681 14.079 
 0.455  1.531  2.508  3.997  5.959  7.244  8.384  9.536 11.192 12.497 14.260 
 0.070  1.075  2.985  3.998  5.945  7.142  8.050  9.650 10.867 12.941 14.852 
-0.260  1.154  3.313  4.475  5.693  7.127  8.351 10.156 11.352 12.580 14.482 
 0.330  1.045  2.980  4.331  5.606  7.497  8.325  9.802 10.966 13.003 14.261 
-0.235  1.829  3.053  5.080  5.402  7.061  8.340 10.698 11.499 12.732 14.377 
 0.005  0.328  2.509  4.559  5.396  6.418  7.758  9.447 11.357 12.724 13.727 
-0.212  1.583  3.353  4.004  5.868  7.269  7.909 10.184 11.310 12.796 14.533 
-0.526  0.661  2.893  3.918  5.453  6.996  8.733  9.982 11.282 12.399 14.346 
 0.614  1.568  3.241  3.931  5.936  7.256  8.513  9.842 11.600 12.956 14.701 
 0.020  1.499  2.238  4.199  5.585  7.266  8.566 10.197 11.557 13.253 13.670 
 0.012  0.893  2.359  4.535  5.239  6.488  8.742  9.784 11.166 12.318 14.342 
-0.060  1.487  2.545  4.457  5.374  6.569  8.260  9.606 11.830 12.397 14.005 
-0.430  2.034  2.874  4.253  5.575  6.678  8.104  9.412 11.235 12.502 14.853 
-0.337  1.207  2.793  4.221  6.086  6.867  8.201 10.329 11.321 12.734 14.314 
-0.317  1.600  3.155  4.096  6.148  6.905  7.995  9.635 11.434 12.540 14.252 
-0.587  1.476  2.437  4.193  5.567  6.589  8.826 10.107 10.956 13.181 13.858 
-0.224  1.156  2.305  4.168  5.651  7.139  9.115  9.667 11.447 11.796 14.258 
 0.189  1.605  2.586  4.877  5.395  7.018  8.388  9.631 11.635 12.872 13.601 
 0.161  1.244  2.931  4.370  6.108  7.168  8.009 10.193 11.229 12.454 14.375 
 0.358  1.631  2.249  3.830  5.229  7.359  9.373  9.666 10.960 12.772 13.784 
-0.294  1.297  2.692  3.767  5.602  7.003  8.294  9.882 11.343 12.906 14.681 
 0.274  1.605  2.704  4.666  5.155  7.129  8.393  9.947 11.451 12.451 14.099 
-0.409  1.332  2.595  3.970  5.506  7.319  8.253  9.306 11.511 12.685 14.610 
-0.686  1.305  2.696  4.316  5.572  7.027  8.095  9.866 11.285 12.807 13.526 
-0.477  1.728  3.560  4.395  5.472  6.538  8.443  9.901 11.749 12.452 14.084 
-0.020  0.989  2.608  4.100  5.470  7.175  8.776  9.807 11.129 12.144 13.797 
 0.119  1.637  3.145  4.172  5.559  7.417  8.322 10.243 11.118 12.569 13.931 
 0.027  1.211  2.895  4.313  5.433  7.215  8.539  9.555 11.412 12.459 13.842 
 0.135  0.910  2.423  3.910  5.567  6.971  8.366 10.071 11.136 12.772 14.579 
 0.184  1.285  2.628  4.142  6.462  6.860  8.803  9.560 11.271 13.143 13.696 
 0.204  1.671  2.330  3.881  6.108  7.575  8.521  9.761 10.784 13.101 14.204 
 0.458  1.006  2.982  4.231  5.117  7.354  8.646  9.775 11.200 12.345 13.895 
 0.250  1.415  2.851  4.540  5.414  7.439  8.806 10.671 10.875 12.466 13.961 
-0.038  1.337  2.428  4.014  5.793  6.938  8.594  9.948 11.056 12.706 14.207 
 0.206  1.284  2.773  4.078  5.192  8.080  8.901  9.962 11.038 12.805 13.389 
 0.497  1.652  2.713  3.729  5.649  7.454  8.804 10.539 11.655 12.617 14.911 
 0.432  1.073  3.161  4.543  5.162  7.965  8.661 10.020 10.987 12.630 13.767 
-0.022  1.428  2.874  4.078  5.621  7.308  8.839  9.590 10.868 12.989 13.925 
-0.197  2.026  2.977  4.290  5.803  6.960  8.841 10.111 10.906 13.133 13.982 
 0.443  1.172  2.763  4.040  5.439  7.339  8.468  9.581 11.172 12.897 14.631 
-0.171  1.294  2.697  4.117  5.193  6.848  8.458  9.494 11.052 13.047 13.926 
-0.072  1.315  2.953  3.753  5.701  6.953  8.283  9.873 10.822 12.699 14.318 
-0.537  1.124  2.701  4.197  5.537  6.588  8.634 10.008 11.655 12.852 14.473 
-0.093  1.457  2.737  4.619  5.897  6.950  8.215  9.777 11.291 12.671 14.201 
-0.122  1.429  3.138  4.474  5.733  7.208  8.107 10.055 11.201 12.645 14.316 
-0.193  1.339  2.848  3.769  5.781  6.915  8.703  9.906 11.784 12.657 14.442 
-0.253  1.139  3.019  4.623  5.485  7.263  8.242  9.473 11.304 12.794 14.110 
-0.084  1.200  2.654  4.197  5.906  6.710  8.429  9.791 11.499 13.056 14.082 
 0.531  1.495  2.543  4.376  5.511  6.749  8.188  9.804 11.663 12.696 13.827 
 0.065  1.372  2.476  4.119  5.689  6.852  8.583 10.104 11.040 13.716 14.702 
 0.208  0.454  2.597  4.048  5.535  7.455  8.579  9.430 11.634 13.000 14.516 
 0.197  1.395  2.892  4.387  5.253  6.948  8.323  9.797 10.829 12.848 14.320 
-0.568  1.586  2.891  4.450  5.388  6.643  8.270  9.492 11.469 12.670 14.415 
-0.025  1.184  2.121  4.546  6.008  7.959  8.801  9.596 11.468 13.133 14.654 
 0.057  1.167  3.033  4.548  5.467  6.882  8.297  9.379 11.329 13.416 13.904 
-0.418  1.109  2.934  4.016  5.820  7.083  8.579  9.228 11.577 12.928 14.016 
 0.359  1.167  3.400  3.616  5.523  6.745  8.341 10.238 11.656 12.393 13.857 
-0.153  1.362  3.063  3.935  5.444  6.858  8.216 10.324 11.231 12.738 13.864 
 0.091  1.590  2.878  4.347  5.548  7.265  8.598 10.143 11.346 12.597 14.004 
 0.430  1.478  2.820  4.563  5.686  7.350  8.491  9.779 11.303 13.114 13.995 
 0.326  0.829  2.491  3.827  5.632  7.438  8.043  9.477 11.119 13.082 14.642 
 0.399  1.904  2.096  4.276  5.720  7.037  8.029  9.636 11.218 13.154 14.048 
-0.378  1.421  2.166  4.443  4.956  6.883  8.165  9.948 11.772 12.848 13.813 
 0.191  1.944  2.762  3.941  5.679  6.947  8.474  9.410 11.538 12.863 14.222 
-0.143  1.700  2.926  4.259  5.760  7.402  8.714 10.307 11.346 12.453 14.271 
-0.332  1.547  2.811  4.599  5.433  6.541  8.453 10.559 11.648 12.536 14.693 
 0.470  1.313  2.537  4.431  5.263  7.226  8.543 10.645 11.369 13.085 14.279 
-0.175  1.285  3.110  4.396  6.217  7.086  8.794  9.521 10.777 12.769 13.690 
-0.269  1.711  2.537  4.180  5.284  7.167  7.858  9.457 10.853 12.561 14.284 
-0.030  1.371  3.005  4.281  5.257  7.485  8.121  9.672 10.909 12.417 14.036 
-0.144  1.341  2.969  4.222  5.661  7.045  8.579  9.904 11.035 12.439 13.785 
-0.625  1.346  2.767  3.934  5.585  7.377  8.128  9.509 11.607 13.021 13.892 
-0.243  0.871  2.776  4.135  5.946  6.587  7.709  9.972 11.445 13.093 14.181 
 0.173  1.290  2.649  4.563  5.722  6.982  8.172 10.192 11.401 12.586 13.727 
-0.221  2.035  2.677  4.067  6.021  6.169  8.430  9.853 11.526 12.539 14.174 
 0.217  1.349  3.429  4.164  5.221  7.258  8.075  9.605 11.048 13.109 13.564 
-0.740  1.539  2.495  4.141  5.925  7.215  8.063  9.830 11.293 12.631 14.030 
 0.375  0.907  3.154  4.407  5.907  7.379  7.784  9.696 11.546 13.192 14.365 
-0.279  1.149  2.982  4.277  5.464  6.947  8.235  9.570 11.058 12.965 14.535 
 0.213  0.993  3.220  4.335  5.681  6.755  8.769  9.871 11.762 12.868 14.223 
 0.516  1.737  2.868  4.117  5.172  7.327  8.975  9.360 11.476 13.321 14.044 
 0.338  1.698  2.769  4.188  5.567  6.880  8.283  9.930 11.517 12.838 14.084 
 0.361  1.609  2.431  3.947  5.808  6.987  8.411  9.831 11.820 12.857 14.161 
-0.160  1.287  2.629  4.604  5.867  6.968  8.899  9.510 11.746 13.254 14.222 
 0.219  1.201  2.418  3.894  6.057  7.430  8.163 10.369 11.567 12.364 13.677 
 0.227  1.843  2.800  4.420  5.432  7.628  7.766  9.921 11.196 12.597 14.231 
 0.472  1.621  2.458  3.972  5.942  7.012  8.608  9.716 11.112 12.593 13.879 
-0.186  2.124  3.377  4.109  5.612  6.575  8.603  9.540 11.077 12.908 13.845 
 0.273  1.481  3.260  4.417  5.374  7.061  9.426  9.191 11.080 13.302 14.382 
-0.111  1.843  2.648  3.898  5.709  7.456  8.387  9.479 11.622 12.731 13.670 
-0.029  1.581  1.982  4.615  5.530  7.127  8.146 10.127 11.118 12.640 14.156 
 0.588  1.665  2.523  4.839  5.655  7.507  8.573 10.220 11.698 13.127 13.916 
-0.101  1.238  2.624  4.486  5.747  7.208  8.688 10.013 11.115 12.962 14.105 
 0.414  1.342  3.105  3.498  6.012  7.021  8.232  9.548 11.295 12.922 14.124 
 0.408  1.005  3.241  3.724  5.688  6.726  9.224 10.617 11.319 13.029 13.811 
 0.757  1.361  2.538  4.152  5.002  7.013  7.791  9.699 11.142 12.303 13.265 
-0.279  1.681  2.891  4.478  5.801  7.168  8.958 10.259 11.441 12.699 13.988 
 0.351  1.881  2.478  4.024  5.143  6.514  8.178  9.877 10.725 12.473 13.611 
 0.209  1.401  2.526  4.140  5.854  7.277  8.947  9.605 11.487 12.441 13.999 
-0.073  1.704  2.660  4.432  5.833  7.025  8.488  9.953 11.690 12.320 14.643 
-0.119  2.202  2.974  4.499  5.700  7.168  8.714  9.822 10.925 12.554 13.796 
 0.202  0.978  3.031  4.385  5.462  7.647  8.330 10.376 11.317 12.550 13.879 
-0.232  1.801  2.707  4.381  5.740  6.899  8.754  9.776 11.011 12.576 13.710 
-0.251  1.211  2.977  5.188  5.642  6.967  8.006 10.094 11.605 12.736 14.246 
 0.347  1.957  3.138  4.236  5.654  7.476  8.309 10.827 11.186 12.524 13.828 
 0.090  1.131  2.033  4.289  5.858  7.623  8.259  9.955 11.130 12.787 14.052 
 0.227  1.688  2.783  4.214  5.170  6.586  8.366  9.786 11.416 13.470 13.686 
 0.214  1.264  2.814  4.137  5.819  7.195  8.619  9.785 11.177 12.755 14.004 
-0.097  1.093  2.198  4.321  5.553  6.979  8.200 10.785 11.043 12.607 14.311 
 0.313  1.725  1.809  4.270  5.979  6.949  8.647  9.695 11.577 12.740 14.428 
-0.184  1.306  2.566  4.182  5.082  7.590  8.610 10.295 10.963 13.152 14.239 
 0.040  1.575  2.598  3.737  5.716  7.639  8.519 10.225 11.560 12.993 13.896 
 0.138  1.250  2.356  4.415  5.155  7.107  8.558  9.847 11.229 12.777 14.158 
-0.640  1.284  2.867  4.481  6.312  7.199  8.495 10.130 10.827 12.650 14.314 
-0.262  0.920  2.747  4.386  6.158  6.664  8.546  9.720 10.956 12.399 14.516 
 0.449  1.343  2.923  4.058  5.565  6.985  8.925  9.305 11.008 12.878 14.419 
-0.120  1.319  2.527  4.477  5.155  6.692  8.499  9.552 11.148 12.381 14.296 
 0.476  1.050  3.455  4.820  5.516  7.171  9.001  9.794 11.190 12.761 14.458 
-0.395  1.233  3.151  4.459  5.898  7.382  8.673  9.885 11.851 12.642 14.512 
-0.013  1.679  2.438  4.770  5.968  7.037  8.222  9.621 11.500 12.688 14.576 
-0.301  1.145  2.851  4.021  6.110  6.988  8.689  9.724 10.969 12.947 14.074 
 0.001  1.098  2.588  3.917  5.252  7.068  8.035  9.591 10.889 13.129 14.083 
 0.411  1.575  3.576  4.486  5.352  6.778  8.223  9.987 11.573 12.371 14.123 
-0.131  1.539  2.609  4.275  5.302  6.878  7.723 10.046 11.579 12.645 14.215 
 0.002  0.927  2.698  3.957  5.919  7.557  8.863  9.815 10.867 13.303 13.976 
-0.308  1.787  2.908  4.320  5.918  6.923  8.702  9.561 11.527 12.426 14.344 
 0.380  1.560  2.767  3.983  5.604  7.287  8.974  9.880 11.437 12.314 14.610 
 0.595  1.363  3.218  4.364  5.684  7.307  8.786  9.943 11.409 12.157 14.212 
 0.681  1.444  2.671  3.752  5.529  7.443  8.238  9.627 11.565 12.605 13.614 
 0.149  1.566  2.919  3.950  5.848  7.168  8.130  9.962 11.204 13.163 14.463 
-0.127  1.676  2.671  4.162  5.444  7.392  8.504  9.965 11.200 13.199 13.282 
 0.307  1.213  2.734  4.079  5.993  7.557  8.299  9.726 11.616 12.221 13.843 
 0.393  1.881  2.655  4.846  5.738  7.444  8.074  9.350 11.516 12.584 14.000 
 0.520  1.097  2.141  4.122  5.090  6.799  8.018  9.650 11.332 13.044 13.916 
-0.147  1.975  3.029  3.977  6.185  7.210  8.500  9.834 11.170 12.182 14.132 
-0.282  1.672  3.133  4.365  5.307  7.294  8.854  9.763 11.592 12.514 14.431 
-0.292  1.713  2.546  4.249  5.219  6.801  7.964 10.449 11.303 12.683 13.961 
-0.033  1.146  2.730  3.732  5.661  7.765  8.525 10.355 11.831 13.109 14.394 
 0.039  1.169  3.068  4.034  6.008  7.101  7.764 10.195 11.446 12.006 14.448 
 0.011  1.739  2.277  4.108  5.617  7.450  8.749  9.511 11.332 12.258 14.601 
 0.186  1.203  3.284  4.201  5.644  7.409  8.466 10.021 11.599 12.686 14.097 
-0.077  1.918  2.963  4.535  5.272  7.578  8.578  9.142 11.541 12.971 14.550 
 0.332  1.564  2.610  4.314  5.341  7.284  9.193 10.371 11.669 13.331 13.963 
 0.179  1.352  3.151  4.109  5.606  6.837  8.740 10.129 11.251 12.915 14.505 
-0.178  1.412  2.772  4.020  5.629  6.827  8.815 10.248 11.477 12.308 14.628 
-0.331  1.306  3.070  4.631  6.255  7.282  8.815  9.924 10.513 12.037 13.906 
 0.319  1.532  2.563  4.075  6.209  7.241  8.719  9.543 11.358 12.677 14.166 
 0.516  1.939  2.698  4.279  5.537  6.776  8.535 10.326 11.185 12.522 14.226 
-0.265  1.656  2.394  3.831  5.291  7.188  8.261  9.572 11.489 12.036 14.195 
-0.035  1.680  3.169  4.198  6.025  7.216  8.336 10.157 11.359 13.070 14.458 
 0.036  1.388  2.920  4.082  5.822  7.619  8.450 10.128 11.623 12.554 14.293 
 0.004  1.392  3.498  4.444  5.520  7.292  8.428 10.349 11.781 12.880 13.950 
 0.360  1.653  2.509  4.794  6.404  7.098  8.266  9.957 10.796 13.430 13.703 
-0.260  1.296  2.577  4.131  6.137  6.659  8.450  9.846 11.251 12.439 14.159 
-0.325  1.356  2.038  4.027  5.792  7.498  8.005 10.365 11.125 12.439 13.992 
 0.215  1.564  2.622  4.840  5.510  6.883  8.113  9.990 11.231 12.571 14.032 
 0.577  1.313  2.590  4.520  6.003  7.006  8.723 10.581 11.292 12.946 14.442 
-0.020  1.404  3.467  4.663  5.556  7.534  8.917  9.761 11.365 12.211 13.536 
-0.246  1.810  2.886  4.046  5.201  6.841  8.415 10.344 11.806 12.618 14.645 
 0.785  1.697  3.372  4.103  5.423  6.642  8.646 10.246 11.298 12.704 14.453 
 0.206  1.701  2.901  4.421  5.858  6.671  8.057  9.602 11.167 12.718 14.514 
-0.333  1.685  2.409  4.348  6.108  7.237  8.204  9.695 11.523 12.559 14.560 
-0.606  1.223  2.839  4.444  5.959  7.820  8.616 10.119 11.258 12.486 14.371 
 0.629  0.782  2.128  4.233  5.679  7.285  8.486  9.747 11.093 12.865 13.827 
-0.075  1.248  2.854  4.508  5.677  7.644  8.527  9.520 11.441 12.559 13.744 
 0.079  0.878  2.210  3.657  5.908  7.393  7.755  9.898 11.726 13.300 14.011 
-0.012  1.351  2.668  3.792  5.246  7.553  8.249  9.919 11.541 12.319 14.462 
-0.137  1.885  3.313  4.309  5.644  7.071  8.783  9.974 11.352 12.457 14.132 
 0.211  1.450  2.599  4.010  5.473  6.542  9.050 10.041 11.131 12.478 13.960 
-0.201  1.520  3.212  3.965  5.781  6.932  9.196  9.446 11.483 13.361 14.657 
 0.086  1.736  2.657  4.395  5.673  7.234  8.612 10.282 12.028 12.623 13.741 
-0.039  1.359  2.869  3.694  5.497  7.113  8.270 10.219 11.552 12.439 13.924 
-0.117  1.692  2.458  4.301  5.423  7.004  8.906  9.503 11.267 12.955 14.512 
 0.227  1.707  2.715  4.109  5.899  7.196  8.448 10.137 11.256 12.391 13.920 
-0.018  1.716  2.691  4.697  5.038  6.984  8.565  9.763 11.817 12.263 14.525 
 0.130  1.459  3.168  4.233  5.945  6.983  8.577  9.464 10.780 12.919 14.037 
-0.321  1.919  3.186  4.669  5.009  6.950  8.282 10.279 11.812 12.754 14.128 
-0.250  1.419  3.710  4.840  5.756  7.322  8.461  9.649 11.336 13.098 14.767 
-0.145  0.899  2.976  4.020  5.659  6.808  8.263 10.144 10.838 12.620 14.484 
-0.344  1.308  3.003  4.223  5.410  7.483  8.539  9.455 11.502 12.559 13.655 
-0.098  1.495  2.757  4.599  5.585  6.571  8.506 10.160 11.754 12.359 14.312 
 0.047  1.420  3.395  4.608  5.448  6.965  8.692 10.546 11.533 13.027 14.380 
 0.294  1.340  2.767  4.587  5.333  7.366  8.677 10.074 11.348 12.789 14.715 
-0.099  0.883  2.324  4.683  5.861  6.731  8.463  9.967 11.213 12.667 14.321 
 0.057  1.574  2.938  4.355  5.609  7.132  8.354  9.973 11.635 13.380 14.087 
 0.023  1.257  2.608  4.434  5.743  7.161  8.894  9.761 10.847 13.345 14.530 
-0.168  2.201  2.828  4.181  5.318  7.357  8.421  9.938 11.606 12.739 13.536 
-0.268  1.348  2.530  3.727  5.401  6.862  8.748 10.084 10.936 12.108 14.293 
-0.321  1.186  2.932  4.003  5.172  7.032  8.227  9.167 10.996 13.155 14.451 
-0.106  1.001  3.026  4.428  5.738  6.741  9.277 10.172 11.305 12.829 14.353 
-0.378  1.130  2.499  3.825  5.398  7.066  8.160 10.018 11.570 12.661 13.747 
-0.448  1.419  3.213  3.881  6.026  6.972  8.538  9.775 11.204 12.879 13.817 
-0.564  1.397  2.726  4.467  5.487  7.148  8.222 10.337 11.627 12.569 13.947 
 0.207  1.560  2.848  4.111  5.686  6.471  8.411 10.072 11.279 12.461 14.072 
-0.080  1.210  2.579  4.169  5.488  6.763  8.197 10.290 11.387 12.411 13.534 
-0.159  1.414  2.794  3.947  6.084  7.380  8.388 10.201 11.126 13.363 14.095 
 0.119  1.723  3.133  4.937  5.444  7.067  8.138  9.769 11.384 12.154 13.937 
 0.107  0.917  3.364  3.535  5.773  6.944  8.928  9.824 11.487 13.150 14.795 
-0.228  1.443  2.617  3.556  5.637  7.435  8.074  9.689 11.847 13.028 14.518 
 0.461  0.716  2.775  4.425  5.903  7.004  9.087  9.777 11.408 12.580 14.103 
 0.321  1.579  2.616  3.585  5.830  7.233  8.815  9.985 11.499 12.511 14.428 
 0.279  1.674  2.628  4.332  5.116  7.251  8.385  9.613 11.567 12.511 13.812 
 0.495  1.662  2.313  3.874  5.540  7.271  8.644 10.272 11.458 12.436 13.881 
 0.087  1.282  3.167  3.686  5.629  7.251  8.814  9.907 11.576 12.662 13.848 
 0.271  1.585  2.263  4.428  5.824  7.128  8.368  9.756 11.382 12.342 13.803 
 0.519  1.969  2.455  4.121  5.742  7.183  8.229  9.961 11.027 12.720 14.350 
 0.189  1.516  3.175  4.215  5.235  7.499  8.481 10.223 11.611 12.715 13.911 
-0.046  1.101  3.380  4.058  5.828  6.751  7.750  9.882 11.057 12.601 14.451 
 0.374  1.393  2.420  4.391  5.414  6.992  9.076  9.604 11.296 13.291 13.625 
-0.087  1.446  2.873  4.123  5.414  7.136  8.111  9.759 10.619 12.913 14.076 
-0.292  0.866  2.964  4.189  5.817  6.779  8.787 10.186 11.051 12.635 13.869 
 0.143  1.432  2.558  3.890  5.881  7.485  8.620 10.336 11.161 13.067 14.858 
 0.019  1.568  2.377  4.693  5.357  6.997  8.303  9.666 11.074 12.598 14.112 
-0.095  1.410  3.135  4.179  5.704  7.018  8.433  9.673 11.298 12.833 14.133 
 0.045  1.379  3.097  4.654  5.610  7.286  8.591  9.638 10.902 13.239 14.309 
 0.771  1.046  3.120  3.522  5.374  7.099  8.354  9.933 10.857 12.837 14.507 
 0.050  1.604  2.215  3.814  5.387  6.676  8.074  9.894 10.978 13.114 14.666 
 0.095  1.610  2.768  3.919  5.616  6.492  8.277  9.957 11.344 12.533 14.032 
 0.320  1.303  2.772  4.132  5.485  6.681  8.210  9.825 10.960 12.366 14.361 
-0.189  1.689  2.471  4.483  6.014  7.277  8.387  9.501 11.431 12.786 14.247 
-0.145  1.345  2.759  4.631  4.947  6.735  8.644 10.397 11.055 12.707 13.723 
 0.516  1.710  2.461  4.284  5.848  7.185  8.173  9.537 11.144 12.622 14.030 
 0.223  1.637  2.803  4.301  5.906  7.305  8.780  9.868 11.423 12.284 14.177 
-0.162  1.824  2.555  4.330  5.746  7.601  8.884  9.983 11.244 12.703 14.439 
 0.290  1.298  3.273  4.368  5.695  6.882  8.240 10.083 11.358 12.837 14.059 
-0.062  1.032  2.986  4.362  5.657  6.762  8.555  9.587 11.601 12.780 13.579 
 0.114  1.482  2.791  4.108  5.357  6.803  8.716  9.629 10.950 12.816 14.228 
-0.090  1.136  2.928  3.675  4.981  7.383  8.384  9.979 11.222 12.600 13.838 
-0.121  1.132  2.843  3.818  5.919  7.075  8.396  9.876 11.628 12.207 14.372 
 0.345  1.178  3.335  4.201  5.891  7.113  8.782 10.047 11.465 12.956 14.030 
-0.163  2.033  2.595  4.118  5.451  6.696  8.690  9.944 11.274 12.301 14.090 
-0.094  1.108  2.892  4.506  5.754  6.859  8.386 10.348 11.698 12.750 14.113 
-0.131  1.253  2.710  4.324  6.059  7.662  8.506  9.867 11.247 12.808 14.271 
-0.826  0.741  2.482  3.751  5.724  6.630  8.309  9.810 11.075 12.855 13.885 
 0.010  1.353  2.859  3.719  6.323  7.140  7.850  9.801 11.350 13.177 13.717 
-0.427  1.787  3.036  4.375  5.360  7.400  8.895 10.078 11.338 12.506 13.847 
 0.314  2.010  3.255  4.035  5.978  7.247  8.970 10.022 10.759 12.804 14.520 
-0.039  1.007  2.717  4.178  5.342  7.270  8.001  9.768 10.912 12.509 13.992 
-0.424  1.498  2.117  4.222  5.741  6.905  8.310 10.013 11.309 12.343 14.622 
-0.304  1.631  2.024  4.119  5.387  7.303  8.341 10.460 11.601 13.049 13.868 
 0.107  2.094  2.709  4.375  5.392  6.915  8.487 10.061 11.314 12.033 14.301 
-0.397  1.385  2.469  4.197  5.854  7.006  8.387  9.654 11.375 13.020 14.119 
 0.012  1.904  3.119  4.175  4.966  7.842  8.544  9.870 11.390 12.588 13.732 
-0.116  1.327  2.231  4.363  5.526  6.430  8.169 10.006 11.725 12.930 14.134 
-0.111  1.160  2.811  4.550  5.737  7.334  8.330 10.162 11.081 12.708 14.198 
 0.149  1.412  3.237  4.311  5.731  7.656  8.219  9.685 11.860 12.429 14.541 
-0.212  1.401  2.918  4.288  5.165  7.099  8.116  9.929 11.375 12.813 14.357 
-0.941  1.726  3.358  4.438  5.674  7.402  8.113  9.745 11.039 12.610 13.683 
-0.065  1.687  2.400  4.233  5.786  6.659  8.580 10.360 11.256 12.348 13.851 
-0.123  1.168  2.491  3.840  5.417  6.859  8.561  9.582 11.261 12.264 13.973 
-0.061  2.043  2.756  4.205  5.199  6.947  8.287  9.870 10.760 12.566 13.878 
 0.259  0.619  2.935  4.488  6.248  7.138  8.445 10.081 11.553 12.629 14.434 
 0.468  1.299  3.168  4.435  6.039  7.105  8.485  9.423 11.113 12.612 14.300 
 0.086  1.405  2.865  4.681  5.344  6.516  8.182 10.282 11.335 13.345 13.684 
 0.340  1.886  2.923  3.663  5.389  7.365  8.387  9.797 11.821 12.425 14.176 
 0.169  1.302  2.853  4.020  5.400  6.993  8.047  9.638 11.251 13.021 13.937 
-0.364  1.203  2.790  3.997  5.228  7.095  8.322 10.272 11.069 12.183 14.348 
 0.031  1.385  2.660  4.852  5.627  6.528  8.197  9.705 11.151 12.997 14.438 
 0.276  1.253  2.741  4.596  5.990  7.088  8.228  9.731 11.768 13.358 13.235 
-0.203  1.469  2.106  3.637  5.151  7.128  8.422 10.032 11.504 13.086 14.590 
-0.023  1.693  2.610  3.886  5.831  7.475  8.458  9.783 11.669 13.048 13.919 
-0.547  2.003  2.793  4.539  5.314  7.226  8.134 10.241 11.511 13.209 13.923 
 0.298  1.400  2.831  3.914  5.890  7.351  8.780 10.350 11.379 12.251 14.558 
-0.292  1.463  3.450  5.000  6.057  7.129  8.490  9.642 11.516 12.502 14.637 
-0.183  1.737  2.938  4.014  5.906  7.017  8.180 10.183 10.992 12.381 13.719 
-0.311  1.252  2.754  3.911  6.132  7.050  8.872  9.871 11.131 12.593 14.071 
 0.467  1.654  2.800  4.009  6.252  6.898  8.667  9.724 11.467 12.903 14.349 
 0.288  1.441  3.259  4.418  6.040  7.631  8.277  9.913 11.022 12.704 13.608 
-0.101  1.529  3.082  4.076  5.673  7.089  8.190 10.221 11.200 12.687 14.351 
 0.544  0.957  2.864  4.492  5.654  6.966  8.294 10.002 10.686 12.725 14.205 
-0.249  1.197  3.412  4.122  5.477  6.587  9.198  9.553 11.082 12.819 14.429 
 0.022  1.942  3.319  4.097  5.133  7.452  9.015  9.517 11.503 12.899 13.888 
-0.186  1.366  2.937  4.036  6.162  6.524  8.193  9.382 11.458 12.871 14.134 
 0.105  1.543  2.942  4.008  6.082  6.864  8.560 10.222 11.565 13.301 14.275 
 0.228  1.387  2.668  3.606  5.603  7.237  7.470  9.826 11.155 12.953 14.028 
-0.113  1.553  2.884  4.538  5.339  7.123  8.963 10.110 11.570 12.297 14.299 
 0.723  1.500  2.702  4.602  5.189  6.701  8.264  9.739 11.357 12.517 14.315 
-0.038  0.810  2.518  4.276  5.520  7.505  8.457 10.019 11.644 12.660 14.366 
-0.389  1.114  2.284  3.958  5.165  6.378  8.055 10.220 11.377 12.693 13.520 
 0.279  2.025  3.024  4.690  5.983  6.702  8.639  9.908 11.581 12.760 13.706 
-0.416  1.076  2.691  3.885  5.420  6.596  8.807 10.242 10.730 12.260 14.329 
 0.176  1.299  2.626  4.118  4.950  7.007  8.909  9.674 11.724 12.845 13.996 
-0.213  1.489  2.325  3.612  5.244  7.284  8.291  9.915 11.364 12.840 13.607 
 0.657  1.599  2.222  4.281  6.087  7.219  8.709  9.764 10.950 12.715 14.265 
-0.128  1.679  2.910  4.345  5.134  7.333  8.604  9.620 11.407 12.815 14.538 
 0.125  1.388  3.133  4.412  5.275  7.294  8.615  9.428 10.550 12.343 13.917 
 0.060  1.352  3.050  4.233  6.064  7.073  8.638  9.547 11.133 13.571 14.363 
 0.107  1.075  2.632  4.499  5.740  6.673  8.259  9.886 11.068 12.216 14.401 
 0.638  1.560  2.996  4.096  5.500  6.700  8.786 10.128 11.234 13.176 14.147 
-0.181  1.783  3.664  4.379  5.732  6.523  8.631  9.781 11.313 13.020 14.240 
 0.036  1.883  2.639  3.976  5.878  7.335  8.123 10.476 11.316 13.042 14.169 
-0.391  1.475  3.171  4.145  5.630  7.268  8.481 10.014 10.997 12.186 14.357 
 0.014  1.834  3.000  3.955  5.420  7.455  9.019 10.063 11.170 12.471 13.655 
 0.121  1.765  2.545  4.075  5.461  7.895  8.748  9.705 11.126 12.731 13.963 
-0.533  1.171  2.473  3.874  6.359  6.669  8.004  9.899 11.280 13.255 13.976 
-0.333  1.235  3.320  4.135  5.865  7.430  8.245  9.913 11.553 12.491 14.166 
-0.341  1.799  3.118  3.965  5.388  6.964  8.156 10.430 11.601 12.526 14.130 
 0.224  1.620  2.555  4.131  5.574  7.181  8.733 10.228 11.223 12.779 14.014 
-0.013  0.726  2.186  5.151  6.075  6.679  8.378 10.011 11.128 12.369 14.287 
 0.077  1.248  2.659  4.746  5.946  6.753  8.439  9.637 10.899 13.593 13.821 
-0.126  0.889  3.537  4.433  5.832  7.688  8.491  9.719 11.499 12.168 13.818 
 0.070  0.894  3.328  4.048  5.675  6.579  8.337  9.267 11.660 12.805 14.024 
-0.271  1.101  2.583  4.655  5.616  7.077  8.861  9.905 11.224 13.136 14.095 
-0.359  1.471  3.229  3.678  6.035  7.086  8.141  9.543 11.885 13.033 14.143 
 0.280  1.429  2.525  3.435  5.769  7.200  8.307 10.080 11.541 12.661 14.404 
 0.012  1.925  2.834  4.426  5.540  6.739  9.060 10.302 11.178 12.782 13.955 
-0.287  1.166  2.298  3.896  6.014  7.534  8.232  9.185 11.270 12.737 14.117 
-0.136  1.988  2.779  4.728  5.897  6.983  8.607  9.871 11.154 12.624 14.652 
-0.231  1.800  2.609  3.978  5.814  6.792  8.178 10.467 11.212 12.333 14.427 
-0.083  1.277  2.405  4.116  5.992  7.644  8.849  9.537 11.199 12.447 14.006 
 0.077  1.007  2.501  4.863  5.715  6.436  8.711 10.279 11.565 12.250 14.320 
-0.247  1.561  2.699  4.012  4.978  6.889  8.690  9.809 11.316 12.982 13.700 
 0.101  1.608  2.553  4.289  5.766  7.293  8.557  9.754 11.174 13.146 14.162 
-0.009  1.650  3.338  4.239  5.480  7.137  9.064  9.969 12.013 12.657 13.990 
 0.169  1.701  2.311  4.504  5.463  7.011  8.101  9.698 11.585 12.805 14.068 
 0.354  1.189  2.742  4.065  5.636  6.749  8.557  9.858 11.425 12.103 15.185 
 0.214  1.775  2.820  4.039  5.197  7.329  8.515  9.791 11.568 12.976 13.649 
-0.372  1.205  2.461  4.608  5.591  6.619  8.744 10.121 10.657 12.946 14.303 
-0.614  1.748  2.882  3.931  5.373  7.387  8.004  9.605 11.512 12.417 13.501 
-0.189  1.472  2.821  4.552  6.099  6.672  8.833  9.915 11.630 12.610 14.010 
 0.223  1.810  2.768  4.231  5.959  7.025  8.266 10.085 11.437 12.834 14.135 
-0.179  1.847  2.572  4.555  5.923  7.603  8.813 10.220 10.852 12.405 14.736 
 0.251  1.490  2.511  4.393  5.966  7.434  9.009  9.535 10.916 12.787 14.286 
-0.126  1.009  2.882  4.414  5.749  7.405  8.967  9.950 11.220 13.103 13.999 
 0.213  1.186  2.981  4.302  5.740  7.044  8.572  9.535 10.342 13.445 14.356 
 0.150  1.252  2.972  4.374  5.903  7.212  8.480  9.805 11.210 13.246 15.032 
-0.344  1.399  2.585  4.319  5.879  7.275  8.407 10.092 11.117 12.330 14.035 
-0.320  1.483  3.138  4.486  5.231  6.620  8.423  9.827 11.224 12.259 13.863 
 0.894  1.719  1.770  3.934  6.015  7.521  8.485 10.275 11.585 13.440 14.359 
 0.378  1.334  2.383  4.532  5.787  7.355  8.105  9.965 11.774 13.460 14.475 
-0.717  1.992  3.162  4.548  5.735  7.228  8.587  9.973 11.623 12.518 13.708 
 0.166  1.162  2.341  4.409  5.588  7.478  8.478  9.992 10.840 12.845 14.264 
-0.061  1.411  3.269  4.194  5.711  6.952  8.835  9.975 11.084 12.752 13.810 
-0.200  1.056  2.574  4.205  5.916  7.294  8.530  9.436 11.747 12.675 13.612 
-0.242  1.271  2.583  4.766  5.717  7.329  7.959  9.608 11.378 12.631 13.818 
-0.047  1.872  2.829  4.661  5.445  6.399  8.858  9.741 11.132 12.197 14.157 
-0.125  1.721  2.871  3.529  4.982  6.925  9.033  9.846 11.547 11.835 14.133 
-0.373  1.104  3.034  4.285  5.407  6.953  8.176  9.908 11.548 12.946 14.113 
 0.327  1.576  2.923  4.130  5.818  7.283  8.371  9.793 11.424 13.011 14.134 
-0.263  1.578  3.020  4.325  5.060  7.212  7.873 10.082 11.525 12.134 14.346 
-0.489  1.447  2.456  3.931  5.856  6.909  7.941  9.760 11.253 12.595 14.348 
 0.036  1.452  2.797  4.317  5.242  6.901  8.442  9.385 11.787 13.197 13.724 
-0.402  1.529  3.172  4.100  5.995  7.272  8.062  9.829 10.780 13.018 14.110 
-0.476  2.062  2.911  4.239  5.296  7.002  8.187 10.266 11.191 12.871 14.081 
-0.124  1.159  3.010  4.187  5.399  7.584  8.091  9.132 11.452 13.072 13.479 
 0.273  1.821  2.597  4.617  5.436  6.817  8.614  9.967 11.508 12.616 13.391 
 0.191  1.719  3.224  3.856  5.637  7.317  8.015 10.201 11.268 12.736 14.253 
-0.227  1.637  2.168  3.899  5.869  7.232  8.347 10.216 11.350 13.151 14.387 
-0.603  0.959  3.028  4.566  5.245  7.482  8.442 10.752 11.051 12.569 13.957 
-0.045  1.602  3.061  4.351  5.057  6.889  8.999  9.938 11.687 12.616 13.937 
-0.182  0.857  2.660  4.144  5.629  6.889  8.893  9.700 11.787 12.570 14.474 
-0.053  1.412  2.435  4.294  5.425  6.944  8.267  9.827 11.456 12.917 14.334 
 0.532  1.614  2.833  4.340  5.862  6.921  8.341  9.930 11.505 12.623 13.847 
 0.220  1.499  2.733  4.596  5.818  7.229  8.627  9.305 11.264 12.634 14.197 
 0.553  1.041  2.941  3.897  5.459  7.456  8.307 10.172 12.149 12.770 13.611 
 0.215  1.931  2.875  4.223  5.480  6.909  8.524  9.849 11.539 12.694 13.943 
 0.545  1.333  2.448  4.504  5.789  7.515  9.153  9.864 11.300 12.477 14.015 
-0.101  1.199  2.501  4.529  6.086  6.935  8.274 10.004 11.372 12.336 14.218 
-0.197  1.636  3.027  4.952  5.515  6.839  8.152  9.949 11.190 12.465 14.547 
 0.340  1.111  3.125  4.344  5.456  7.045  8.554 10.045 11.110 12.955 13.933 
-0.319  1.292  2.935  4.327  5.685  7.490  8.216 10.056 11.044 13.336 13.890 
-0.311  1.341  2.151  3.938  6.212  7.164  8.751  9.947 11.147 12.561 14.240 
-0.093  1.663  2.849  5.208  5.638  7.738  8.601  9.904 11.318 12.304 14.290 
 0.095  1.432  2.724  3.992  5.800  7.258  8.465  9.663 11.390 13.627 14.079 
-0.086  1.261  2.397  4.487  6.161  6.757  8.505  9.645 11.619 12.788 13.990 
 0.203  1.585  2.715  4.311  5.507  7.272  8.770  9.900 11.733 12.455 14.370 
-0.776  1.381  2.677  4.084  5.640  7.146  8.345  9.916 11.484 13.265 14.145 
 0.108  1.430  3.174  4.405  5.919  6.559  9.055  9.397 11.324 12.812 14.184 
 0.039  0.887  2.434  4.052  4.863  6.928  8.914  9.772 11.746 12.874 13.264 
 0.451  1.467  2.946  4.459  5.388  7.159  8.945 10.114 11.455 12.537 14.248 
 0.042  1.479  2.871  3.865  5.285  7.109  8.034  9.486 11.245 12.535 13.934 
-0.382  1.276  2.500  4.421  5.524  6.903  8.644 10.491 11.090 12.668 14.203 
 0.128  1.225  3.020  4.301  4.754  6.757  8.637  9.761 11.137 12.599 13.984 
 0.467  2.121  2.213  4.582  5.795  7.135  8.523 10.112 11.046 12.699 14.601 
 0.188  1.111  2.848  4.193  5.453  5.846  8.634  9.629 11.439 12.904 13.862 
 0.132  1.534  2.443  4.400  6.304  7.144  8.602  9.747 10.752 12.628 13.564 
 0.167  1.289  3.006  4.064  5.460  6.872  8.187  9.866 11.086 12.818 14.590 
-0.563  1.385  3.876  4.434  5.922  7.607  8.740  9.856 11.550 13.007 14.002 
-0.199  1.371  2.765  4.292  5.301  7.660  8.293  9.420 11.336 12.850 14.276 
 0.258  0.871  3.041  4.680  5.594  6.608  8.109  9.639 11.037 12.726 13.761 
-0.180  1.750  2.779  4.402  5.976  7.080  8.238  9.749 11.696 12.843 13.482 
 0.058  0.926  2.393  4.727  4.936  7.044  8.005 10.213 11.571 13.136 14.327 
 0.167  1.040  2.833  4.060  5.687  7.260  8.580  9.899 11.656 12.564 13.952 
 0.233  1.950  3.207  4.247  5.836  6.788  8.075 10.007 11.768 12.576 13.861 
 0.355  1.449  2.365  4.506  5.550  6.413  8.559 10.244 11.425 12.344 14.911 
 0.357  1.703  2.405  4.338  5.528  7.007  8.242  9.716 11.471 11.912 14.459 
 0.381  1.307  2.685  4.412  5.300  6.916  8.323  9.821 11.908 13.024 13.938 
 0.043  1.532  2.489  4.362  5.664  7.168  8.583  9.486 11.551 12.348 13.955 
 0.400  1.383  2.335  3.992  6.082  6.970  8.740  9.940 11.169 13.165 13.944 
-0.421  0.818  2.465  4.433  6.031  6.936  8.390  9.948 10.944 12.383 14.065 
-0.114  1.242  3.103  4.368  5.511  7.827  8.255 10.025 11.275 12.683 14.218 
 0.378  1.969  3.014  4.150  5.814  6.750  8.427  9.520 11.514 12.807 14.416 
-0.055  1.716  2.296  4.224  5.422  6.606  8.121  9.533 11.224 13.058 14.553 
 0.704  1.553  2.977  3.799  5.326  7.344  8.475  9.948 11.405 13.473 14.092 
 0.024  1.613  3.074  3.776  5.298  6.964  8.490  9.484 10.995 12.673 14.247 
-0.204  2.087  2.775  4.306  5.807  6.463  8.489  9.786 11.105 12.312 13.885 
-0.134  1.854  3.055  4.515  6.127  7.285  8.600  9.675 12.033 12.945 14.276 
-0.228  1.621  2.306  4.347  5.197  6.997  8.696  9.111 11.454 12.583 13.646 
 0.436  1.628  2.697  4.151  5.409  6.897  8.595  9.839 10.624 12.442 13.652 
-0.121  1.223  3.025  4.060  6.020  7.343  8.348  9.581 11.161 12.322 13.529 
 0.022  1.566  2.720  4.479  5.906  6.911  8.742  9.653 11.090 12.534 13.932 
 0.224  0.717  2.702  4.534  5.930  7.045  8.922  9.493 10.773 13.372 14.121 
-0.458  1.537  3.315  3.733  5.338  7.228  8.459 10.201 11.480 13.193 14.427 
-0.125  1.824  2.394  4.455  5.652  6.858  8.109 10.249 11.094 12.678 13.717 
-0.030  1.341  2.685  3.983  5.370  7.217  8.494  9.958 11.671 12.740 13.990 
 0.257  1.104  3.371  4.524  5.158  7.397  8.592  9.384 10.641 13.308 14.548 
 0.047  1.372  3.247  4.111  5.995  7.317  8.262 10.434 11.607 12.825 14.247 
-0.028  1.126  3.498  4.171  6.032  7.523  7.964 10.201 10.864 12.733 14.478 
-0.131  1.386  2.627  4.706  5.448  7.587  7.892 10.042 11.281 12.916 14.213 
-0.045  1.584  2.930  3.588  5.579  7.004  9.071 10.100 10.854 12.267 14.465 
 0.077  0.975  2.559  4.226  5.468  7.232  8.682 10.169 11.253 12.700 13.871 
-0.198  1.864  3.161  3.916  5.772  6.821  8.445  9.737 10.923 12.975 13.999 
 0.760  1.441  2.397  4.583  5.504  7.008  8.244  9.641 11.412 12.352 14.131 
-0.147  1.343  2.517  4.426  5.303  7.012  8.823 10.202 11.597 12.478 14.646 
-0.235  1.416  2.314  4.470  5.763  7.213  8.830  9.393 11.607 12.879 14.246 
-0.384  1.236  2.810  3.729  5.431  6.976  8.304 10.046 10.912 12.342 14.270 
 0.565  1.270  2.569  3.634  5.858  7.170  8.132  9.373 11.068 12.789 13.634 
-0.366  0.896  2.965  4.479  5.743  6.409  8.837 10.078 11.753 13.102 14.667 
 0.174  1.762  2.917  3.711  5.502  6.479  8.644 10.005 11.949 12.669 14.249 
 0.161  1.971  2.746  3.861  5.462  7.242  8.820  9.853 11.415 12.260 13.781 
-0.307  1.465  2.642  3.795  5.283  6.780  8.802 10.085 11.537 13.364 14.117 
 0.216  1.365  3.052  4.654  5.518  6.565  8.309  9.836 11.331 12.858 14.520 
 0.061  1.354  2.562  4.451  5.387  6.588  8.473 10.279 11.679 12.560 13.927 
-0.113  1.382  2.684  3.812  6.069  6.848  8.129 10.021 10.975 13.065 14.237 
 0.393  1.343  2.672  4.280  5.534  6.644  8.435  9.886 11.655 12.571 13.492 
-0.113  1.251  2.653  4.119  6.036  6.865  8.819  9.845 11.569 12.943 13.900 
-0.105  1.497  2.830  3.668  5.559  7.545  8.332 10.272 10.772 12.878 13.457 
-0.435  1.507  3.173  3.944  6.021  7.171  8.596  9.909 11.403 12.309 14.002 
 0.157  0.997  3.496  4.164  5.957  7.276  8.216  9.710 11.120 12.973 13.968 
 0.638  1.151  3.054  4.705  5.666  6.413  8.481 10.521 11.707 13.391 13.673 
-0.448  0.843  2.614  4.861  6.065  6.799  7.969  9.431 11.309 12.545 14.002 
 0.551  1.395  3.187  3.990  5.328  6.701  8.687  9.964 11.687 13.076 14.056 
-0.387  0.894  2.852  3.878  5.647  7.232  8.927 10.118 11.029 12.550 13.231 
-0.605  1.130  2.563  4.648  5.436  6.945  8.415  9.715 10.894 12.862 13.927 
 0.231  1.966  2.913  4.209  5.994  6.915  8.363  9.985 11.383 13.038 14.698 
-0.571  1.191  2.646  3.973  4.922  7.236  8.836 10.044 11.394 13.017 14.166 
-0.264  1.612  2.284  4.549  5.678  7.323  8.449  9.820 11.821 12.379 14.126 
 0.054  1.561  2.952  4.380  5.366  7.299  8.274  9.588 11.230 12.356 13.686 
 0.237  1.425  2.852  3.848  5.707  6.990  8.473 10.174 11.694 12.706 14.233 
-0.352  1.446  2.775  4.367  5.674  7.530  7.960  9.060 10.995 12.570 14.367 
 0.243  1.113  2.532  3.504  5.143  7.004  8.422  9.962 11.150 12.794 13.289 
-0.085  1.291  2.696  4.164  5.529  6.969  8.269  9.797 11.247 12.792 14.373 
-0.200  1.415  3.178  4.322  5.812  7.686  8.144  9.635 11.680 12.540 14.069 
-0.098  1.694  2.857  4.183  6.177  6.997  8.295  9.656 11.675 12.714 13.786 
 0.193  2.331  3.683  4.543  5.911  6.857  8.234  9.845 11.042 12.880 14.647 
 0.554  0.859  2.690  4.206  5.477  6.944  8.310  9.555 10.811 13.140 14.964 
 0.055  1.578  2.915  4.255  5.469  6.644  8.673  9.709 11.429 12.747 14.082 
 0.389  1.398  2.529  3.921  5.850  7.283  8.527  9.440 11.425 12.588 13.779 
-0.228  1.038  2.678  4.345  5.851  6.846  8.122  9.765 11.451 12.716 14.078 
 0.404  1.476  2.801  4.689  5.819  7.305  8.485 10.184 11.373 12.547 14.403 
-0.760  1.331  3.091  4.286  5.756  6.775  9.170 10.028 10.576 12.387 14.166 
 0.014  1.461  2.858  3.789  5.872  7.034  8.331 10.182 11.358 13.015 14.606 
 0.247  1.237  3.512  4.203  4.918  6.926  8.436 10.070 11.554 12.426 14.029 
-0.039  1.584  1.828  4.062  5.768  7.522  8.718  9.977 11.625 12.798 14.341 
-0.062  1.239  2.920  4.190  5.645  6.978  9.288 10.602 11.173 13.022 13.828 
-0.315  1.074  3.177  3.534  5.845  6.992  8.120 10.060 11.252 12.656 13.421 
-0.181  1.562  2.908  4.351  5.414  7.582  7.977  9.680 11.810 12.764 14.306 
 0.320  1.511  2.800  4.446  5.676  7.388  8.360  9.619 11.213 12.383 14.815 
-0.448  1.433  3.547  4.149  5.777  7.154  8.528  9.982 11.541 12.287 14.291 
 0.038  1.503  3.237  4.205  5.471  6.545  8.674  9.403 11.121 13.085 14.050 
-0.854  1.740  2.662  3.779  5.950  7.636  9.079  9.540 11.656 12.549 14.615 
-0.488  2.132  3.285  3.995  5.769  6.558  8.832 10.310 11.032 12.734 14.575 
 0.362  1.637  2.856  4.208  5.018  6.722  8.779  9.573 11.187 12.770 14.324 
-0.223  1.466  2.646  3.947  5.438  6.843  8.744 10.522 11.150 13.048 13.839 
-0.033  1.049  3.089  4.012  5.882  6.739  8.672  9.827 11.196 12.319 13.582 
-0.501  0.933  2.596  4.083  5.961  7.223  8.743 10.313 11.723 13.079 13.917 
 0.111  1.189  2.672  4.173  5.482  7.316  7.780  9.740 10.870 12.626 13.982 
 0.017  1.233  2.850  4.474  5.854  7.687  8.421  9.699 11.049 12.590 14.126 
-0.119  1.581  2.935  4.589  5.644  6.665  8.378  9.983 10.967 12.672 14.261 
 0.189  1.497  2.797  4.370  5.793  6.812  8.877  9.642 11.549 12.778 14.218 
 0.006  1.694  2.805  4.395  5.669  7.181  8.538  9.989 11.317 13.042 14.241 
-0.220  1.543  3.236  4.400  5.354  6.979  8.334  9.903 11.109 12.319 13.584 
-0.289  1.187  2.918  4.183  5.840  7.151  8.015  9.718 11.493 12.658 13.697 
 0.053  0.789  3.394  4.050  5.915  6.952  8.311  9.934 11.458 12.418 13.847 
-0.038  1.461  2.676  3.652  5.491  6.805  8.461 10.175 11.296 12.399 14.250 
-0.333  1.061  2.923  4.121  5.820  6.984  8.706 10.360 11.434 12.258 14.218 
-0.014  1.572  3.407  4.045  5.821  7.159  8.256  9.734 11.644 12.851 14.083 
-0.021  1.484  2.887  3.918  5.234  7.221  8.531 10.171 11.147 12.748 13.621 
 0.111  1.820  2.946  4.273  5.539  7.320  8.326 10.164 11.313 11.954 14.015 
-0.542  1.588  2.762  4.861  5.808  7.446  8.909  9.709 11.958 12.827 14.626 
 0.653  1.288  2.678  4.343  5.686  7.290  8.700  9.924 11.503 12.521 13.767 
-0.648  1.643  2.293  4.640  5.317  7.169  8.379 10.177 11.330 12.742 14.503 
 0.176  1.451  2.626  4.311  4.845  6.969  8.863 10.255 11.303 12.788 14.123 
 0.182  1.068  2.683  4.490  5.602  6.681  8.347 10.029 11.337 12.584 13.933 
-0.297  1.191  2.317  4.152  5.500  7.184  8.485 10.016 11.340 12.821 14.086 
 0.566  1.536  2.088  4.295  5.812  7.130  8.289  9.402 11.435 12.991 14.250 
 0.307  1.226  2.876  4.019  6.033  6.941  8.854  9.879 11.303 12.246 14.024 
 0.021  1.476  2.536  4.481  5.749  7.383  8.520  9.755 11.635 12.425 14.535 
 0.198  1.512  2.640  3.920  5.428  7.008  8.489 10.210 10.548 12.871 13.961 
-0.222  1.432  2.431  4.331  5.656  6.788  8.719  9.700 10.771 13.161 13.929 
 0.473  1.417  2.870  4.535  5.577  7.480  8.253  9.829 11.341 12.774 14.406 
 0.825  1.856  2.742  4.100  5.285  7.069  8.300 10.210 11.330 13.058 13.706 
 0.397  1.104  2.805  4.178  6.043  6.724  8.985  9.572 11.886 12.301 14.246 
-0.029  1.616  3.482  3.861  5.484  6.898  8.364 10.375 10.764 12.633 14.085 
 0.355  1.485  3.174  4.280  5.516  7.118  8.378 10.287 11.149 12.800 13.845 
-0.074  1.750  2.657  4.210  5.908  6.689  8.826 10.440 10.802 12.711 14.009 
-0.199  1.477  2.670  4.157  5.936  7.335  8.600  9.979 10.758 12.279 14.425 
 0.046  0.851  2.723  4.591  5.950  7.291  8.410  9.521 11.185 12.837 13.906 
-0.002  1.157  2.774  4.192  5.463  7.255  8.884  9.596 11.193 12.587 14.786 
-0.250  1.447  2.573  4.285  5.831  6.993  8.511 10.442 11.729 12.807 14.026 
-0.079  0.957  2.619  4.190  4.994  7.072  7.850  9.982 11.408 12.748 14.534 
-0.009  1.411  3.270  4.196  5.693  7.140  8.097 10.011 11.312 12.585 14.376 
-0.212  1.258  2.307  4.532  5.634  6.921  7.972  9.830 11.313 12.545 14.165 
 0.132  1.663  2.872  3.925  6.088  6.880  9.002 10.198 11.425 12.723 14.010 
 0.767  1.703  2.943  4.438  4.926  7.063  8.576  9.345 11.495 12.391 13.970 
 0.144  1.964  2.237  4.393  5.777  6.762  8.278  9.522 11.179 12.851 14.444 
-0.947  2.210  2.892  3.774  5.489  7.193  8.671  9.511 11.779 13.209 13.781 
-0.071  0.589  2.602  4.480  5.738  6.884  8.849  9.442 11.310 12.613 14.053 
-0.123  1.438  2.288  4.479  5.413  6.541  8.313  9.741 11.422 13.013 14.310 
 0.219  1.457  2.822  4.740  5.941  7.632  8.964 10.304 11.513 12.365 14.152 
 0.110  1.465  2.230  4.289  5.506  7.045  8.436 10.017 11.412 13.077 14.399 
 0.355  1.585  2.605  4.283  5.277  7.074  8.119 10.246 11.384 12.223 14.030 
 0.308  1.184  3.418  3.785  5.546  6.892  9.022  9.538 11.762 13.165 14.285 
-0.303  1.337  2.802  4.254  5.581  6.895  8.546 10.101 11.402 12.792 13.795 
 0.139  2.004  3.080  4.342  5.947  7.700  8.878 10.392 11.607 12.508 14.200 
-0.005  1.367  2.415  4.210  5.794  7.152  8.377  9.815 11.016 13.149 13.878 
-0.336  1.523  3.062  4.505  5.389  7.152  8.176  9.629 11.009 12.988 14.063 
-0.174  0.847  2.433  4.049  5.819  6.763  7.891  9.987 12.092 12.496 14.128 
 0.125  1.462  2.996  4.284  5.737  7.282  7.970 10.216 11.546 12.452 13.981 
-0.091  1.529  2.749  4.487  5.307  7.205  8.967  9.753 11.445 12.748 13.767 
 0.039  1.576  2.757  3.650  5.877  6.973  8.873 10.043 11.449 12.405 14.785 
 0.236  1.045  2.441  4.539  5.762  6.735  8.584  9.958 11.396 12.533 14.153 
-0.443  1.210  2.721  4.295  5.516  7.379  8.159  9.801 11.219 12.380 14.382 
 0.245  1.276  2.869  4.113  5.626  7.197  7.944 10.195 11.624 13.011 14.020 
 0.157  1.271  2.473  4.102  5.482  7.468  8.782  9.477 10.927 12.560 13.742 
 0.501  1.747  3.595  4.547  5.243  7.221  8.528  9.801 11.021 12.649 14.167 
-0.225  1.783  2.631  4.207  5.512  7.256  9.238  9.576 11.940 13.375 14.243 
-0.110  1.616  2.913  3.838  5.967  6.619  8.675 10.026 11.209 12.174 14.256 
 0.051  1.036  2.854  3.779  5.846  6.986  8.263  9.370 11.269 12.927 14.347 
-0.212  1.401  3.320  4.315  5.874  7.500  8.157  9.975 11.413 12.691 14.541 
-0.349  0.627  2.295  4.267  5.569  7.075  8.949 10.402 10.897 12.203 13.789 
-0.251  1.595  2.745  4.028  5.810  7.072  8.271 10.221 11.064 12.277 14.311 
 0.254  1.426  2.483  4.160  5.646  6.465  8.654  9.874 10.925 13.186 14.272 
-0.486  1.633  3.309  4.052  6.226  6.740  8.583  9.893 11.664 12.774 14.156 
-0.228  1.614  3.222  4.462  5.842  7.198  8.565  9.867 11.648 13.242 14.731 
 0.325  1.921  2.887  4.117  5.731  6.959  7.921  9.709 11.686 12.723 14.707 
-0.427  1.720  2.816  4.522  5.508  7.242  8.516 10.278 11.641 13.003 14.028 
-0.722  1.583  2.949  4.671  5.829  6.944  8.534  9.973 11.399 12.560 13.859 
 0.054  1.213  2.861  4.471  5.435  6.640  8.795  9.715 10.959 13.454 14.245 
-0.199  1.630  3.074  4.636  5.641  7.139  8.642  9.785 11.257 12.875 14.027 
-0.065  1.096  3.007  3.970  5.707  6.924  8.772 10.068 11.193 13.187 13.789 
 0.351  1.656  2.855  4.706  5.639  7.039  8.660  9.984 11.208 12.693 14.148 
-0.250  1.886  2.527  4.350  5.916  6.740  8.374 10.169 10.836 13.007 14.116 
 0.371  1.748  2.557  3.768  5.837  6.863  8.347  9.692 11.088 13.215 13.911 
-0.273  1.265  2.999  4.436  5.962  7.110  8.006 10.191 11.110 12.872 14.343 
-0.044  1.206  2.976  4.486  5.926  7.275  9.190  9.829 11.276 12.596 13.417 
 0.279  1.527  2.548  4.353  5.577  6.748  8.386 10.174 11.400 12.405 14.706 
 0.411  2.090  3.096  4.416  5.949  7.259  7.735  9.737 11.093 12.449 14.396 
-0.175  1.394  2.904  3.918  5.763  6.892  8.160 10.065 11.358 12.709 13.810 
 0.314  1.788  2.608  4.042  5.998  7.060  9.010  9.884 11.615 12.511 13.819 
-0.186  0.916  2.300  4.174  5.737  6.889  9.018 10.047 11.620 12.492 13.503 
-0.149  1.582  3.034  3.923  5.769  6.958  8.330 10.782 11.670 12.666 14.498 
-0.485  0.747  3.537  4.777  6.013  6.930  8.581 10.077 11.067 13.033 14.574 
 0.037  0.916  2.563  4.429  6.112  7.020  8.030  9.752 11.024 12.936 13.760 
 0.234  1.579  2.689  4.238  5.288  6.932  8.479  9.824 11.615 13.105 13.864 
 0.178  1.785  2.747  4.297  5.613  7.710  8.533 10.211 11.358 12.661 13.763 
 0.229  1.048  2.275  4.693  5.456  7.211  8.689  9.440 11.401 12.122 14.351 
-0.031  1.085  2.708  4.230  5.592  7.086  8.624  9.756 11.653 12.691 14.021 
 0.020  1.479  2.903  4.148  5.669  6.880  8.483 10.110 11.401 12.661 14.128 
 0.033  1.978  2.358  4.127  5.419  7.306  8.588 10.437 10.905 12.927 13.992 
-0.281  0.891  2.661  4.568  5.656  7.021  8.511 10.234 11.479 12.441 14.283 
-0.387  1.803  2.794  3.680  6.356  7.168  8.651  9.599 11.257 12.432 14.104 
 0.231  1.209  2.661  4.210  5.628  7.230  7.867 10.164 11.465 12.567 13.557 
 0.636  1.147  3.059  4.943  5.572  6.885  8.577  9.606 11.293 12.527 14.432 
 0.187  1.460  2.843  4.265  6.144  6.164  8.293 10.407 11.263 12.498 14.082 
 0.375  1.394  2.839  4.564  6.098  7.374  7.876  9.725 11.642 13.144 13.964 
-0.095  1.670  2.784  4.200  5.639  7.092  8.416 10.382 11.850 12.714 13.977 
 0.117  1.884  3.294  4.354  5.468  7.194  8.396  9.982 11.038 12.694 13.832 
-0.130  1.603  3.227  4.122  5.377  7.286  8.210  9.787 11.107 12.624 14.042 
-0.123  2.170  3.050  3.432  5.548  6.730  8.462  9.666 11.096 12.365 14.683 
 0.419  1.406  2.940  3.780  4.988  7.210  8.874  9.778 10.773 12.635 13.796 
-0.384  1.129  3.760  4.258  5.844  7.239  8.329  9.961 11.732 12.584 14.079 
-0.397  1.301  3.009  4.293  5.513  6.483  8.723 10.015 11.342 12.581 14.124 
 0.320  1.702  2.954  4.477  5.053  6.448  9.187  9.793 11.839 12.797 14.022 
 0.169  1.045  2.845  4.001  5.295  6.987  8.670 10.503 11.592 12.589 14.326 
-0.412  1.457  2.436  4.199  5.410  7.039  8.480  9.416 11.570 12.544 14.438 
 0.960  1.959  2.217  3.701  5.444  7.094  8.733 10.078 11.665 12.977 13.861 
 0.227  1.087  2.269  4.548  6.043  6.840  8.710  9.617 10.685 13.131 13.923 
 0.124  1.999  2.684  4.034  5.397  6.979  8.210 10.008 11.131 13.018 14.534 
 0.057  1.857  2.745  4.584  5.714  6.958  8.478 10.207 11.925 12.441 13.773 
-0.030  1.456  2.937  3.874  5.248  7.714  9.223  9.301 10.863 13.926 14.325 
 0.240  1.413  2.833  4.252  5.789  7.040  8.786  9.478 11.381 13.147 14.593 
-0.358  1.675  2.776  4.805  5.790  6.886  7.832 10.202 11.686 13.151 14.970 
 0.081  0.970  2.107  3.708  5.152  7.898  8.167  9.342 11.399 12.512 14.535 
-0.513  1.504  2.480  4.364  5.931  6.920  8.810  9.938 11.458 11.809 13.828 
-0.032  1.391  3.110  3.489  5.181  7.115  8.588 10.034 11.670 12.852 14.206 
-0.310  0.959  3.552  4.678  5.313  6.653  8.315  9.780 11.049 13.019 13.837 
-0.072  1.975  2.753  4.400  5.681  6.924  8.483  9.955 10.997 12.700 14.200 
 0.095  1.739  3.046  3.780  5.448  7.775  8.344 10.352 11.123 11.986 14.021 
-0.571  1.400  3.000  3.870  5.720  7.177  8.248  9.363 11.382 12.420 13.699 
 0.182  1.493  3.429  3.994  5.496  7.372  8.207  9.174 11.413 12.339 13.964 
-0.140  1.308  2.345  4.588  5.915  6.345  9.377  9.518 11.210 12.877 14.754 
 0.028  1.518  2.773  4.201  5.671  7.058  8.277  9.381 11.340 12.603 14.325 
 0.466  1.433  2.878  4.236  5.355  6.538  8.255  9.736 11.417 12.184 14.212 
-0.050  0.803  2.969  3.817  5.419  7.054  8.318 10.553 11.098 11.855 14.248 
 0.100  0.481  2.529  4.126  5.400  7.292  8.236 10.077 10.873 13.047 14.655 
 0.000  1.351  2.822  4.256  6.222  7.280  8.367  9.886 11.121 12.742 13.896 
 0.328  1.629  2.741  4.056  5.740  7.314  8.437  9.680 11.740 12.554 13.797 
 0.320  1.334  2.887  3.959  5.748  7.142  8.365  9.824 11.256 13.273 14.070 
 0.427  1.466  2.638  4.130  5.949  7.307  8.540  9.342 11.454 12.351 13.752 
-0.077  0.894  3.500  4.569  5.808  7.369  8.613 10.520 10.785 12.823 14.148 
-0.127  1.519  2.669  4.815  5.582  6.736  8.267  9.901 11.435 12.642 13.634 
-0.192  1.533  2.506  3.882  6.157  6.721  8.648 10.138 10.389 12.704 14.172 
 0.068  1.365  3.247  4.488  5.663  7.129  8.344  9.901 11.352 12.588 14.303 
 0.821  1.943  3.016  4.222  5.734  7.107  8.831 10.012 11.621 13.121 14.134 
-0.252  1.196  2.574  4.418  5.367  7.170  8.436  9.812 11.579 12.972 13.805 
 0.079  1.436  3.137  4.685  6.119  6.414  8.927 10.469 11.140 12.568 14.221 
 0.082  1.372  2.493  4.827  5.674  7.154  8.301 10.306 11.472 12.855 14.477 
 0.117  1.249  3.187  4.093  5.591  7.242  8.554  9.359 11.308 12.572 13.997 
 0.339  0.825  2.595  4.310  5.385  6.677  8.695  9.514 11.676 12.099 14.282 
 0.175  1.559  2.553  3.798  5.886  7.527  8.235  9.666 11.384 12.461 13.681 
 0.075  1.677  2.622  4.532  5.668  7.117  8.168 10.098 11.328 12.355 14.260 
 0.182  0.963  2.570  4.365  5.804  7.397  8.105  9.732 11.067 12.391 14.527 
-0.071  1.854  2.972  4.956  5.985  6.748  8.388  9.506 11.427 12.621 14.053 
 0.277  1.198  3.035  4.327  5.996  7.227  8.864  9.925 11.820 12.054 13.939 
-0.285  1.393  2.696  3.551  5.383  6.968  8.362  9.290 10.928 13.283 14.289 
-0.120  1.663  2.747  4.273  5.339  7.090  8.161  9.791 10.760 12.628 13.966 
 0.161  1.884  2.507  3.983  5.816  6.940  8.345 10.247 10.688 12.430 13.819 
-0.018  1.322  2.831  3.849  5.608  6.767  7.939  9.823 11.426 12.773 14.034 
 0.866  0.459  2.488  4.200  5.579  6.946  8.905 10.410 11.141 12.669 14.089 
 0.543  0.977  2.735  4.375  5.805  6.745  8.065  9.712 11.163 12.698 13.874 
-0.010  0.928  2.119  4.284  5.612  7.797  8.151 10.079 11.511 12.715 13.560 
-0.328  1.124  2.322  4.488  5.101  7.359  8.821  9.692 11.670 12.373 13.833 
-0.018  1.365  2.753  4.016  5.301  7.005  9.273 10.061 10.999 13.073 14.123 
-0.780  2.052  3.084  4.220  5.123  6.760  8.173  9.962 11.364 13.463 14.074 
 0.254  0.993  2.811  4.443  6.046  7.125  8.708  9.902 11.208 12.757 14.065 
-0.334  1.424  3.185  4.826  6.118  6.777  8.707  9.998 11.638 12.925 13.887 
 0.269  0.759  3.120  4.283  5.844  7.017  8.380 10.207 11.074 12.599 14.333 
-0.335  1.306  2.808  4.057  5.184  6.964  8.771  9.519 11.258 12.520 13.904 
 0.282  1.272  2.882  4.276  5.773  7.228  8.597 10.011 12.026 12.732 13.962 
-0.190  1.370  3.181  4.341  5.941  7.159  8.391  9.268 10.756 12.891 14.474 
 0.236  1.130  2.906  4.539  5.631  7.118  8.516  9.662 11.596 12.434 14.347 
-0.687  0.756  3.563  4.501  5.391  7.481  8.707  9.823 11.309 12.399 14.085 
 0.181  1.620  2.591  4.552  5.929  6.763  8.102 10.174 11.647 12.835 14.584 
 0.240  1.400  3.189  4.556  5.254  7.045  8.647  9.983 11.438 12.995 14.110 
-0.020  1.330  2.814  3.524  5.787  7.538  8.216 10.251 11.223 12.844 13.696 
-0.263  1.866  2.818  4.015  5.592  6.672  8.851 10.049 11.072 12.931 13.994 
-0.000  1.540  3.012  4.445  5.782  6.953  8.203  9.618 11.337 12.198 13.566 
 0.208  1.782  2.455  4.350  5.723  7.215  8.233  9.826 11.484 12.470 13.845 
-0.592  1.609  2.726  4.045  4.785  7.191  8.680  9.576 11.499 13.118 14.482 
 0.166  1.357  3.204  4.710  6.240  6.730  8.234 10.118 11.188 12.238 14.304 
 0.586  1.437  3.152  4.420  5.780  7.244  8.371  9.877 11.163 12.399 14.276 
 0.047  1.248  2.725  4.654  5.760  7.859  7.898  9.892 11.908 12.329 13.967 
-0.396  1.667  2.409  4.067  5.643  7.208  8.430  9.438 11.350 12.546 14.301 
 0.098  1.186  2.928  4.633  5.791  6.652  8.693  9.621 11.675 12.341 13.828 
-0.031  1.615  2.746  4.317  5.310  6.677  8.258  9.258 11.316 12.165 13.857 
 0.424  1.242  3.454  3.767  5.955  6.854  8.896  9.746 11.634 12.375 13.741 
 0.339  1.595  2.798  4.082  5.277  7.240  8.934  9.715 10.497 12.734 13.620 
 0.011  0.823  2.663  4.173  4.887  7.453  8.501 10.047 11.430 12.810 14.824 
 0.808  1.195  2.954  4.354  5.599  7.332  8.566 10.006 11.497 13.054 14.148 
 0.184  1.789  2.680  4.012  5.703  7.276  8.411  9.973 11.293 12.459 13.890 
-0.158  1.338  2.703  4.417  5.405  6.855  8.538 10.213 11.642 12.677 13.966 
 0.009  1.533  2.795  3.979  5.819  6.713  9.355  9.472 11.317 12.269 14.037 
-0.396  1.421  2.820  4.136  5.614  7.338  8.716 10.414 11.057 12.310 14.158 
-0.190  1.536  2.845  4.453  5.663  7.518  8.602  9.566 11.354 12.849 14.188 
 0.323  1.149  2.815  4.292  5.187  7.428  8.601  9.880 11.424 12.478 13.748 
-0.096  1.017  2.764  4.511  5.426  6.910  8.707  9.566 11.341 13.179 14.701 
-0.266  0.621  2.034  4.687  5.760  7.041  8.200  9.640 11.211 12.506 14.204 
 0.131  1.034  3.001  3.879  5.089  7.028  8.291  9.347 11.213 12.772 13.537 
 0.315  1.225  2.867  4.184  6.359  6.842  8.424  9.251 11.720 12.762 14.054 
-0.334  1.020  3.576  4.190  5.277  6.910  8.605 10.027 11.487 12.192 13.762 
 0.021  1.868  2.507  4.593  6.324  7.145  8.793  9.817 11.830 12.384 14.068 
 0.544  0.697  2.769  3.908  5.286  6.821  8.150 10.263 11.670 12.626 14.238 
-0.169  1.025  3.274  4.147  5.499  7.512  8.480  9.622 11.419 12.198 14.162 
-0.073  1.563  2.974  3.739  5.186  7.432  8.437 10.049 11.955 12.790 14.267 
 0.674  0.957  2.424  3.963  5.783  6.710  8.437 10.063 11.588 11.828 13.978 
-0.442  1.526  2.164  4.950  5.217  7.032  8.965 10.097 11.388 12.321 13.936 
-0.165  1.220  2.770  4.239  5.197  6.607  7.762  9.515 11.714 13.185 14.670 
 0.051  1.562  2.706  4.209  5.445  7.123  8.163 10.622 11.489 12.744 14.581 
 0.573  1.531  2.618  4.697  5.792  6.604  8.601  9.415 11.174 12.700 13.708 
-0.222  1.305  2.231  4.554  5.451  6.817  9.073 10.063 11.498 13.186 14.213 
 0.624  1.538  2.995  4.074  5.327  7.298  8.655 10.521 11.281 11.986 13.948 
 0.218  1.148  2.875  4.273  6.120  7.402  8.452 10.208 10.790 12.822 13.856 
 0.280  1.348  3.174  4.153  5.479  7.322  7.880 10.491 11.117 12.361 14.198 
-0.335  1.813  3.133  3.914  5.268  6.869  8.742 10.225 11.646 12.699 14.025 
-0.182  1.174  3.149  4.649  6.109  7.399  8.308  9.651 11.402 12.708 14.055 
-0.099  1.656  2.453  4.346  5.713  7.018  8.508 10.235 12.106 13.263 14.932 
-0.244  1.402  2.278  3.994  6.030  6.671  8.154 10.024 10.762 12.492 14.732 
 0.090  1.407  3.032  4.115  5.646  6.765  8.471  9.623 11.660 12.762 13.715 
-0.199  1.199  3.188  4.010  5.865  6.908  8.782  9.881 10.898 13.165 14.089 
 0.264  1.533  2.663  4.524  5.556  7.105  8.587  9.539 11.673 13.054 14.180 
 0.038  1.817  2.794  3.969  5.668  6.758  8.501  9.794 11.500 12.531 14.497 
-0.199  1.579  2.626  5.081  5.350  7.166  8.539 10.429 11.002 12.584 14.445 
-0.077  2.195  2.630  4.325  5.913  6.370  7.954  9.500 11.083 12.859 13.772 
-0.204  1.375  3.250  4.062  6.438  7.179  9.089  9.938 11.181 12.338 14.500 
 0.444  1.609  2.746  4.236  5.934  7.599  8.777  9.556 11.330 12.671 14.293 
-0.164  1.840  2.700  4.106  6.116  6.881  7.994  9.788 11.061 13.303 13.855 
 0.320  1.742  2.633  4.137  5.305  7.436  8.036  9.875 12.249 12.704 13.843 
 0.031  1.400  3.184  3.704  5.520  6.733  7.919  9.563 10.945 12.356 14.181 
 0.476  1.517  2.767  4.398  6.213  7.037  8.572  9.556 11.920 13.303 14.287 
 0.407  1.447  2.267  3.886  5.466  6.954  8.002  9.384 10.872 12.868 13.821 
 0.209  0.981  3.048  4.369  5.926  6.661  8.239  9.287 11.074 12.331 14.187 
-0.503  1.386  3.295  4.238  5.948  7.270  8.516  9.772 11.560 12.560 14.242 
-0.181  1.473  2.776  4.204  5.929  6.995  8.721  9.954 11.546 12.404 14.567 
 0.239  1.301  3.015  4.115  5.751  6.921  8.362 10.075 11.686 12.934 14.114 
 0.288  1.819  3.123  4.261  6.096  6.512  8.450  9.753 11.427 13.146 14.311 
 0.100  1.400  2.685  3.867  5.872  6.799  8.137 10.204 11.446 13.057 13.821 
 0.154  1.566  2.383  4.121  5.541  7.103  9.046 10.121 11.144 12.478 13.716 
-0.262  1.439  2.819  3.869  5.632  7.023  9.135  9.980 11.612 12.600 14.708 
-0.493  0.938  2.804  4.000  6.099  6.561  8.581 10.088 11.560 12.842 14.400 
 0.107  1.687  2.417  4.123  5.761  7.127  8.484  9.491 11.401 12.859 14.363 
-0.298  1.135  2.966  4.652  5.685  6.887  8.953 10.059 10.896 12.576 14.328 
 0.137  1.692  2.935  4.232  5.239  7.071  8.592 10.311 11.311 12.348 13.986 
-0.674  1.675  3.257  3.988  5.829  7.025  8.460 10.160 11.157 13.294 14.141 
 0.326  1.109  2.982  4.000  5.319  7.200  8.206  9.205 11.770 13.196 13.812 
 0.032  1.411  3.240  4.055  5.273  7.449  9.002 10.153 11.296 12.672 13.848 
-0.230  1.794  2.691  3.922  5.864  6.480  7.883  9.959 11.951 12.638 13.911 
