11.094  8.406  6.779  8.433  4.965  7.320  6.696  6.887  7.437  9.742  9.707 
 9.000 10.202  9.595  8.163  6.404  6.188  7.885  8.008  9.986  6.818 10.029 
 8.547  9.022  7.219  7.767  8.402  6.678  6.132  7.621  9.096  9.640  9.798 
11.240 10.457  8.653  5.683  7.333  6.957  9.325  9.626  7.744  7.731  9.722 
10.332 10.342  8.185  7.758  8.772  6.210  7.719  7.001  9.683  7.750 11.020 
10.311  7.950  9.428  8.484  7.194  7.381  8.097  7.841  8.782  8.593 11.058 
10.704  9.510  6.386  8.529  7.956  6.549  8.034  7.370  7.964  9.085  9.769 
 9.932  9.304  8.122  6.288  7.313  8.560  7.193  7.515  6.625  7.270  6.727 
 8.682  8.841  7.221  9.075  8.186  7.621  7.625  5.612  9.690  9.807 10.078 
10.798  9.135  7.929  7.951  7.583  6.882  7.447  6.754  8.991 10.092 10.650 
 9.611  8.551 10.305  7.761  8.468  7.134  6.008  8.834  7.123  9.502 12.809 
 9.803  9.276  6.965  6.709  8.673  7.211  6.557  7.457  6.201  8.349  9.066 
 8.474  9.944  7.652  6.845  6.487  6.416  6.117  8.235  7.788 10.744  9.660 
11.460  9.086  9.006  8.804  9.258  7.647  7.916  7.704  9.321  9.092 11.702 
12.003 10.152  9.351  7.697  6.139  6.039  7.454  7.305  7.474  8.150  9.834 
11.176 10.636  6.105  8.526  4.993  6.857  5.937  9.083 10.038  9.247 10.944 
 8.071  8.428  8.450  6.765  5.776  6.573  7.921  6.506  8.941  7.393 10.362 
 9.241  9.454  8.378  9.142  8.198  5.463  6.047  7.391  6.544  8.862 10.054 
10.220  9.245  7.653  7.846  8.325  6.584  5.739  6.686  8.002 11.312  8.915 
 9.227  9.199  8.128  5.256  8.633  6.908  7.564  8.603  9.280  9.772 12.062 
 8.911  9.143  7.592  7.622  7.044  8.184  7.006  7.500  8.105  8.701 11.453 
11.781  8.491  7.762  7.741  8.268  8.620  7.350  6.737  9.872  8.094  8.108 
11.292  8.457  7.670  7.356  7.040  6.741  5.991  6.254  9.345 11.916 10.386 
 9.900  8.990  7.393  7.830  8.485  8.350  6.782  8.237  8.410 10.011  8.825 
11.226  7.748  8.777  6.978  7.227  7.034  8.597  6.695  8.685  9.508  8.695 
10.129  7.678  8.970  6.890  7.650  7.406  6.918  8.377  8.550  8.061  9.194 
 9.839  9.772  7.629  8.932  8.590  7.155  7.209  8.113  8.543  9.409  8.454 
 9.614  9.782  7.371  7.001  7.331  6.581  9.310  6.978  7.922  8.823  9.885 
10.419  9.683  9.024  7.418  6.819  7.006  7.428  7.264  6.745  7.854  8.900 
10.290 10.158  7.020  7.582  7.576  6.099  7.423  7.782  8.527  8.981 11.207 
 9.116  8.573  7.930  7.320  4.503  6.192  6.959  8.925  7.803  9.790  9.893 
10.021  9.220  6.421  7.953  7.969  8.338  6.830  7.983  9.035  9.674 11.605 
10.950  9.472  7.771  8.188  7.204  6.025  6.570  6.924  7.946  8.626 10.730 
10.877  8.974  7.145  7.157  7.882  6.343  8.286  6.364  9.096  9.196  9.466 
 8.862 10.655  9.728  7.354  6.587  7.150  6.150  6.954  6.610  8.227  9.803 
11.580  8.282  8.509  7.144  5.731  7.274  7.483  7.949  6.132  7.955  9.103 
11.072 10.309  8.885  7.061  7.562  7.997  7.094  7.856  7.632  7.995 10.158 
10.946 10.875  6.513  8.049  6.407  7.073  6.203  6.285  8.568 10.233  9.206 
11.518  8.902  7.992  6.775  6.918  7.516  6.406  8.165  7.620 10.954  9.045 
 9.507 10.577  9.756  6.380  7.544  6.873  6.015  7.987  6.368  9.778  8.508 
10.168 10.148  7.494  8.209  7.803  7.362  7.417  7.086  6.783  9.133 10.797 
 9.956 10.153  8.444  6.945  6.218  6.844  6.589  6.835  8.433  9.674 10.487 
10.001  8.237  8.765  6.855  7.083  7.378  7.730  7.079  7.483  8.676  9.062 
10.475  9.328  6.541  7.732  7.182  7.572  8.261  8.208  8.735  9.401 10.715 
 8.917  8.420  8.784  8.019  9.493  5.778  6.611  6.862  7.388  8.263 11.057 
 8.692  8.643  8.219  8.074  7.086  8.112  8.065  7.351  9.036  9.534 10.392 
10.109  9.224  7.227  7.987  6.464  6.206  7.321  9.049  7.184  9.708 10.068 
 9.738  7.933  8.751  6.391  8.253  5.158  7.452  7.353  8.398  7.537  8.768 
10.183  9.135  8.071  6.975  7.990  5.968  7.719  7.668  9.340 10.659 10.217 
 9.952  7.501  7.729  9.218  6.898  6.628  7.621  8.374  8.238  9.936  9.285 
10.552  8.698  9.564  6.818  7.117  7.392  6.096  7.902  8.310  8.366  8.996 
 8.419  9.566  7.190  7.071  6.925  7.296  8.318  9.087  6.633  8.589 10.512 
 9.491  9.624  9.891  7.504  8.998  7.122  8.600  6.509  9.856 10.860 10.347 
 9.672  8.404  9.193  7.565  7.916  9.343  7.997  6.567  6.359  9.715  9.387 
 8.945  9.651  8.698  7.488  8.576  7.741  6.953  7.968  8.263  9.323 10.404 
10.619  7.827  9.295  7.228  6.276  6.413  7.488  7.347  7.405  9.179 10.298 
 9.161  8.279  7.554  7.529  5.975  7.027  6.869  7.852  7.658  7.922  8.844 
10.695  9.350 11.962  7.959  6.946  8.804  7.036  6.781  8.315  9.813  8.164 
 9.470  7.385  7.740  8.054  5.829  7.624  5.282  6.648  8.017  8.925 11.037 
11.074  8.225  9.654  6.011  9.257  8.057  7.059  7.083  6.936  9.175 11.966 
 9.746  7.122  9.983  7.708  6.464  5.809  6.884  7.346  9.699  7.699 10.472 
10.091  9.079  8.249  6.894  8.021  7.477  8.634  6.550  8.879  8.553 10.312 
 8.806  9.241  7.884  8.831  6.198  7.524  6.328  9.233  8.369  8.761 11.809 
 8.999  9.136  9.908  7.026  6.427  7.291  7.330  7.316  6.957  6.873 11.265 
 7.970 10.888  9.619  7.151  8.235  8.252  8.154  8.211  7.425  9.556 10.654 
11.324  8.729  8.405  7.360  8.684  5.047  8.024  9.239  8.597  8.901  8.525 
10.301 10.562  9.086  8.704  7.017  9.407  7.556  7.847  7.260  8.974 10.557 
10.231  8.655  9.149  6.081  6.668  6.869  6.712  7.355  7.574  9.461 11.868 
10.408  8.013  7.829  8.868  8.883  6.086  5.440  8.449  8.739 11.097 10.445 
 8.491  8.750  7.205  8.057  6.115  6.857  9.030  7.786  9.252  6.542  7.757 
 9.845  8.854  6.066  6.840  5.888  7.049  8.254  8.233  9.098  8.424  9.759 
10.436  8.056  8.316  6.363  6.668  7.512  5.934  8.412  8.293  9.558 10.708 
10.067  9.750  8.709  5.796  7.816  9.173  7.788  7.159  8.412  9.493 10.964 
11.004  9.655  7.077  8.453  8.455  5.420  6.465  8.868  7.454  8.914 10.540 
 9.990 10.636  6.715  6.135  7.603  7.388  6.496  8.421  8.183  8.563 10.344 
 8.971  8.905  9.198  6.308  9.164  6.769  7.037  7.747  8.862  9.595  8.631 
 8.367 10.746  8.631  9.331  6.569  6.564  7.873  7.585  7.919  8.986  9.387 
11.248  8.796  8.569  7.531  6.122  5.612  7.297 10.214  9.221  9.933 10.125 
10.759  8.529 10.848  8.874  6.525  6.019  8.458  6.372  9.236  8.996  9.189 
10.418  8.545  7.927  6.795  7.225  8.176  7.510  7.345  7.407  9.410  9.268 
 9.111  8.586  7.235  6.715  7.473  7.877  8.369  7.390  7.274  8.925 11.709 
10.869  9.636  8.599  7.836  9.520  5.390  6.033  9.607  7.983  9.273  9.560 
10.147 10.695  8.502  6.166  7.718  9.281  7.360  9.054  7.529  9.100 10.047 
10.570 10.835  6.973  8.991  6.838  7.772  7.206  7.914  9.438  9.212  8.511 
11.857  9.135  8.306  8.275  7.532  7.408  7.233  8.631  6.638  9.165  9.670 
10.356  8.631  9.438  7.404  9.145  6.895  7.024  7.534  9.405  9.923 10.459 
 9.334  9.934  8.717  6.745  7.588  6.653  7.480  7.395  7.184  9.012  9.890 
10.669  8.645  8.920  7.404  5.565  6.017  8.194  7.142  9.582  8.494 11.519 
11.193  9.468  9.438  9.864  6.627  7.424  7.218  7.934  7.941  8.651  9.764 
 9.848  8.115  8.037  8.252  7.628  8.331  7.097  8.566  7.831 10.542 11.211 
10.247  8.209  9.367  6.679  7.614  6.346  8.891  5.972  7.639  9.260  9.705 
 9.710  9.378  7.682  8.136  6.426  5.787  7.984  7.667  9.405 10.618  9.967 
11.124  8.713  8.917  7.372  6.316  7.122  6.092  7.673  8.553  9.381 10.555 
11.263  9.185  9.242  5.609  6.331  7.964  7.324  9.483  5.696  7.759 10.387 
 9.864  6.279  9.521  5.543  8.691  4.916  8.346  7.367  7.827  9.062 10.059 
10.534  9.112  7.826  6.392  6.410  6.105  7.324  7.036 10.813  8.498 10.017 
 8.306  7.198  8.952  7.260  6.989  7.221  6.231  7.475  8.122  9.635 10.577 
10.587  9.060  8.714  7.213  7.297  6.491  7.981  7.550  6.639  8.462 10.105 
 9.189  8.908  9.371  6.939  6.281  6.372  8.630  7.661  8.781  9.790  9.383 
 9.754  7.956  8.097  8.617  6.962  7.135  7.771  8.574  7.813  9.698  9.949 
10.549 10.158  6.114  7.417  7.245  7.174  9.573  6.195  9.349  8.231 10.639 
 9.021  7.531  7.923  7.690  6.914  6.751  6.505  9.270 10.057 10.040 10.586 
10.208  8.736  8.152  7.983  6.677  6.305  6.755  7.081  9.642 10.705 11.160 
 9.937  8.171  7.631  7.088  7.993  7.286  7.008  7.372  7.832  9.927  9.061 
 9.080  9.286  8.544  9.682  7.861  7.407  5.974  7.766  6.932  8.125  9.806 
12.692  9.304  6.892  7.403  8.997  6.000  6.004  7.865  8.859  9.999 11.073 
10.413  8.662  6.711  8.359  9.246  5.590  6.113  7.040  7.483  8.711  8.729 
11.389  7.544  9.417  8.319  6.086  8.791  6.571  7.821  9.423  8.981 10.341 
10.049  8.946  9.069  8.475  8.035  5.517  6.956  7.785  7.942  8.801  9.693 
 9.789  9.037 10.086  6.693  7.122  6.957  6.435  7.849  9.573  8.648  9.026 
 9.378  9.784  9.441  7.329  7.087  6.913  7.390  6.231  6.968  8.115  8.866 
11.022 10.170 10.386  7.757  8.768  7.068  8.456  6.761  7.171  8.875  7.741 
11.233  9.046  6.745  6.404  5.315  8.927  7.979  7.888  8.261  9.177 10.898 
10.219  7.506  8.577  8.239  7.135  7.341  7.028  7.747  7.329  9.279  9.225 
 9.479  9.176  8.710  8.128  7.207  7.203  7.030  9.145  7.912  9.101 10.553 
 9.839  8.173 10.559  8.279  7.875  9.352  7.054  8.247  9.280  7.640  9.455 
 9.689  8.424  8.663  6.910  8.336  7.821  6.881  7.257  8.604  8.726 10.176 
 8.303  9.500  8.400  9.474  7.494  6.734  7.146  7.441  6.506 10.705 10.136 
11.307  8.367  8.399  7.325  6.730  5.767  6.359  6.375  8.637 10.221 10.326 
11.412 10.430  8.402  8.006  6.896  6.150  7.676  8.903  8.315  7.692 11.390 
 9.523  8.202  9.268  6.531  7.079  6.156  9.432  7.191  9.602  7.708  8.510 
10.413  7.608  8.340  7.699  4.420  7.406  7.459  7.689  6.717 10.110  9.630 
 9.653  7.786 10.943  6.839  5.661  8.632  6.883  6.700  7.661  6.614  9.579 
10.280 10.177  7.565  6.395  8.414  6.067  8.509  7.908  8.516  8.467  9.309 
10.211  9.634  8.097 10.180  7.940  6.611  6.742  8.641  8.591  8.552  9.784 
12.349  7.892  7.279  9.063  6.154  6.113  7.567  7.269  8.715  8.633  8.899 
 8.849  9.580  7.856  7.977  8.225  6.695  8.739  8.426  8.031  8.887  9.302 
 8.492  8.750  7.219  8.663  8.434  7.003  5.692  6.093  9.109  8.120 10.573 
 8.942  8.336  7.419  9.708  8.064  8.062  6.835  7.328  8.588  8.569 10.016 
 8.446  8.301  8.729  7.313  7.913  6.783  8.558  6.514  7.626  7.257  9.725 
 9.390  7.622  8.271  8.418  8.032  5.569  8.487  7.364  9.672 10.627  9.542 
10.562  9.150  7.483  7.145  6.212  5.770  6.734  8.851  7.425  9.015  8.949 
 9.066 11.096  9.235  8.572  7.443  5.072  8.031  8.686  7.285 11.127  8.605 
11.033 10.346  9.092  6.737  5.738  7.183  6.984  6.575  9.867  9.375  9.271 
10.126  8.778  7.947  6.342  6.902  6.854  6.823  7.966  9.626  8.851  8.826 
11.216  9.977  8.067  8.809  4.643  7.664  9.704  7.508  7.350  7.819  9.862 
 9.201  8.041 10.406  7.439  6.621  7.914  9.053  7.638  6.543  8.179  9.106 
 9.028  9.864  7.791  6.835  6.146  6.722  7.678  9.424  7.492  8.325 10.574 
 9.198  8.584  8.700  7.110  6.293  7.199  7.366  7.396  6.266  9.738 11.151 
13.353  9.587  7.816  8.824  6.895  8.478  7.085  8.402 10.212  9.107  9.878 
 9.999  6.668  9.284  7.127  5.838  5.944  8.422  6.429  9.088 10.315 10.370 
10.264  9.586  9.734  9.007  6.200  7.708  6.415  6.275  8.427  8.768 10.566 
 9.217  9.373 10.756  7.795  8.398  7.697  7.098  5.052  6.609  8.207 11.086 
10.459 10.247  8.249  7.040  7.186  6.934  7.344  6.004  7.719  9.170 10.407 
10.411  9.983  7.906  6.252  7.008  7.462  7.740  7.992  8.133  9.371  9.121 
 9.196  8.049  7.548  7.961  6.615  6.977  8.352  8.502  8.600  9.504  9.036 
10.107 11.166  7.506  7.613  5.654  5.402  6.387  7.023  9.736 11.161 10.350 
11.070  7.411  8.038  6.790  6.847  6.708  7.173  7.500  7.995  9.579  9.972 
11.226 10.006  9.449  7.469  7.348  6.517  6.989  8.759  8.129  9.553  9.315 
 9.989  9.958  6.945  4.771  8.104  7.074  7.470  6.418  8.799  8.841 11.074 
10.805  7.935  8.194  8.805  5.631  7.017  6.798  7.449  9.073  7.783 10.557 
10.509  8.807  8.448  7.306  4.716  6.394  6.661  6.473  9.096  7.108  9.775 
10.110  9.657  8.769  8.740  7.412  7.630  8.196  7.522  7.761  9.344 10.958 
11.134  9.267  6.883  7.776  7.256  7.289  7.247  8.583  6.654  9.415  9.295 
 7.726  9.267  6.809  7.197  6.245  7.009  6.564  8.743  6.772  9.130 10.900 
10.892  8.801  9.700  7.027  6.155  7.576  7.186  9.228  9.049  9.473  9.628 
10.349  9.208  9.526  5.769  7.026  8.802  5.944  7.619  7.977 10.748  9.238 
10.599  9.524  8.506  8.692  5.886  8.285  8.252  8.667  7.602  9.138 10.050 
10.121  9.898  8.277  6.980  6.122  7.773  7.742  7.340  7.721  7.992 10.443 
 9.644  9.426  7.817  8.340  7.345  6.555  8.486  6.931  7.886  8.277 11.065 
 9.639  8.692  6.825  6.683  9.250  7.707  7.795  9.152  7.002  7.204  9.554 
 9.792  8.400 10.357  8.131  7.796  6.428  8.900  6.296  7.861 10.376 10.150 
10.897  9.482 10.277  6.814  8.591  6.449  6.847  7.125  6.844  7.912 10.197 
10.483  8.846  5.989  8.965  7.586  6.215  7.304  6.959  9.374  9.277 10.452 
 9.194  8.729  9.498  6.329  7.623  8.867  8.059  8.143  7.371  9.331 10.630 
10.403  7.425  8.517  7.886  7.642  5.345  8.769  8.542  7.177  9.499  9.918 
10.088  9.941  8.101  8.280  9.462  7.525  7.531  7.509  7.606  8.081 10.530 
 8.867  8.931  9.063  7.685  5.813  6.237  6.967  8.124  8.347 10.794 10.545 
10.254 11.024  7.935  8.622  8.086  7.829  8.063  8.452  9.422  9.504 11.749 
 9.376  8.710  9.101  7.301  6.433  8.981  6.941  6.034  7.557  8.629 10.429 
11.548 10.233  6.797  5.987  6.821  8.091  6.604  7.154  9.112  9.105 10.726 
11.306  9.466  7.902  8.051  6.426  7.190  8.005  6.982  8.293  9.347  9.381 
 9.671 10.405  7.586  8.014  4.656  8.623  5.345  7.524  8.386  7.545 10.654 
10.497  8.174  6.976  8.950  8.509  6.958  7.051  8.912  7.810 10.116  9.981 
 9.967  8.691 10.643  8.422  7.196  6.196  7.584  8.006  8.415  7.732  8.720 
10.804  9.455  8.591  6.933  6.367  7.082  8.611  7.550  7.719  8.432  9.469 
10.418  8.084  7.075  7.370  7.064  8.246  7.103  8.024  6.671  8.643 11.180 
 8.763  9.178  6.806  8.649  8.021  6.857  7.944  8.079  7.882 10.035  9.698 
10.945  9.381  7.876  7.969  6.658  9.015  6.371  7.926  7.188  9.234  9.584 
 9.693  8.754  7.713  6.742  8.104  6.353  4.536  8.671  8.273  9.204 10.315 
 8.965  8.615  7.754  7.349  6.860  5.681  5.643  7.870  9.180  9.319  7.829 
 9.708  8.811  9.082  8.827  7.844  6.258  6.441  7.723  8.150  9.318 11.611 
12.327  7.367  7.663  6.934  7.727  5.537  7.987  7.455  8.798 11.216  9.538 
 9.773 10.294  8.627  7.357  9.031  7.697  6.900  8.538  8.857  9.099  9.118 
 8.694  7.785  8.638  6.410  7.126  5.820  7.882  6.860  8.765  8.745 11.469 
 9.140 10.313  9.746  6.718  5.460  8.989  5.721  8.182 10.396  9.107  9.854 
 9.760 10.090  7.092  8.383  7.250  7.837  7.027  7.633  8.315  9.491 11.436 
10.196  9.690  7.862  8.621  8.345  7.084  8.108  6.996  8.448 10.964  9.618 
 9.088  7.410  7.768  7.943  6.592  5.361  8.226  6.658  6.314  8.331  9.910 
 9.445  8.543  8.209  8.213  7.285  5.992  7.715  7.843  8.181  7.042 10.119 
 9.840  8.507 10.006  8.083  8.089  5.959  6.222  6.851 10.328 10.837 10.463 
 9.655 10.445  8.298  8.714  7.618  6.529  6.554  7.401  7.698  9.676 10.105 
 9.867  9.229  7.713  8.506  6.205  6.764  7.048  9.262  9.561 10.010 10.826 
 9.081  7.600  7.301  5.506  7.641  8.179  7.005  7.513  8.854  9.533  8.663 
 9.909  9.021  9.422  7.225  8.598  5.199  7.510  7.305  8.175  9.027  8.750 
 9.964  7.760  7.963  8.361  8.498  7.987  6.815  6.218  6.805  9.743 10.632 
10.302 10.850  7.810  7.951  7.079  9.509  7.666  8.404  7.481  8.840 10.599 
11.294 10.059  9.580  6.363  8.007  8.412  6.883  7.877  9.659  8.516  9.993 
10.632  9.747  7.905  8.449  9.111  5.670  5.124  6.412  8.171  9.145  9.168 
 9.807 10.735  9.036  7.922  6.985  5.652  8.458  7.512  7.645 10.035  8.499 
11.326 10.363  8.546  7.770  7.695  5.961  4.949  7.505  7.893 10.144 10.300 
10.499  8.405 10.176  8.271  8.574  6.565  4.903  8.306  8.314  9.284  9.317 
10.368 10.025  8.271  7.783  4.816  7.306  8.165  7.251  7.384 10.163 10.447 
10.318  9.039  7.404  9.050  9.507  6.747  7.531  8.960 10.147  9.919  9.727 
 9.578  7.307  7.933  8.496  7.605  7.681  6.112  8.706  9.055  9.628 10.677 
 9.880  7.965  9.962  8.023  6.114  5.882  6.572  9.170  9.105  8.021  9.759 
11.023  8.718  9.253  7.562  7.150  7.195  7.823  7.780  8.840 10.276 10.852 
 9.311  9.786  7.465  6.478  7.836  6.670  8.887  7.225  7.134  8.026 10.855 
11.278  9.930  7.560  9.020  8.818  7.017  5.015  8.954  8.922 10.395 10.661 
11.260  9.391  8.703  8.718  5.003  7.389  6.927  6.112  8.135  9.664  9.121 
10.304  7.794  9.708  8.415  6.360  5.883  7.860  6.771  8.048  9.625  9.604 
10.950  9.026  6.863  9.919  7.374  8.397  7.409  7.151  9.662  8.755  9.775 
 8.768  9.275  9.205  7.446  6.233  6.488  5.397  7.938  8.528  7.137 10.500 
 9.513  8.166  9.481  8.326  5.213  7.180  7.007  7.904  8.732  8.859 10.203 
11.052  8.316  9.108  9.086  7.649  5.288  5.675  4.968  7.783  7.864 10.604 
10.959 10.566  7.158  9.759  8.454  7.591  5.996  8.176  8.241 10.229  9.774 
 9.213  7.089  6.710  5.821  6.647  7.409  7.858  8.596  7.758  8.007 10.602 
11.636  9.645  8.177  9.035  7.960  6.269  7.648  9.158 10.154 10.061  7.823 
 9.958  7.737  9.837  7.444  7.400  6.641  7.413  6.470  7.603  7.504 12.156 
10.560  7.804  6.330  7.535  8.641  6.613  6.748  7.674  8.058  9.492 10.662 
 8.898  8.685  8.226  6.957  8.081  5.718  8.703  4.960  8.085  8.703 12.124 
 8.162  9.107  7.069  8.845  6.263  9.913  7.737  7.370  6.903 10.758 10.307 
10.365  7.886  8.620  8.508  7.582  6.896  8.090  9.041  8.928  9.443  9.431 
11.367  7.601 10.720  6.604  6.139  6.759  7.814  9.652  8.426  8.384 10.746 
10.814  9.119  7.718  7.580  7.124  6.858  6.815  7.427  9.449  6.993 10.660 
11.293  9.184  9.128  7.903  6.598  6.617  7.434  7.626  8.672  9.787  9.981 
 8.670 11.580  6.577  7.026  6.793  7.369  7.172  6.754  8.246 10.858 10.398 
10.722 10.282 11.137  6.021  6.226  5.556  8.132  8.476  8.979  6.368 10.305 
11.889 10.399  8.308  7.767  6.083  8.273  7.219  7.067  8.718  9.581  8.255 
10.884  8.351  8.427  6.835  7.927  5.955  5.361  7.356  8.335  8.295 11.420 
10.415  8.105  7.163  9.285  6.425  5.011  7.003  6.671  9.604  8.122 10.979 
 9.829 10.324  8.676  6.956  7.149  7.481  7.171  7.790  9.242  9.377  9.527 
10.964  9.698  9.049  7.619  8.186  5.674  8.138  6.412 10.051  9.748 10.338 
11.363 10.281  8.554  7.173  5.483  8.792  6.754  7.359  8.848  8.793 10.657 
10.517  9.140  6.386  8.537  7.180  7.863  7.204  7.939  7.452  9.276  9.990 
10.717  9.965  9.562  7.508  6.156  8.090  8.305  6.699  6.882  9.846 12.792 
12.660 11.873  9.290  8.646  5.903  7.350  7.002  7.244  8.276  9.148  9.338 
10.660 10.065  6.800  8.217  6.941  5.924  8.014  7.779 10.577  9.210 10.939 
 8.874  8.020  9.619  7.532  7.281  6.947  7.688  6.775  9.053  8.842  9.349 
 9.546  9.752 10.577  6.997  6.980  7.679  6.793  7.951  7.260  8.762  9.469 
10.619  8.070  6.809  7.359  7.457  8.413  7.694  9.128  7.874  8.451 10.916 
11.382  9.810  8.930  8.407  7.505  6.847  6.886  8.139  6.463  7.900  9.486 
10.465  9.508  9.280  7.021  7.579  7.205  7.491  8.198 10.294  7.579 10.833 
10.022  8.170  8.518  7.129  6.802  3.798  7.245  6.333  5.946  9.573  9.541 
 9.920  8.884  8.825  7.762  6.249  8.451  7.769  8.194  7.830  9.258  9.108 
 9.838  8.816  8.461  7.299  7.319  7.995  5.903  8.970  8.322  8.434  9.104 
10.029  9.816  7.642  6.204  5.810  7.008  6.707  7.020  7.454  9.738 11.763 
10.777  9.345  9.059  6.787  9.986  8.104  7.739  6.872  6.454 10.286  7.477 
 9.358  9.696  6.831  7.600  8.213  8.235  9.360  7.897  7.880  9.726  9.092 
10.330  8.862  7.197  7.282  5.274  6.847  6.152  7.789  9.183  7.361  8.386 
10.548  8.766  8.010  7.720  6.944  6.688  8.080  7.569  7.865  9.503  9.194 
 9.946  8.962  7.185  5.485  8.033  6.465  6.968  9.156  7.248  8.606  9.634 
 9.965  9.173  6.705  7.654  8.196  5.972  7.562  9.404  8.023  8.389  9.089 
 9.903  8.510  7.864  7.060  8.003  6.859  7.259  7.817  6.799  9.072 11.362 
10.139  9.177  6.540  7.086  7.770  7.483  7.986  6.707 10.035 10.149  9.342 
10.266 10.875  8.464  8.479  8.710  7.212  5.041  8.502  7.319  8.917  9.165 
 9.090  8.017  7.927  8.281  7.953  5.337  7.536  8.478  7.544  8.812 11.316 
 8.656  8.909  8.188  8.241  6.675  7.767  5.627  8.698  8.176  7.068 10.784 
 9.715  9.823  6.994  7.029  8.067  7.303  6.951  8.293  8.266  9.160 12.064 
 9.904  8.465  9.209  7.377  8.330  6.132  7.202  7.384  7.432  8.715  9.166 
10.171  8.628  7.928  8.905  5.964  6.465  7.783  8.062  8.714  8.823 10.681 
11.437 11.470  7.338  8.346  7.400  8.119  7.106  7.663  8.445  9.588  9.930 
11.516  9.193  9.150  6.504  6.655  9.183  6.700  6.696  7.476  8.035  8.615 
10.452 10.192  8.714  6.941  7.097  6.796  8.514  6.531  8.395  9.686  9.725 
 9.629  8.014  9.933  9.383  6.821  7.915  6.449  7.658  6.754  9.083 10.672 
10.719 11.089  7.617  8.051  6.952  6.521  8.118  5.872  9.236  8.707  9.770 
 9.146 10.118  7.328  5.807  6.264  8.314  6.677  8.606  9.488  8.413 10.561 
 8.404  9.605  8.999  8.342  8.303  7.796  6.526  8.051  7.903 10.782  9.551 
12.303  9.695 10.017  7.848  6.890  6.962  6.275  6.559  9.653  9.442 10.352 
 9.312  8.617  6.249  8.767  7.226  6.380  8.033  7.193  8.654  9.778  9.215 
 9.810  9.115  7.097  6.286  5.226  7.905  6.136  6.610  8.535 10.813  8.846 
10.162  7.510  8.707  7.163  6.638  7.263  7.059  7.635  7.391  9.006  9.941 
11.942 11.634  7.721  8.166  6.705  6.587  8.112  8.123  7.955  9.123  8.767 
10.592  8.056  7.943  8.222  7.652  7.449  6.326  8.942  6.935  9.248 10.166 
10.446  9.641  6.642  5.780  7.016  6.416  7.913  7.931  8.398 10.306  9.503 
 9.316  7.684  6.746  8.077  7.758  6.708  6.818  8.318  8.204  9.252  9.536 
10.791  9.141  8.577  6.389  6.458  6.270  6.048  9.713  7.760  7.952 11.071 
 8.601  8.837  9.061  7.728  6.815  7.832  6.404  6.756  8.476  8.554 10.270 
10.074  9.182  7.578  7.724  5.832  8.227  5.656  9.197  8.331 10.270 10.285 
 9.843  8.877  8.772  4.204  9.081  7.727  8.485  7.991  7.745  9.773 10.433 
 9.516  7.405  8.126  9.130  7.788  6.126  9.078  7.283  9.024  8.619  8.230 
11.341  8.860  6.878  5.978  7.350  8.859  6.072  9.049  8.846  7.091  8.356 
11.453  8.721  8.516  8.116  7.256  8.303  8.760  7.017  5.892  8.666 10.551 
 8.697  9.905  7.718  7.336  6.920  5.359  8.014  6.481  8.568  9.786 11.191 
 9.314  7.712  8.070  7.066  7.814  8.665  8.119  7.458  8.379  7.860  9.481 
10.922  9.028  7.810  5.316  9.125  7.594  7.488  7.231  7.544  7.504  7.977 
10.811  8.423  8.359  7.498  7.817  6.874  7.279  7.347  5.460  8.408  9.958 
 8.521  9.372  7.910  6.872  6.368  6.637  8.107  8.389  6.368  7.521  9.524 
10.540  9.259  9.064  5.413  7.128  8.520  7.823  6.585  6.529  9.764  9.712 
10.572  8.051  8.579  8.514  9.031  7.081  7.211  7.866  8.181  9.875  9.877 
 8.982  9.295  8.263  8.417  7.363  7.320  9.302  6.464  8.994  8.425  9.776 
 9.855  9.677  8.197  7.115  5.965  5.845  6.681  9.184  9.794 10.607 11.715 
12.211  9.560  7.942  7.827  8.188  6.573  6.155  9.128  8.518  9.517  9.266 
10.084  9.590  7.149  7.885  8.063  6.269  7.835  9.505  8.553  8.028 11.102 
10.111  9.662  8.365  8.026  5.992  5.932  6.425  6.133  8.049  8.451  9.119 
10.269  8.876  6.975  7.831  6.737  8.607  7.815  6.978  7.500  9.644  9.931 
 9.461  9.029  7.664  8.599  7.635  7.140  8.201  8.272  7.964  9.085 11.725 
10.428  8.549  9.415  7.916  6.334  5.422  7.954  7.380  7.522  9.855 10.248 
 9.157  7.475  7.956  7.914  8.730  7.562  7.301  6.895  7.727  7.354 11.570 
 9.904 11.082  8.211  7.169  5.578  7.698  7.115  6.756  7.950  8.854  9.178 
 8.758  8.193  7.300  7.539  7.522  7.145  7.330  6.896  6.943  9.096  9.522 
 8.953  9.215  8.395  7.722  6.849  6.547  7.820  8.845  6.709  7.888 10.458 
 9.498  9.013  9.649  8.078  7.382  6.585  6.723  7.146  7.256 10.764  9.736 
11.032 10.257  8.778  7.479  7.741  8.441  7.032  7.959  9.798  9.111  9.935 
 7.816  8.298  6.387  8.127  8.378  8.030  6.195  7.603  9.609  9.599 10.662 
 9.226 10.701  8.319  7.493  6.988  7.200  7.610  8.265  8.691  9.891 10.750 
10.920  9.421  6.649  5.265  7.785  6.777  7.545  6.480  8.248  9.031  9.621 
 8.740  7.514  8.234  8.065  7.922  7.191  8.569  9.757  8.790  9.051 10.108 
 9.915  8.271  7.837  6.859  7.270  6.644  7.720  7.761  7.520  7.895  9.732 
 9.178  9.426  8.133  9.113  7.612  6.186  7.259  6.936  8.485  9.479  9.152 
10.048  8.839  7.062  4.733  6.560  7.359  7.267  8.548  7.502  7.611  9.997 
 8.921 10.211 10.276  7.036  7.301  6.969  7.477  6.744  9.866  8.289 10.300 
 8.587  9.864  7.987  8.084  6.541  6.414  7.232  6.329  7.812  9.027 11.488 
11.740  9.649  8.337  7.708  6.233  5.882  7.786  7.675  8.713 10.020 10.275 
11.162 10.691  6.904  9.835  6.448  7.437  6.950  8.437 10.307  8.701  9.427 
 8.671  9.166  8.355  6.751  6.173  6.466  9.724  6.912  8.593  8.768  8.326 
10.487  9.805  7.098  7.781  9.063  6.367  8.323  8.083  8.421  8.687  9.596 
11.588 10.876  8.828  7.404  8.081  6.415  7.584  9.299  7.130  9.488 10.167 
12.083 10.915  8.715  6.858  7.092  7.223  8.471  7.553  7.579  8.377  8.921 
10.329 10.312  7.833  8.056  7.185  7.467  4.473  6.629  8.523  9.051 10.959 
10.457  7.416  7.811  8.337  7.619  7.458  9.088  7.098  8.472  7.734 12.597 
 9.978  8.787  8.697  6.591  6.054  7.807  7.156  9.804  9.005 10.172 11.168 
 9.288  8.716  6.993  6.818  5.329  6.649  7.951  6.174 10.199 10.196 10.982 
10.613  9.493  7.756  8.203  7.067  7.267  7.824  9.348  9.522  9.571 10.689 
10.692  8.104  7.935  6.476  6.702  7.825  7.850  8.085  9.463  9.116 11.702 
 9.742  6.959  9.089  6.606  5.228  5.397  6.515  8.307  6.677  9.129  9.046 
 7.909  8.361  8.051  7.002  6.055  8.051  8.102  9.212  7.254  8.091 10.027 
10.616  9.722  8.102  8.513  7.720  6.439  7.049  7.613  7.714  8.835  9.998 
 8.422  8.867  8.219  8.152  6.735  8.771  5.536  5.370  8.197  9.530 11.023 
12.053 10.435  8.676 10.025  7.332  6.381  8.724  6.672  8.921  8.010  8.097 
10.311  7.646  9.885  8.943  8.204  8.702  7.601  7.054  9.602  7.827 10.233 
 9.805  8.750  8.647  6.963  6.858  6.002  6.659  8.412  9.169  9.342  9.610 
 8.989  9.503  7.872  6.488  8.009  7.885  8.300  7.425  8.415  7.157 10.474 
 8.459 11.189  9.745  7.894  8.157  7.172  6.542  8.788  7.536  8.384  7.679 
10.844  8.555  8.531  6.696  5.576  6.911  5.131  9.089  8.583 10.176  9.340 
11.582  7.535  9.049  9.450  7.683  5.449  7.249  8.745  9.394 10.640  9.486 
 8.354  9.091  6.974  5.048  7.489  7.071  6.304  8.734  8.915  8.680  9.902 
 9.682 10.022  8.872  9.582  7.079  7.334  7.408  8.236  8.531  8.502  9.401 
10.561  9.303  9.171  7.206  8.675  5.390  5.774  6.488  7.714  9.711 10.417 
 9.359  9.862  8.801  6.748  9.139  8.034  7.780  6.748  7.165  8.709  8.724 
 8.652 10.677  7.185  7.588  7.730  7.804  5.245  6.899  7.796  8.989 11.060 
 9.478  8.500  7.632  6.917  6.946  6.827  6.633  7.269  7.909  8.097  9.048 
 8.971  9.484  7.956  7.247  7.308  8.386  6.899  8.298  7.908  9.237  9.589 
10.178  9.514  8.527  6.945  5.950  7.289  6.323  6.422  9.540  9.635 10.203 
 8.431  8.383  6.586  9.926  6.494  7.249  6.551  6.145  7.420 10.556 10.854 
11.504  8.776  7.988  7.350  7.045  7.462  6.848  7.914  7.017  9.020 12.509 
 8.162  8.046  8.503  6.816  7.300  7.696  6.949  8.348  8.713 10.993  8.566 
11.371  9.965  8.413  6.976  5.774  7.265  7.340  8.154  7.757  9.335  8.519 
11.222  9.706  6.318  7.440  8.574  5.952  6.512  7.111  7.920 10.899  9.551 
 8.750  9.183  6.762  7.499  9.149  8.630  6.255  7.158  6.752  8.457 10.241 
10.036 10.174  8.899  6.234  7.101  6.640  8.409  6.316  9.863  8.908  9.648 
 9.203  8.737  9.066  8.000  7.349  7.294  7.332  7.035  7.969 10.802 11.348 
10.362 10.274  8.612  7.616  5.991  7.799  6.690  8.628  8.424  8.992  9.169 
10.075  8.468  7.690  8.678  7.612  5.777  8.279  7.153  9.426  7.976 10.318 
 9.666  8.968  7.853  7.218  5.942  8.252  5.526  6.431  9.478  8.939 10.748 
 9.657  8.700  6.073  8.325  6.780  6.786  8.035  7.572  8.289  8.426 10.398 
 9.701  9.511  8.640  5.020  6.632  6.874  6.090  8.243  7.994  8.061  9.688 
 9.159  8.031  9.563  7.654  7.380  5.330  7.140  7.196  9.274  9.691  8.988 
 9.507 10.196  8.941  7.095  7.369  7.425  7.967  7.829  8.754  7.653 10.698 
 9.094  9.505  7.569  8.792  7.184  7.259  6.654  6.645  6.478  9.713  8.436 
11.131  8.576  7.426  8.361  7.109  7.964  9.048  6.774  8.889  9.215  9.795 
 8.381  9.988  8.545  7.971  6.657  7.964  5.135  8.860  9.281  9.669  9.462 
 9.922  9.599  8.727  7.646  6.551  6.877  6.753  7.824  8.906 11.692 10.836 
 9.941  9.539  6.664  7.707  6.324  7.866  7.066  7.933  8.625  8.730  9.604 
 9.526  8.077  8.096  7.511  5.838  6.250  8.210  8.285  8.494 10.871  8.303 
11.326  6.647  8.738  7.180  6.931  8.806  7.150  8.912  7.545  8.164 10.564 
10.294  8.974 10.174  8.870  6.727  7.196  7.023  7.891  8.531  9.912  9.341 
 9.390  8.805  8.444  7.161  6.264  6.627  5.549  5.653  8.408  8.997 10.758 
11.462  7.917  7.770  7.583  6.943  8.388  5.319  7.787  8.234  8.714  9.375 
10.659 10.639  7.222  7.480  7.170  7.070  6.224  7.422  8.107  9.035  8.605 
 8.859  8.702  9.351  8.292  6.934  7.050  6.986  6.404  7.482 11.026 10.441 
10.520  8.471  8.540  9.012  8.693  7.457  7.049  7.244  8.543  9.637  8.032 
10.249  9.808  8.834  8.177  6.980  7.180  5.015  7.103  7.025 10.023 10.990 
10.583  9.327  9.743  6.800  8.312  6.201  7.892  7.082  8.514  8.100 11.176 
11.214  8.107  7.810  7.864  7.497  5.429  6.154  8.242  7.482  9.929  9.165 
11.091  7.527  7.796  7.551  9.199  4.736  6.437  7.535  9.233  8.322 10.581 
 9.663  9.142  7.496  7.714  8.359  7.109  6.900  5.214  8.136  8.844  7.967 
 9.647  8.229  8.895  6.854  7.033  6.294  6.584  8.547  9.719 10.498  9.808 
10.145  9.033  7.224  7.760  7.634  6.243  6.118  8.954  7.441  8.354 10.153 
10.036  8.877  8.751  7.804  7.759  5.522  8.246  8.488  7.616  8.865 10.011 
10.532  7.572  5.385  7.474  6.222  6.512  8.914  7.143  8.451  9.883  9.282 
10.860  9.174  9.093  7.358  8.865  8.024  5.620  7.110  8.327 10.133 10.266 
11.512  9.271  7.833  7.446  6.362  8.403  6.691  6.964  9.541  9.117  8.091 
10.378  8.720  7.327  8.613  5.911  6.792  6.094  6.912  7.727  8.173 10.717 
10.317  7.862  8.225  8.466  6.322  7.316  9.100  8.704  8.399  7.380 10.619 
11.407  9.585 10.812  6.892  7.264  8.505  8.046  8.991  6.766  7.794 10.735 
 9.568  8.464  8.592  8.940  7.411  9.792  8.410  7.214  8.812 10.743 11.355 
 9.417  7.869  9.278  7.319  6.754  4.569  7.038  4.824  9.444  7.958 11.357 
10.898  9.434  7.350  6.292  6.294  6.642  7.019  5.802  7.551  9.638 10.741 
10.142  7.798 10.121  7.674  5.904  6.054  8.811  6.802  7.907  8.806  9.839 
 9.762  8.085 10.043  7.864  8.543  7.495  7.612  7.757  6.860  8.992 11.322 
 9.129  9.820  7.984  6.804  7.992  7.702  7.396  6.692  6.682 11.022  9.965 
11.028  9.407 10.130  8.279  6.350  7.142  7.473  6.690  9.183  9.743  9.682 
 9.192 10.023  8.954  7.536  7.945  9.308  6.134  7.171  8.298 10.433 10.091 
 8.767  8.702  7.266  7.074  9.207  6.661  8.161  6.484  8.129 10.268  9.960 
 8.928 10.909  8.510  8.294  7.893  6.721  6.663  7.333  7.620  8.080  9.687 
10.405  8.894  9.513  6.313  7.461  7.090  7.528  8.785  8.806  7.657 10.645 
11.122  8.607  9.033  6.810  7.210  7.452  8.556  7.213  7.624  9.214 12.240 
 8.589  8.676 10.220  7.195  7.140  5.392  7.441  7.883  7.460  9.071 10.139 
 9.702 10.273  8.626  8.779  8.113  7.621  6.551  7.120  8.216  9.005 10.392 
 9.218 10.396  9.743  9.757  8.938  7.263  6.536  8.418  8.613  8.427  9.477 
 9.557  8.221  7.916  8.907  8.571  6.207  8.952  8.172  7.318  7.873  9.108 
 9.844  9.418  8.183  7.703  6.061  8.654  6.568  5.572  8.338  8.248  9.540 
 9.880  7.822  9.356  9.616  7.185  7.638  7.386  6.884  9.772  9.652 10.202 
 9.569  8.465  7.731  9.726  7.077  8.471  5.028  5.483  9.131 10.527 10.458 
10.091 10.408  9.133  7.782  8.228  6.137  7.818  8.587  7.716  8.883  9.912 
 9.930  8.206  8.097  7.474  5.416  9.287  7.155  7.443  7.438  9.536  8.730 
10.848 10.610  8.330  7.853  6.940  9.208  8.512  8.740  7.777  8.234 10.334 
11.531  9.314  7.984  7.458  6.363  7.383  7.250  5.504  7.003 10.552 11.253 
 9.655 10.096  8.232  6.533  7.356  7.640  7.832  9.889  9.182 10.358 10.905 
11.299  9.430  8.871  6.968  6.083  7.945  7.679  6.800  9.052  9.160 10.084 
10.820  8.797  7.776  5.969  7.386  5.748  6.612  7.537  8.650  8.648 10.452 
 9.266  7.881  9.568  7.615  6.064  7.220  7.638  6.736  9.597  9.791 11.791 
10.132  8.084  8.105  9.293  9.030  6.497  6.130  8.685 10.093  9.629  9.206 
11.376  8.434  8.430  7.418  7.874  6.132  5.651  5.940  8.816  7.573  8.733 
 9.365  8.072  8.716  5.272  7.465  6.967  6.283  7.554  8.825  9.538 10.002 
 8.877  9.826  8.837  7.769  6.777  6.804  6.474  7.682  9.290  8.396 10.297 
11.535  8.624  6.696  6.299  7.999  6.474  8.350  7.374  9.347  9.838 10.380 
11.018  8.958  9.466  7.775  7.436  7.343  6.579  8.349  9.000 10.759 10.359 
 9.602  8.061  8.575  7.776  7.191  7.228  7.182  8.082  8.886  7.097  8.650 
12.171  9.161  7.663  6.571  6.266  6.102  6.780  8.698  9.441  8.226  9.945 
 9.096  8.732  8.766  7.006  8.683  6.974  8.198  6.845  8.638  9.126  8.727 
 9.326  7.750  5.698  5.696  9.179  9.323  7.733  7.905  9.171  8.193  9.828 
 9.925  8.770  7.525  7.157  6.591  7.889  9.288  7.103  6.735  9.727  8.750 
 8.779 11.229  7.536  8.797  7.659  6.704  9.411  7.598  9.692  8.398 10.448 
10.585  8.855  7.796  8.681  8.609  8.329  6.454  7.463  7.710 11.221  9.972 
 9.031  7.468  8.130  5.424  6.485  7.928  5.563  8.996  7.509  8.741  8.884 
10.481 11.418 10.156  7.943  6.716  8.966  5.893  5.504  7.922  9.618  9.327 
10.984  8.967  7.571  9.027  6.274  6.940  5.922  9.118  7.875  8.823  9.261 
 9.959  7.556  9.200  7.570  9.159  6.367  6.697  7.830  7.948  9.933  8.602 
 9.748  9.891  9.300  8.645  7.071  7.937  5.619  8.760  7.136  7.347 11.966 
10.777 10.592  8.165  7.505  5.551  4.731  7.361  9.424  8.443  8.587  9.286 
10.306  9.085  7.307  7.747  5.031  7.366  5.744  7.769  9.415  9.497 10.091 
 8.388  9.018  9.046  4.929  8.972  6.836  6.530  7.551  7.669  8.531 11.990 
10.000  8.070  7.115  6.793  6.840  7.974  9.276  8.074  7.427  7.819 10.920 
 9.690 10.387  8.715  8.254  8.179  9.209  8.487  7.980  8.008  7.432 10.351 
10.847  8.434 10.227  7.025  8.335  8.269  5.987 10.118 10.238  6.354  7.117 
 9.454  8.665 10.286  9.407  5.875  6.296  7.685  8.065  8.810 10.579 11.085 
 8.954  8.518  7.058  7.286  6.969  5.861  7.083  8.701  7.309 10.183  8.609 
11.578  8.748  7.916  7.644  5.959  8.052  8.109  7.021 10.035  9.553 10.952 
11.746  9.311  8.573  5.988  7.935  7.583 10.406  9.030  6.501  9.603 10.579 
10.059 10.113  8.173  8.212  8.720  7.288  6.218  7.067  8.327  8.517 12.369 
11.790  8.548  6.505  5.789  7.465  8.240  6.108  6.753  6.887  8.521  9.468 
10.831  9.343  6.679  9.975  9.300  7.851  7.543  6.987  8.746  8.372 10.456 
 9.370  8.150  6.699  8.017  5.958  6.407  5.918  7.632  7.660  8.922  9.054 
 9.573  9.978  7.567  7.896  8.971  7.718  8.105  5.784 10.597  9.614  9.319 
10.383  8.730  8.435  8.212  5.371  6.715  7.373  8.244  9.237  9.418  9.292 
 8.704 10.388  7.849  6.057  5.538  5.573  6.291  7.496  7.344  7.799 10.174 
12.408 10.709  7.945  7.468  9.499  6.711  7.230  7.030  6.667 10.044 10.398 
11.455  9.275  9.180  8.936  8.440  7.880  7.035  8.923  9.360  9.019  9.710 
 9.837  9.395  9.380  7.399  6.525  6.682  6.736  9.924  7.923  8.846  9.979 
 9.569  8.356  7.859  8.302  7.249  7.072  6.764  8.007  9.723  7.639  8.150 
10.125  8.810  7.499  7.567  6.582  8.365  8.325  7.149  8.376  8.536  8.915 
10.980  9.372  8.129  7.470  5.477  8.109  6.723  6.347  9.370 10.280  9.111 
12.391  8.223  7.985  5.939  7.651  6.256  7.915  8.189  6.210 10.118  9.912 
 8.680  9.402  7.359  8.857  8.891  6.107  7.027  7.278  7.726  9.432 11.144 
11.784  8.496  8.167  6.717  7.345  7.165  7.488  6.137  8.035  8.315 11.425 
 9.305  9.048  6.005  7.768  8.037  7.504  8.349  7.239  9.021  8.928 10.103 
10.639  8.827  7.187  7.977  5.852  5.745  7.834  6.428  9.706  9.912  9.422 
11.341  9.481  8.718  8.182  6.847  6.595  7.013  6.289  7.677  9.586  9.268 
10.045  8.580  7.379  7.635  5.966  5.432  7.043  9.457  9.017  9.738 10.635 
10.967 10.920  9.042  7.504  7.181  5.362  6.954  8.266  8.273 10.394  9.126 
10.274 11.588  9.292  7.898  6.159  4.770  6.103  8.072  8.225  9.358 10.330 
 9.288 10.352  8.531  8.518  6.072  7.409  8.734  8.304  7.907  9.383 12.232 
 9.555  8.064  8.371  7.332  7.779  5.905  7.878  7.638  7.994  8.564  9.484 
11.604  7.477 10.188  8.360  7.028  9.746  6.518  7.856  9.043  9.145  9.717 
 9.579  8.068  9.024  8.366  8.656  7.446  6.082  6.554  8.069  8.042 10.741 
11.651  8.477  8.179  6.727  7.050  7.010  8.555  6.649  9.462  9.314  7.544 
10.321  7.580  6.658  7.356  7.212  6.793  6.103 10.550  8.407  7.930  8.919 
 9.107  9.312  8.086  5.474  8.161  9.273  7.416  7.646  6.993  8.149 10.998 
 8.909  8.113  7.711  8.791  6.939  8.585  4.862  8.023  7.465  9.983 11.755 
 8.483  7.694  8.846  8.199  6.514  6.704  7.353  8.965  8.244  8.674 10.258 
 9.480  9.708  8.259  8.098  7.199  8.274  6.978  8.524  5.602  8.846  9.907 
10.713  9.566  8.340  7.429  7.530  6.641  9.107  9.794  7.563  7.604 11.829 
 7.844  7.470  8.321  7.225  6.219  6.874  7.237  5.773  9.202  9.685 10.048 
 9.882  9.271  8.558  7.871  8.534  7.021  6.744  5.002  8.549 10.188 12.596 
11.349  8.666  9.943  8.497  8.081  6.330  6.987  8.945  7.422  8.627 10.249 
10.200 10.641  9.001  6.630  7.850  8.869  7.561  6.523  9.760  9.267 10.684 
10.948  7.348  8.833  9.063  6.021  7.767  6.165  9.277  8.314  9.868 11.037 
 9.130 10.705  8.442  6.604  7.026  5.995  7.838  8.962  9.515 10.564 11.658 
 9.596  9.092  6.942  6.032  6.527  6.408  6.299  7.219  8.220 10.481 11.271 
10.985  9.388  8.469  8.496  6.342  5.863  7.195  7.496  8.091  9.448  9.693 
 8.107  9.161  6.202  7.600  6.226  8.246  6.181  7.277  6.767  8.204  9.862 
 9.525  8.653  8.481  7.075  6.744  8.146  8.505  7.311  6.625 10.121 11.071 
10.175  6.755  7.101  6.583  7.041  8.035  7.711  8.165  8.310  8.307  9.320 
 9.337  8.028  7.111  9.323  6.442  7.346  9.379  7.155  7.385  9.439  9.858 
11.429  8.369  7.811  6.056  8.628  4.976  8.573  5.379  9.702  7.599  9.264 
10.019 10.102  9.159  5.774  8.097  6.742  5.626  5.915 10.048  8.571  9.228 
 9.649  7.636  6.664  7.722  6.765  5.267  7.485  8.425  8.528  8.987  8.533 
 9.472  9.242  7.830  6.357  7.610  7.702  6.734  6.086  9.810  8.917  9.085 
 9.680  7.846  9.219  6.268  5.668  7.939  7.662  7.250  9.542  9.093 10.188 
12.089 10.133  9.307  7.064  7.584  8.135  8.154  9.769  8.428  9.441 10.326 
10.533  8.025  8.163  6.834  8.536  8.918  7.237  8.259  7.511  9.472 10.013 
12.451 10.549  7.973  5.979  6.663  6.692  8.956  6.171  8.613 10.024  8.196 
10.896  9.041  6.866  8.842  7.740  5.015  7.465  7.881  9.530  9.647 10.603 
10.717 10.359  7.004  8.701  6.004  6.947  8.740  7.149  9.470 11.189  9.743 
10.744  7.743  8.122  7.515  8.923  6.323  6.833  7.149  8.745  9.295 10.580 
11.466  8.604  7.036  7.886  7.348  7.291  7.214  7.618  9.278  8.011 10.709 
12.484  9.929  7.070  7.088  8.478  9.294  6.267  6.777  9.202  8.660 10.802 
 9.914  8.113  9.111  8.202  7.581  5.723  7.376  7.304  6.818  8.657 10.357 
 9.509  7.837  7.932  7.158  9.697  9.775  8.651  7.028  7.887  6.802  9.675 
 7.868  9.895  9.339  7.657  7.653  6.782  8.795  7.035  8.595  8.241 10.298 
11.140  8.929  7.617  8.052  6.780  6.032  6.942  8.796  9.475  9.696 11.308 
11.040  6.889  8.417  6.242  6.801  7.292  7.832  5.965  8.351  8.555 10.270 
 9.815 10.369  9.651  6.511  7.569  9.153  6.008  8.608  7.617  8.838 11.365 
 8.808  9.634 10.280  6.712  7.992  8.451  6.436  7.135  8.530 10.676 11.728 
 9.292  8.108  7.831  8.832  8.194  7.451  7.510  6.853  7.657  8.656  8.360 
10.342  9.538  7.987  7.565  4.368  7.115  8.534  7.651  7.597  8.178  9.756 
11.679  7.987  8.037  7.239  7.568  7.112  6.034  7.542  8.565  8.386 10.038 
11.665 10.688  7.763  8.104  7.008  5.037  9.196  8.904  8.457  7.199  9.447 
11.604  8.528  7.173  8.425  7.150  6.150  6.262  8.508  7.990  9.124 10.203 
 8.117 10.109  7.261  7.498  6.847  6.708  6.352  6.255  8.630  6.912  9.542 
 9.177  8.373  6.688 10.160  7.753  6.129  6.512  7.224  8.678  7.150  9.279 
11.208  8.054  8.355  7.949  9.016  6.982  8.640  6.941  8.082  7.687 10.102 
 9.396  8.072  7.077  9.286  7.171  8.215  5.862  7.707  8.439  8.407 10.959 
10.231  9.342  7.758  8.471  8.756  6.857  6.583  8.634  7.671  9.668  9.474 
11.149  9.446  7.159  8.188  6.370  5.509  5.902  8.820  9.231  8.655  9.595 
10.257  7.712  8.471  5.886  7.440  5.802  7.297  8.793  7.305  8.558 10.134 
10.287  8.151  7.725  7.626  7.171  6.723  6.880  9.186  7.913 10.034  9.420 
10.073  8.937  8.467  9.876  7.617  4.971  6.220  6.686  8.230  8.837  8.976 
 9.945  9.014  8.389  6.410  6.017  5.985  7.274  8.493  8.476 10.525  9.636 
10.663  9.682  7.246  7.699  7.739  7.840  8.841  7.914  9.172  9.888 10.861 
10.877 10.506  8.860  7.611  5.113  7.318  4.958  8.893  8.015  9.835  9.658 
 9.699  8.251  9.725  7.156  8.528  6.006  6.692  7.491  8.471  8.878  8.830 
10.208  9.718  7.329  7.540  5.341  5.724  7.081  9.523  9.593  8.739 11.162 
 9.045  9.509  7.566  8.741  5.667  7.933  5.982  6.568  8.428 10.875  9.897 
 9.246  8.364  6.908  7.263  7.107  7.620  8.466  9.025  8.632  8.877 10.567 
10.587  8.211  9.653  7.009  5.633  7.635  8.458  5.930  7.780  8.635 10.367 
10.144  9.093  8.065  7.392  8.283  5.205  7.643  7.302  7.465  9.725 10.239 
 9.303  9.554  8.101  8.515  7.267  6.801  7.026  7.559  7.901  7.524 11.415 
 9.865  8.078  7.571  7.133  8.174  7.847  7.221  7.700  9.746  9.573 10.397 
10.195  7.901  7.639  9.754  6.783  6.348  8.724  7.698  7.477  9.572  8.603 
10.048  7.933  8.647  8.938  8.210  7.421  6.922  5.818  8.782  8.417 10.620 
11.722  8.234  6.897  9.154  7.299 10.157  8.621  9.441  9.203 10.323  8.485 
10.700  8.683  8.509  8.789  8.689  6.633  7.723  8.383  8.892  8.314  9.256 
10.646  7.974  8.290  6.810  7.810  6.069  7.027  7.165  7.455  7.797 12.433 
 9.527  9.292  8.855  8.278  6.211  5.622  5.594  6.377  8.686  9.007  9.026 
11.212  9.161  8.431  8.709  5.219  7.909  6.325  6.923  7.121 10.958 10.044 
11.091  8.485  8.813  7.218  6.628 10.799  7.981  5.696  7.052  8.215 10.007 
10.036  9.529  8.792  6.247  6.866  7.820  7.021  7.848  8.168  8.424  9.471 
10.368  7.358  8.654  8.287  7.816  7.907  8.107  7.867  7.767  8.716  9.456 
 9.943  8.740  9.611  7.250  6.664  7.774  6.307  7.657  7.232  8.400  9.299 
10.702  9.383  8.628  6.822  6.667  6.748  7.006  7.302  7.903  9.366 10.683 
 8.984  8.741  7.281  6.395  6.896  7.670  7.077  8.856  7.694  8.616  8.700 
11.666  7.708  6.755  8.295  6.983  5.599  8.266  7.768  8.148  8.315 11.595 
 9.378  9.399  8.795  8.866  6.151  6.628  7.860  7.860  7.633  8.556  9.128 
10.102  8.830  7.541  7.331  5.257  7.753  7.127  7.350  7.069  9.313 12.043 
 9.266  9.225  6.810  7.809  7.188  6.597  6.721  7.249  9.076  8.613 10.033 
11.613  9.516  8.572  7.768  7.302  7.291  7.230  7.379  7.535 10.072 11.470 
10.528  9.795  7.599  7.559  7.096  7.000  9.154  7.467  8.951  9.975 10.250 
11.881  9.834  7.890  6.715  7.883  7.217  6.576  6.635  5.881  8.519 11.366 
10.478  8.385  9.546  8.687  8.508  7.255  5.566  7.968  8.794  9.579 10.922 
 8.286  7.114  9.178  7.648  9.230  7.171  5.101  7.551  9.463  9.337  9.364 
10.751  8.532  7.808  7.500  6.784  6.224  8.245  8.470  7.663 10.146  7.796 
11.051  9.303  5.522  8.833  7.295  6.383  7.071  8.556  8.081 11.209 10.611 
11.718  7.909  7.165  6.952  6.962  7.509  7.833  7.161  8.262  9.467  9.771 
11.356 10.619  8.475  6.899  6.684  7.747  5.927  8.295  7.744  9.430 10.456 
10.552 10.557  7.590  7.177  8.198  7.575  7.609  7.592  8.331  9.736 10.227 
10.392  9.518  6.918  5.578  8.733  3.817  8.768  7.023  7.291  8.856  8.476 
 8.380  6.859  9.567  7.424  3.334  7.009  7.218  9.885  7.848  7.868  9.266 
 9.664  8.668  8.820  9.893  8.044  7.355  9.312  8.234  8.635 10.803 10.414 
10.382  8.913  9.687  6.359  8.314  6.959  9.187  7.936  9.102  9.767 10.656 
11.047  8.912  8.462  8.279  8.835  7.771  7.598  7.657  8.889  8.438 11.118 
10.389  8.628  7.734  7.046  7.248  5.900  7.524  8.362  8.155  9.092  9.577 
 9.873  9.633  8.960  7.677  5.076  6.295  7.479  8.292  9.397  9.029 10.352 
10.804  9.161  8.297  7.161  7.494  6.667  8.121  7.689  9.083  9.077  9.636 
 9.921  7.966  8.619  7.248  7.865  6.844  8.951  7.991  7.198  7.302 10.361 
10.045 10.419  7.517  7.054  7.563  6.602  6.567  8.765  7.935  9.597  9.821 
10.534  8.259  7.513  7.826  7.055  8.269  9.216  8.199  8.985  7.416 10.227 
10.347  9.200  8.768  6.838  6.866  5.175  6.874  7.387  9.345  8.420  9.875 
10.898  9.528  8.272  9.543  7.717  5.649  7.193  5.619  9.040  8.993  7.297 
10.449  9.346  9.315  7.006  7.098  4.892  6.371  8.483  9.222  9.697  9.998 
10.900  7.638  9.766  7.536  6.269  7.328  6.585  7.790  8.896 10.564  8.884 
 8.652  8.153  7.878  7.745  7.395  6.907  7.109  8.146  7.086  8.125  9.917 
10.120  8.836  9.337  6.659  6.804  8.210  3.620  7.049  8.088 10.856 10.537 
10.070  9.488  7.772  7.429  6.545  5.791  6.693  6.726  8.756 10.180  9.789 
 7.621  8.731  7.063  6.451  6.685  8.450  6.570 10.037  7.590  8.235  9.615 
10.698  8.765  8.921  8.356  6.552  8.167  7.375  7.206  7.251  8.501  9.798 
11.658  9.743 10.384  7.907  8.788  5.954  7.916  7.759  7.657 10.138 10.384 
 9.597  9.673  6.614  9.028  7.058  7.400  8.123  8.606  7.018  7.407 10.305 
10.381  7.942  9.388  7.091  5.785  6.855  6.934  7.799  8.380  9.585 10.208 
10.686  9.340  9.798  6.304  7.489  6.550  7.493  7.523  7.800  9.256  9.015 
11.135  6.816  7.790  8.127  6.649  7.260  7.827  6.890  7.293  9.179 11.306 
10.102  9.694  5.649  8.429  7.166  8.599  6.408  5.108  8.021  8.908 11.332 
10.529  8.534  8.092  7.733  8.224  6.211  6.901  8.591  7.581 10.355 10.658 
10.394  9.131  8.535  7.536  7.484  7.693  6.753  9.215  7.598  8.262  9.633 
10.100  9.451  7.016  8.201  8.167  7.424  7.487  7.743  7.790  7.755  9.880 
10.911  9.860  7.456  6.912  6.472  8.419  8.338  8.456  9.021  8.285 10.631 
 9.871 10.316  8.473  7.572  7.419  8.126  6.446  8.156  7.821  7.524  9.425 
10.587  6.975  8.033  8.167  7.825  7.617  6.747  6.130  8.372 10.109  9.383 
 9.008  7.889  7.845  6.262  7.576  6.621  6.061  6.021  8.418  8.100 10.076 
11.141  9.048  6.551  6.089  7.206  7.893  8.531  7.691  7.634  8.043  8.096 
 9.411 10.683  8.870  4.788  6.978  6.786  6.615  7.911  8.572 10.292  9.288 
10.010  9.159  7.236  8.135  8.078  7.335  8.059  7.617  8.651  8.561  9.819 
 9.985  8.575  7.279  7.547  7.207  4.739  6.674  7.550  6.941  9.152 10.436 
 9.186  9.589  7.309  7.619  5.958  5.921  6.129  7.882  7.315  8.362 11.285 
 8.963  8.119  7.178  7.963  8.591  7.426  6.957  6.586  8.339 11.657 10.529 
11.107  8.920  9.711  7.236  7.674  7.001  8.140  7.359  9.537  8.612 10.935 
11.079  9.404  8.134  8.809  7.541  7.035  7.359  7.388  7.994  9.613  9.425 
 6.922  7.362  8.279  8.426  7.136  6.452  7.389  7.756  8.020  7.874  9.550 
 8.947  7.894 10.599  7.234  6.314  5.888  6.263  8.894  8.398  9.597  9.547 
10.316  9.466  8.043  8.669  9.210  8.556  7.409  6.092  7.531  8.553  9.120 
11.730  8.708  8.782  6.088  4.413  6.020  7.562  6.466  9.050  9.090 11.906 
 8.221  9.047  8.046  7.348  7.483  9.410  7.450  6.722  6.888  9.538  9.338 
 9.385  9.581  8.992  6.264  6.239  7.210  7.425  8.072  8.933  8.776 10.016 
 9.671  7.937  8.761  7.668  6.553  7.344  6.718  8.962  9.842  8.072 10.250 
 8.008  9.586  8.220  8.309  6.824  8.006  9.425  6.048  9.486 10.217 10.154 
10.886  9.384  6.697  7.266  7.537  5.385  8.551  8.286  8.535  9.322 11.778 
 9.555 10.147  9.372  7.026  8.279  6.314  8.029  5.641  6.318  9.321 10.239 
 9.892  7.986  8.990  8.208  6.634  7.390  6.582 10.801  5.721  9.358  9.738 
10.513  9.914  7.717  6.537  5.989  8.208  5.273  6.892  9.352  8.748 10.822 
 8.892  7.966  7.691  9.191  8.910  6.302  7.275  7.280  7.794  8.161 10.468 
11.878  8.955  8.572  7.417  8.179  5.996  8.261  7.407  8.668  7.444  9.508 
11.293  8.836  9.038  7.653  6.688  7.263  7.902  6.863  8.882  8.701  7.656 
10.516  8.263  8.322  5.870  7.006  6.117  7.953  7.501  7.809  8.814  9.868 
10.010  8.945  8.039  6.934  8.461  5.568  7.494  7.678  8.911  8.840  9.997 
 8.166  9.957  7.878  6.822  8.507  4.602  6.584  8.750  9.904  8.808  9.804 
 9.774  7.540  7.827  9.116  7.231  7.670  8.932  6.297  7.702  9.847 10.463 
10.228  8.929  8.630  7.148  6.647  6.713  7.817  8.199  8.925  8.439  7.364 
 7.207  7.968  7.211  8.947  7.254  6.805  8.261  6.912  8.875 10.041 11.512 
10.897  8.537  6.720  6.795  7.899  7.238  8.102  8.888  6.654  9.441 10.347 
10.730  8.308  9.139  6.006  7.262  5.818  7.079  7.025  8.877  8.068 11.500 
 9.276  9.722  8.809  6.712  7.598  8.166  7.479  7.931  6.675  9.007  9.786 
 9.149  7.961 10.526  6.996  7.583  5.762  6.618  7.635  6.387  8.467  9.677 
10.304  9.322  7.798  9.010  7.694  4.529  7.519  6.063  7.640  8.579 10.175 
10.678  9.450  8.005  5.697  8.053  7.538  7.115  7.087  7.958  8.392 10.929 
 9.444  7.627  7.186  7.720  7.709  7.538  5.430  6.982  7.442  9.139 10.270 
10.895  7.400  9.146  7.065  5.175  6.732  6.395  7.165  8.656 11.053 10.379 
 9.758  8.870  8.880  8.296  8.198  7.705  6.665  8.309  8.856  7.787  8.930 
10.139 10.498  8.579  6.795  6.848  6.806  7.949  8.662  7.468  8.748  9.819 
 9.044 10.078  6.657  7.725  6.492  6.147  7.354  9.123  9.458  8.334  9.644 
 9.003  9.165  8.480  7.836  7.285  7.225  7.305  8.782  7.326  8.362 10.636 
 9.436  7.856  7.804  8.222  6.967  7.558  7.202  8.599  7.884  7.970 10.144 
10.319  9.855  7.195  9.145  6.860  6.841  6.514  6.013  8.575 10.199 10.798 
 9.797  9.856  9.044  8.383  6.813  6.323  5.454  9.058  9.903  9.461 10.872 
 9.694  8.905  7.545  8.534  7.592  7.465  7.373  8.456  9.553  9.608  9.856 
 8.761  8.613  8.585  7.887  7.601  7.296  6.774  8.473  7.181  9.049  9.862 
10.847  9.635  7.807  9.013  6.950  6.588  6.774  7.936  9.938  8.087 10.083 
10.090  9.981  8.374  7.404  7.293  8.019  6.398  6.286  8.181 10.046  8.421 
11.702  9.651  7.276  7.116  6.766  7.183  7.782  8.700  6.752 10.235 10.839 
12.007  9.153  8.584  7.093  8.855  6.138  5.122  6.982  8.896  7.955  9.235 
 9.296  7.837  7.513  7.598  7.496  6.831  7.282  7.286  8.117  9.929  9.722 
 8.620  7.942  7.498  9.137  8.279  7.694  8.119  9.170  8.215  7.680 11.029 
11.368  8.835  9.289  6.690  6.600  6.263  7.450  6.752  9.626  8.476  9.325 
 9.998  9.838  6.663  8.921  7.172  6.436  6.876  5.672  8.666  8.474 12.038 
 9.532 10.102  7.256  8.250  8.684  8.091  7.487  7.781  7.832  9.349  9.698 
11.107  8.060  7.140  6.747  7.580  8.428  6.433  8.094  8.813  8.088 11.098 
10.477 10.256  8.467  7.960  7.935  7.164  5.360  8.460  7.120 11.010  8.615 
 9.111  9.839  7.550  6.014  7.736  6.819  6.951  8.982  8.709  9.426  9.294 
10.056 10.346  7.646  7.409  8.891  8.235  7.640  8.073  9.293  8.692 10.277 
 8.304  9.862  8.634  9.008  6.700  6.617  6.359  7.510  9.214  6.956 10.843 
10.988  7.683  8.351  7.339  6.894  7.515  7.736  7.763  8.459  7.729 10.323 
10.476  8.817  7.611  7.904  7.229  5.638  7.821  6.737  8.628  8.343  9.834 
 8.931 10.386  7.617  7.098  6.020  6.281  6.367  7.138  8.926  9.479  9.390 
10.340 10.331  9.783  8.203  7.646  8.142  7.133  6.351  7.051  8.033  9.704 
10.228  9.487  8.794  7.416  9.071  7.662  8.308  9.090  9.417  9.806 10.397 
 9.963 10.700  5.980  7.973  6.273  6.104  7.312  9.094  7.677  9.285 11.085 
 9.031 10.657  7.269  6.495  9.841  7.254  6.369  8.336  8.639  8.551  9.632 
10.364  9.036  6.477  6.636  5.445  7.475  8.064  6.561  8.220  9.892  9.116 
 8.851  9.965  7.551  8.796  6.266  8.539  6.758  6.171  7.794 10.048  9.317 
10.983 11.509  8.698  6.678  6.403  7.307  5.914  8.186  8.037  8.458  9.905 
10.879  8.276  6.694  8.375  6.192  8.287  6.601  5.713  7.865  8.005  8.826 
 9.693  8.638  8.683  8.308  7.109  5.985  7.080  6.062  7.130  9.298  8.880 
10.238 10.342  7.692  7.301  8.356  5.833  7.853  8.660  7.646  8.162 11.333 
10.376  8.662  9.494  7.583  7.295  7.280  4.804  8.612  7.791  7.773 11.168 
 9.574 10.021  7.772  7.874  5.860  7.278  5.989  7.633  8.131  8.195 11.738 
 8.845  8.682  6.651  8.453  6.906  5.622  7.677  8.873 10.301  9.338  8.812 
 8.492  6.254  7.515  7.829  7.272  7.377  6.495  6.792  8.783  7.595  9.623 
 7.937  9.397  7.793  7.264  6.468  6.415  8.245  7.261  6.795  7.814 10.898 
11.129  9.501  7.353  7.996  7.122  7.319  6.914  8.102  7.406  9.295 11.908 
11.079  8.492  7.213  7.938  7.844  6.783  8.457  6.832  9.120  9.568 10.306 
10.900  7.598  8.676  7.915  7.517  7.805  6.257  6.818  9.696  9.153  9.957 
10.475  9.684  9.089  7.357  5.281  6.748  6.753  5.047  8.288  9.308  9.027 
 9.350  8.515  8.498  8.003  7.945  6.579  6.917  9.861  7.543 10.081  8.744 
10.696  8.885  7.972  8.882  6.215  6.996  7.702  8.021  9.138  9.109  7.368 
10.295 10.374  6.026  8.094  5.096  7.586  5.903  6.592  7.883  9.214  9.022 
10.788  9.995  8.102  7.620  9.584  7.479  7.026  8.596  6.310  8.046 10.368 
10.728 10.627  8.536  8.819  6.671  6.807  5.441  7.590  8.121  7.566 10.208 
10.136 10.688  7.331  8.299  7.323  9.027  8.433  6.999  6.735  8.095  8.710 
10.889 11.306  8.662  8.952  6.282  6.679  7.510  8.056  8.594  8.932  9.790 
 8.725  8.607  7.777  7.699  6.581  6.438  8.402  6.981  7.205  8.826  9.214 
 8.828  8.382  8.781  8.341  8.534  6.432  6.774  8.185  9.058  9.444  9.709 
 8.893  8.029  8.897  8.884  6.010  7.651  7.436  8.553  7.352  7.163 10.212 
10.156 10.927  8.116  8.465  6.782  7.126  7.724  9.807  8.193  8.916 11.164 
11.007  8.192  9.999  6.992  6.874  6.660  6.059  8.287  9.257  8.389  9.513 
10.143  6.189  7.640  6.581  7.600  6.226  5.723  6.251  7.114  9.144 10.281 
10.162 10.376  7.538  7.837  7.441  8.349  7.929  7.807  8.899  8.252 10.935 
10.192 10.096  7.299  4.989  7.508  7.098  6.082  7.553  9.340 10.292 10.184 
10.474 10.415  7.981  6.204  4.786  6.373  6.035  8.271  8.378  8.616  9.395 
 9.646  9.631  6.817  6.646  7.178  7.079  7.560  6.315  7.980 10.817 10.748 
12.371  9.164  7.847  7.967  8.566  8.354  7.269  8.772  7.970  8.673 10.698 
11.653  8.635  7.945  7.706  9.587  8.466  7.201  7.677  9.349  7.932 12.129 
 9.104  9.682  8.541  7.224  6.593  5.504  6.443  6.411  9.367  7.971  8.025 
10.485  7.658 10.034  7.714  7.041  8.022  7.223  9.268  6.763 10.257  8.581 
10.434  8.538  8.276  8.204  6.680  3.547  7.912  7.400  8.772  9.038 11.331 
 8.891 11.618  6.378  5.967  5.775  6.128  7.350  7.263 11.186  9.607  8.735 
10.122  9.464  8.134  9.113  7.236  8.432  4.704  9.092  9.182  8.626 12.657 
 9.668  9.259  9.255  7.909  7.681  5.658  7.628  6.699  9.337  8.656 10.491 
11.128  8.087  9.958  8.937  5.994  6.308  7.553  7.267  8.840  7.663  9.667 
 9.197  8.333  8.645  8.799  7.209  9.605  7.479  8.135  8.810 10.344  9.949 
 8.898  9.681  7.530  6.443  7.674  6.934  7.867  8.537  7.460  9.222  8.955 
11.151  9.769  8.864  8.319  8.754  5.662  7.956  8.027  9.070  9.667 10.038 
 8.104  7.798  8.091  8.417  8.763  6.873  9.281  6.188  9.263  8.657 10.449 
10.105  8.621  8.389  6.445  5.399  7.177  5.367  9.598  8.174  7.885 10.323 
 9.526  8.391  8.910  7.466  7.236  7.044  6.009  8.544  7.606  8.841  9.767 
 9.247  8.328  8.602  6.617  7.163  8.433  8.351  7.127  7.881  8.862  9.110 
 9.490  8.795  7.014  7.698  8.134  8.325  5.983  7.483  9.434 10.305 12.531 
 8.890 10.319  9.661  8.195  6.405  5.772  6.109  7.285  7.035  8.743 10.815 
11.185  6.958  7.992  7.399  5.727  8.005  6.926  7.444  7.517 10.060  8.709 
 6.959  7.920  7.092  8.877  5.787  4.595  8.249  7.102  9.117  9.407  9.890 
10.834  9.767  7.543  7.724  6.970  7.779  6.499  7.852  9.248  9.470  8.891 
10.146 10.018  7.072  8.816  8.697  8.982  6.777  7.640  8.339  8.113  7.618 
10.727  8.102  6.138  6.606  6.511  7.018  7.751  5.135  9.348  8.301  9.495 
10.692 10.253  9.255  8.117  6.796  7.169  5.925  7.749  9.125  7.314 11.648 
10.071  8.862  9.912  7.227  7.052  7.567  8.067  7.365  6.789  8.638  9.998 
 8.931  9.496  8.842  8.929  5.647  7.339  6.006  7.030  9.216  9.218 10.818 
10.135  9.188 10.119  6.127  7.289  6.664  9.541  6.772  8.922  9.122 10.227 
 9.235  9.345  9.684  8.717  7.581  7.450  8.208  7.546  8.028 10.122  9.635 
 9.869  7.858  6.536  6.910  7.847  9.614  7.393  6.481 10.895  8.485 11.960 
 8.931  9.134  7.956  7.272  8.080  8.977  7.227  9.279  6.785  8.172  8.482 
10.593 11.052  7.941  8.387  8.040  6.926  6.521  9.400  8.985  8.819 10.159 
10.959  9.367  9.551  6.204  7.199  8.495  7.823  8.095  9.471  9.010  9.274 
 9.814  9.690  6.831  8.928  5.861  7.135  8.115  7.899  7.708 10.753  9.338 
 9.699  9.224  8.325  7.962  7.358  6.790  5.670  7.159  7.988  9.077  9.875 
10.340  8.416  9.178  7.582  7.034  6.173  6.894  7.651  7.823  8.139 10.816 
11.186  8.907  8.256  7.281  8.492  7.283  9.063  7.048 10.129  8.986  9.194 
 9.647  8.078  9.086  6.460  6.245  7.425  6.642  9.432  7.901  9.541  8.807 
 8.496  8.287  9.992  9.094  8.909  7.548  5.409  6.835  6.516 10.241 10.289 
 9.630 10.160  7.778  8.240  6.933  6.097  6.771  5.015  7.826  7.708  8.852 
 9.768  9.805  9.284  8.248  7.820  6.052  5.045  6.794  6.175 10.448  9.279 
 8.456  8.583  7.021  7.441  6.493  5.876  7.376  6.052  8.845  9.354  9.534 
 9.747  8.548  8.817  8.012  5.479  7.540  7.357  8.385  8.886  6.265 10.415 
 8.282 10.452  7.734  7.226  7.156  8.128  7.670  7.666  6.768  7.706  9.016 
 9.522  9.928  9.265  7.280  8.568  6.211  8.078  7.591  7.408  9.706  9.053 
 9.474 10.741  9.164  7.256  7.873  5.546  7.237  6.179  9.566  7.826  9.278 
 9.426  9.495  6.964  7.505  6.746  6.640  8.287  9.197  6.115  9.054 10.790 
 9.216  9.573  7.352  5.679  8.949  7.626  8.502  8.179  8.966  9.708 11.819 
 9.811  9.681  8.619  7.181  7.708  6.917  5.803  8.770  9.365  9.144 10.170 
10.689 10.543  8.610  7.414  7.816  6.723  6.758  8.904  7.536 10.767  7.711 
 9.728  8.931  8.426  8.261  6.967  7.960  8.214  7.591  7.835 10.700  9.094 
 8.943  7.928  7.459  6.223  6.575  6.092  7.857  6.847  8.113 10.985  7.262 
10.707  9.453  7.128  9.061  6.828  6.692  5.403  6.982  9.068  8.052 10.013 
 9.798  7.857  8.010  7.106  6.503  7.912  8.559  5.005  8.822  9.915 10.721 
 9.383  9.237  8.608  8.651  8.941  5.909  7.648  7.155  7.783  9.955  9.333 
11.908  9.617  8.987  8.591  7.503  5.854  7.428  7.016  8.583 10.003 10.257 
11.097  9.471  9.605  8.178  8.896  7.326  8.855  7.677  8.539  8.469  9.905 
11.620  9.270  9.082  7.460  6.707  7.793  7.030  6.154  8.784  7.881 10.645 
 9.207  7.882  6.869  6.661  8.147  7.082  7.459  7.470  8.571  7.793 11.231 
10.772  9.248  7.317  8.526  7.090  8.631  7.276  5.562  8.213 10.590 10.438 
 9.426 10.793  8.923  9.134  7.036  6.163  8.805  5.847 10.147  9.939  9.200 
 8.820  8.599  7.988  8.563  8.772  6.602  8.905  6.801  7.538  9.454  9.266 
 9.973 10.355  8.118 10.065  8.772  7.911  6.479  7.983  7.083  9.722  7.380 
 9.606 10.604  9.729  7.211  7.495  6.524  7.527  4.401  7.895  9.169 10.396 
10.930 10.639  7.880  7.053  6.162  7.511  7.429  9.326  7.693  8.832 10.330 
 9.865  8.786  9.318  6.860  7.276  7.461  6.801  7.538  7.294  9.233  8.266 
 8.298 10.612  7.769  8.229  6.691  7.810  6.560  6.481  9.338 10.371  7.957 
 9.467  9.472  7.841  6.920  7.770  7.597  5.503  7.967  8.825  8.164  9.460 
 8.496  9.037  8.569  7.449  7.599  6.570  6.599  7.843  9.096 10.976  8.779 
 9.747  8.486  6.484  7.539  7.550  6.453  7.102  7.536  6.684  7.765  8.478 
 9.116  9.929  7.140  7.754  6.983  8.200  6.938  6.968  7.105  7.943 10.946 
10.391  8.949  9.330  6.371  7.255  7.561  8.834  7.145  8.432 10.471 11.376 
 8.240  8.537  8.202  7.993  7.049  7.115  8.023  7.856  8.565  8.251  9.821 
12.371  8.982  9.259  8.316  6.517  7.201  6.651  6.488  8.909  9.659  9.359 
 9.481  8.537  5.503  8.284  8.229  7.217  7.428  7.411  7.129  8.279  8.205 
 9.139 10.390  7.498 10.008  9.442  5.533  5.300  8.276  7.842  8.664  9.918 
10.487  9.802  8.135  7.917  8.182  6.130  8.851  7.816  7.203 10.849 10.367 
11.762  8.122  6.683  7.808  7.818  7.506  6.335  7.517  5.442  9.848  9.785 
11.242  9.254  8.778  7.977  7.426  6.985  8.788  6.460  9.284  8.691 10.329 
 9.479  9.807  8.671  9.143  9.186  7.079  7.578  6.681  7.373 11.072  9.357 
 8.428 10.091  8.358  8.684  6.263  6.803  7.618  9.010  7.751 10.125 10.876 
 9.278  9.933  9.287  8.113  6.988 10.143  7.327  6.885  7.313  8.123  9.704 
11.615  9.236  8.317  8.341  6.528  6.755  8.310  9.183  9.206  8.985  9.769 
11.559  8.688  7.906  7.171  6.716  4.793  8.284  6.750  7.172  9.847  9.449 
10.356  8.863  4.908  7.932  7.096  6.916  6.405  6.327 10.363  9.284  8.730 
 9.355 10.395  7.151  8.644  6.648  6.848  7.875  7.744  6.929  9.635  8.243 
 9.851  9.232  6.732  5.735  5.861  6.999  7.290  6.248  7.538  9.933  8.102 
 9.182  8.529  8.548  8.369  6.540  8.688  6.648  8.581  8.026 11.465 10.756 
 7.917  8.338  7.471  6.875  8.929  7.146  6.111  7.809  8.477  8.400  8.729 
 9.106  8.917  7.979  6.902  7.195  6.432  8.096  8.208  7.909  8.661 11.177 
 9.967  8.972  9.103  6.357  7.712  5.933  6.678  9.620  8.327  9.535 10.635 
 9.092  8.698  8.342  7.484  7.193  5.609  8.874  8.774  9.780 10.061 12.069 
 8.686  9.616  6.500  8.175  6.256  6.664  6.864  6.958  9.177  9.197 10.139 
10.555  9.703  8.964  9.441  6.120  6.611  6.718  7.058  6.127  9.682  9.554 
 7.834  9.512  7.363  7.913  5.888  4.519  6.639  5.646 10.947 10.817 10.610 
10.422  9.136  7.879  8.067  9.264  7.079  6.968 10.065  9.157  9.175  9.108 
 8.266 10.509  8.215  6.493  5.982  8.850  5.667  6.586  7.971  9.522 10.341 
 9.020  9.201  7.120  7.991  8.199  6.065  7.185  6.361  9.608  9.617  8.267 
11.562  8.576  6.889  7.446  7.361  6.004  5.900  6.653  9.033  8.825 11.854 
11.303  7.607  9.842  7.509  8.104  7.923  7.783  8.999  7.227  9.821 10.957 
 9.362 10.128  7.891  7.503  6.132  6.243  8.724  8.057  6.514  8.925 10.920 
 9.390 11.528  7.556  9.806  8.729  7.017  7.223  6.638  7.047  9.943  9.689 
 9.160  9.925  9.412  6.548  6.942  7.623  7.319  7.456  8.889  8.557  9.638 
10.352  9.927  8.136  8.466  6.613  7.601  6.745  5.768  9.051 10.182  9.087 
 8.967 10.530  8.871  7.081  7.296  7.646  7.343  7.195  8.258  8.405  9.830 
10.468 10.024  8.861  7.624  6.893  8.241  5.516  8.101 10.574  9.204  9.864 
 9.027  8.672  6.804  7.142  6.829  8.107  6.161  7.489  9.111  8.883 11.566 
10.043  9.016  8.208  7.791  8.194  7.339  9.172  6.173  9.103 10.064  9.961 
10.746 10.081  8.535  7.720  6.331  6.214  6.025  6.161  7.001  6.993 10.212 
 9.948  9.087  7.642  9.413  6.102  7.277  5.846  8.897  8.772  9.449 10.474 
 9.084  8.742  8.541  7.539  7.340  5.615  7.821  8.578  7.166  9.758 11.217 
 9.284  9.475  6.486  7.769  8.683  6.982  7.009  7.778  9.277  8.703  9.472 
10.309  9.087  8.080  8.718  7.844  5.594  7.313  7.067  8.801  8.074 11.516 
 9.113  7.869  7.388  8.366  8.189  9.109  6.811  7.415  8.603 10.013  9.395 
 9.927  8.708  8.262  6.095  6.436  7.277  7.817  7.186  7.894  9.192 10.236 
 8.522  8.928 11.164  8.302  5.707  7.121  7.496  7.850  8.004  9.286 10.086 
 8.995  9.051  6.251  7.075  6.034  7.364  7.801  6.641  8.055  8.989  9.532 
10.207  7.690  7.954  6.719  7.574  5.798  7.738  8.341  9.275  7.662  9.247 
12.005  9.734  8.774 10.130  6.081  6.987  6.991  5.972  8.937  8.209  7.682 
 9.927  6.529  8.328  6.074  6.170  7.667  7.014  8.119  8.892  7.368 10.113 
10.433  9.984  6.786  6.310  6.115 10.116  8.356  8.744 10.377 10.322  9.049 
 9.348  8.331  8.807  6.721  7.784  7.774  7.271  6.889  6.013  7.364 10.570 
 9.551  8.900  7.341  8.624  8.153  8.050  8.352  6.967  7.287  9.489 10.871 
10.419  9.825  7.409  6.968  6.732  6.813  7.473  7.707  8.928  8.450  8.647 
10.341  8.122  8.021  6.467  6.986  7.090  7.727  7.006  7.640  9.509 10.314 
 8.674  8.901  7.677  7.594  7.134  5.884  6.417  9.612  7.889  8.287 11.338 
10.727  9.819  9.076  7.908  7.793  6.878  6.943  8.904  8.963  9.193 12.680 
 8.217  9.589  8.012  6.655  5.646  8.661  7.879  8.777  7.477  8.872  9.385 
10.386  9.343  8.421  7.817  8.274  8.730  6.807  9.011  6.919  8.919  9.915 
10.192  9.770  8.688  6.384  7.393  4.598  7.392  7.736  8.877  8.917  9.957 
11.550 10.112  8.847  7.152  8.029  8.104  7.036  7.430  7.801  8.128 11.214 
 9.905 10.177  6.549  6.372  6.847  7.787  7.315  9.162  6.150  8.911  9.772 
 8.907  8.599  7.037  8.175  9.376  7.489  6.776  8.811  6.623  8.750  8.853 
10.162  7.853  7.708  7.323  7.450  7.547  6.522  8.881  8.154  9.863 10.040 
11.721 10.181  7.225  8.925  8.218  5.745  8.582  6.867  7.100  7.258 10.912 
 9.112 10.380 10.077  7.372  6.122  7.102  8.272  8.668  9.104  8.772  9.524 
 9.106 10.212  8.455  6.068  7.790  7.505  7.257 10.636  8.935  9.118  8.217 
 9.620  7.263  7.492  6.652  6.448  8.651  7.598  6.346  8.398  8.655  9.410 
 8.419 10.081  7.426  8.754  7.329  6.569  7.581  8.900  7.388  9.597 10.255 
 8.416  9.062  9.846  6.497  6.533  8.188  7.821  7.699  6.895  9.936  8.410 
 8.963  8.673  7.807  6.629  9.218  6.299  5.945  7.858  6.838  6.806  7.342 
 8.393  9.642  6.906  6.190  6.765  7.416  6.718  7.735  7.950  9.418  9.173 
11.893  9.432  7.899  7.953  6.936  8.298  7.298  7.597  9.924  9.379  9.991 
 9.096  7.503  6.212  6.049  6.321  5.260  7.846  7.808  7.916  7.791 11.629 
 9.032  9.402  8.028  7.957  6.585  7.537  7.438  7.603  8.043 10.486  9.917 
 9.952  8.378  7.093  7.440  7.365  5.089  7.115  8.089  6.901  8.578 11.051 
11.197  9.122  6.695  7.808  9.767  7.650  7.502  8.449  8.084  9.184  9.353 
11.448 10.096  8.490  6.979  7.013  8.355  8.468  7.546  6.565  9.317 10.388 
10.012 10.009  8.856  7.931  5.826  7.499  7.908  8.101  8.364  9.891  8.228 
10.704  9.852  8.200  6.941  6.756  7.684  6.493  6.786  8.126  8.113  9.626 
 9.304  9.826  7.937  7.636  6.804  6.806  7.651  6.960  9.773 10.723 10.781 
 9.800 10.481  7.758  6.758  7.688  7.088  7.497  7.583  8.468  9.064 11.341 
 9.023  8.727  8.952  8.243  8.805  6.790  8.420  6.818  8.867  9.477 11.881 
 9.720  9.001  9.905  6.578  7.642  7.056  7.130  8.371  7.735 10.201  7.830 
 9.151  7.938  7.405  7.823  7.969  6.114  5.957  7.808  8.032  9.657 11.175 
10.183  7.326  9.033  8.538  7.419  7.299  8.257  7.163  8.655  8.868 10.306 
10.495 10.854  7.269  7.726  6.558  7.835  8.480  7.067  9.276 11.050 10.446 
11.431  9.483  7.455  8.191  7.708  5.554  5.666  6.937  8.422  9.741  9.277 
11.240  8.358  9.957  8.450  6.255  7.599  6.227  7.110  8.048 11.401 10.112 
10.081  8.841  8.167  8.658  6.929  7.828  7.638  7.868  7.104  9.836 10.528 
10.381  8.432  8.723  8.369  6.467  9.015  7.105  7.261  7.487  8.374 10.389 
 9.402  8.322  8.774  8.140  6.236  6.361  6.089  9.118  9.693 10.977 10.512 
 9.223  9.240  8.890  6.573  8.270  4.729  7.772  6.583  7.447  8.579  8.628 
 8.390  9.118  8.163  6.110  7.089  7.742  7.584  8.790  6.869 10.664  9.843 
11.353 10.065  8.844  7.479  8.491  6.703  8.238  7.420  9.622  7.811 10.719 
 9.528  9.955  8.121  7.335  5.466  6.021  7.656  7.938  7.448  8.468 11.294 
10.151 10.601  7.478  8.520  7.430  6.184  8.319  8.444  7.670  8.210 10.497 
11.217  9.507  7.275  8.525  8.946  5.505  7.507 10.064  7.629  8.045 10.327 
 9.426 10.071  8.879  8.690  7.244  5.973  8.561  7.476  8.931  9.864 10.864 
 9.044  9.817  7.578  7.656  6.009  9.010  7.592  7.897  8.124  9.341 11.465 
 9.634  9.756  9.623  7.173  7.063  8.624  5.105  5.543  8.095  7.496  9.140 
10.138  9.114  7.739  8.441  7.233  7.182  6.367  8.343  7.706  9.275 11.398 
10.151  8.223  8.050  7.000  8.316  8.291  7.896  6.045  8.282  7.640  9.758 
 9.450  9.406  7.982  7.803  5.607  6.895  8.087  7.775  6.192  9.272 11.427 
10.754  9.912  6.696  4.907  8.636  5.965  7.708  8.585  6.591  8.043  8.999 
 8.665  9.065  7.669  8.535  6.309  8.553  8.106  7.990  9.315  7.748  9.068 
 8.910  9.589  8.594  9.233  7.018  6.909  7.396  9.527  7.493  9.263 10.590 
 9.162 10.794  8.390  6.225  6.229  7.408  6.887  5.453 10.603  8.190  9.964 
10.201 10.075  8.042 10.118  9.883  6.352  6.817  8.774  8.283  9.391 10.750 
 9.375  9.192  7.395  8.636  8.400  6.854  8.754  9.566  7.041  9.751 10.968 
 8.279  9.697  7.885  6.600  8.095  8.128  9.374  8.931  7.137  6.512 10.066 
10.068  8.590  6.797  6.863  6.075  7.716  6.640  7.246  7.122  9.047 11.364 
10.540  8.604  9.800  6.551  8.212  6.154  7.182  9.407  7.774  8.924  9.503 
 9.812  9.276  7.518  6.845  7.132  8.805  7.525  9.650  7.299  9.163  9.425 
11.942  8.819  8.166  6.038  7.090  7.150  6.679  5.195  8.996  8.505 11.062 
 7.652  8.828  7.848  7.537  7.801  7.921  8.030  8.104  8.556  8.548  8.359 
12.438  9.444  9.377  5.529  7.608  6.782  7.282  6.971  8.375  8.269  9.996 
 8.989  8.462  8.734  8.677  7.804  6.663  6.145  6.081  7.472 10.350 10.386 
 9.524  7.762  8.162  4.621  7.063  7.856  6.606  7.816  7.987  9.507 10.280 
10.227  8.963  9.974  7.248  7.702  7.666  8.208  6.941  7.582  9.819 11.516 
 9.746  9.502 10.004  9.735  7.115  5.886  6.278  8.117  7.321  9.418 12.487 
10.244  8.951  8.130  9.781  6.660  6.071  8.593  8.258  9.358  9.379  7.222 
 9.529 10.143  9.934 10.350  7.820  5.850  7.471  8.183  6.324  8.955 10.658 
10.550  8.491  8.301  7.581  7.008  5.938  7.302  7.539  8.280 10.016 10.807 
 9.266  9.830  7.412  4.754  8.891  7.582  6.315  7.440 10.328  8.876 11.033 
 9.485  7.999  9.021  7.273  6.718  6.652  7.339  6.758  7.671  9.992 10.914 
 9.519 10.521  8.063  8.560  7.067  6.395  7.372  8.448 10.058  9.074  9.487 
10.733  9.045  8.834  6.651  6.330  7.060  7.367  8.907  8.103  8.368  9.789 
 8.745  8.277  8.551  7.771  6.964  7.850  6.740  7.903  7.631  9.426 11.216 
 9.150  8.691 10.190  7.752  4.519  6.460  7.119  5.322  7.089  9.635  9.825 
 8.991  9.361  8.495  7.152  6.909  5.155  6.235  7.525  6.249  9.460  8.442 
 9.963  9.382 10.598  8.171  6.998  4.847  7.707  7.997  8.193  8.747 11.458 
10.761  7.267  9.239  7.906  7.937  6.973  5.237  7.653  7.047  9.708 11.335 
 9.510  9.000  7.554 10.251  5.174  7.274  7.068  7.562  8.732  8.321 10.973 
10.993  8.563  8.329  7.361  7.363  8.175  6.116  7.344  9.570  8.698  9.104 
10.497  9.395  8.472 10.169  9.459  7.548  5.942  7.011  8.769  8.910 11.255 
 9.366  9.355  7.862  8.208  6.449  8.022  7.057  8.767  9.188 10.300 10.656 
 8.963  7.777  8.118  7.250  8.448  6.809  4.608  7.857  7.684  7.772  9.193 
 8.985  9.091  8.683  8.220  7.096  7.107  6.873  7.617  9.660  9.233 10.484 
11.941 10.076  9.257  8.201  6.946  6.966  8.408  6.331  6.888  8.383 12.569 
 9.649  8.209  7.905  7.561  7.973  8.237  8.265  7.916  8.419  8.019  7.593 
10.506  8.260  7.711  9.096  7.625  6.646  8.467  7.236  7.218 10.925 11.433 
12.045  7.873  8.715  8.756  6.885  7.223  6.108  7.253  8.243  9.555  9.123 
 9.274  9.689  6.428  8.279  7.128  6.324  6.596  8.741  7.871 10.608  9.616 
10.013  7.739  9.027  7.149  7.293  6.639  6.721  7.186  8.446  8.808  8.528 
10.455 10.786  7.906  8.101  7.015  8.120  6.489  7.255  8.063  7.825 10.050 
10.787 10.066  6.620  8.281  6.265  7.975  8.470  6.365  7.887  9.330 11.271 
 7.823  9.915  8.102  8.407  5.151  8.515  7.724  6.661  8.971  9.304 10.622 
10.421  7.562  9.021  6.976  8.047  6.442  7.475  8.595  6.783  8.564  9.442 
 9.811  7.684  9.729  7.848  7.534  6.540  6.489  8.257  9.733  7.866  9.809 
 9.778  8.782  6.646  6.792  7.712  6.318  6.211  8.111  9.650  9.230 11.433 
10.860  9.495  8.847  7.580  7.574  8.037  8.108  7.904  7.976  9.361 10.639 
 9.868  8.553  8.194  7.904  6.610  8.237  7.368  6.572  7.913  6.394 10.110 
11.232  8.527  9.026  8.250  7.852  7.323  7.824  7.423  8.974  7.869  8.314 
 9.959  8.693  7.369  7.455  6.981  7.419  7.292  8.342 10.256  8.539  9.790 
 8.976  8.184  7.719  8.533  7.127  7.037  7.747  7.031  8.171 10.401  9.988 
 9.112  9.922  8.680  6.647  6.795  6.310  6.184  8.490  5.810  8.100 10.256 
10.782  8.595  9.163  8.149  7.680  5.590  6.267  7.574  9.166  9.243 10.691 
 8.506  7.381 10.121  7.869  4.589  5.842  8.646  6.936  9.384  8.113 10.799 
10.158  9.206  7.266  8.012  7.334  6.794  7.689  8.137  7.365  8.408 10.593 
 8.948 10.030  7.733  9.199  6.646  5.939  8.152  7.243  7.615  9.635 10.349 
 9.976  7.871  9.072  6.903  7.242  7.634  9.758  7.551  9.730  8.384  8.290 
11.742  9.996  7.073  8.748  6.510  7.698  8.781  7.685  6.901  7.722  8.096 
11.571  9.022  7.931  8.680  6.682  6.847  8.070  8.605  7.678  9.656 10.910 
10.958 10.706  6.066  5.838  7.476  6.661  7.014  7.897  7.336  9.467  9.719 
10.413  8.540  7.413  7.328  7.479  6.131  8.098  7.983  7.358 10.625  9.169 
 8.820  8.211  6.392  6.009  7.343  6.735  7.145  8.898  7.063  8.696  9.673 
11.687  8.725  9.061  7.316  8.424  6.318  5.767  6.150  7.048  9.952 10.197 
 9.780  9.752  7.081  9.430  8.424  7.024  7.396  6.200  7.647  9.568 10.923 
 9.879  9.773  8.195  6.037  5.922  6.203  7.990  6.345  8.422  9.311 10.343 
 9.580  6.722  7.513  8.927  5.003  7.720  7.156  7.448  9.589 10.579 11.031 
10.738  9.572  9.444  5.814  7.400  7.419  8.328  7.370  8.210  7.337 11.494 
10.803  9.916  9.053  6.028  7.420  6.958  7.471  7.034  9.092  7.870 10.558 
12.406 10.385  8.022  6.065  6.509  7.738  7.174  7.966  9.447  9.003 10.598 
10.296  8.744  7.465  7.899  6.524  6.014  7.333  7.539  8.046  7.965 10.080 
 7.986  8.910  7.836  8.121  7.447  7.899  8.212  7.467  8.924 10.419  9.633 
11.083  8.597  7.767  8.055  8.549  7.900  5.505  7.667  9.861  9.342  8.856 
10.208  8.802  7.497  7.916  5.241  5.814  5.985  7.684  9.713  8.959  9.768 
 9.510  9.346  5.741  6.566  6.120  7.371  5.967  7.434  8.496  7.054 10.302 
 9.848  9.068  8.744 10.252  7.548  8.896  4.557  7.038  8.368  8.519 11.179 
10.956  8.177  7.723  7.122  9.352  8.016  8.607  7.171  8.076 10.012 10.180 
 8.502  9.041  7.258  7.720  7.042  5.738  7.397  6.796  8.182  9.445  9.745 
10.092  8.899  6.699  7.368  6.620  6.166  7.005  9.040  7.886  9.729 10.832 
 9.446  8.029  9.000  8.450  7.036  7.290  7.213  7.073  9.178  9.926 10.568 
 9.658  9.693  8.116  7.334  6.353  7.110  6.033  7.179  8.626  9.685  9.916 
10.832  9.400  7.285  6.298  8.463  8.614  7.380  8.172  8.067  7.915  9.474 
11.106 10.016  8.254  7.183  8.092  4.322  7.312  8.641  6.561  9.032  8.717 
 9.889  8.726 10.110  8.720  6.277  7.213  8.031  6.993  8.779  7.496 11.333 
10.261 10.337  7.184  7.693  8.476  8.488  6.220  6.748  8.089 10.353 11.409 
 9.699 10.047  7.759  6.670  7.781  6.156 10.256  6.670  9.780  7.350  9.113 
 8.721  7.909  8.306  7.565  5.517  7.270  7.659  5.815  8.417  9.420  9.218 
11.536  8.765  7.947  9.093  8.356  7.365  7.722  9.064  8.802  9.632  7.300 
 9.680  8.242 10.741  7.762  7.282  6.173  9.758  7.025  8.417  7.439  9.073 
11.014  9.843  9.454  7.532  7.552  6.099  7.193  7.354  9.593  8.980  8.996 
 9.465  8.436  8.828  8.750  7.451  5.839  6.147  8.979  8.276  7.647  9.725 
 9.920  9.847  9.322  7.911  7.209  7.552  6.860  8.112  7.021  8.184 10.558 
 9.804  9.658  8.142  7.881  6.006  6.202  5.961  8.280  7.252  8.496 10.091 
 9.910  8.971  9.332  6.882  6.510  7.401  7.184  7.521  8.117  6.856  9.926 
 7.505  9.905 10.437  5.949  7.446  6.987  6.536  8.038  8.633 10.277 11.195 
 9.156 10.074  8.957  8.061  7.314  6.926  4.906  8.293  8.146  7.860 10.720 
10.114  9.097  9.020  7.514  8.801  7.891  6.458  6.937  8.818  8.327 10.880 
 8.516  7.761  8.384  7.827  6.444  6.566  7.479  7.100  8.951  8.316 10.577 
10.376  7.817  6.051  6.969  7.231  5.855  5.460  7.754  7.799 10.369 10.574 
11.110  8.967  9.983  8.844  8.067  6.985  6.749  6.948  8.282  9.467 10.616 
11.166 11.236  7.614  6.507  8.819  7.134  7.555  8.621  9.197  9.338  9.551 
 9.568  7.548  7.484  8.296  4.510  7.762  7.770  7.011  9.101  8.739  9.326 
 9.944  9.948  7.367  6.231  5.528  6.836  7.611  7.897  8.104  7.234 12.100 
11.405  9.689  8.091  8.605  7.457  5.935  7.234  7.719  8.253 11.194  8.807 
 9.887  5.920  9.148  8.836  7.135  7.445  7.036  9.001  9.241  9.749 10.781 
 8.522  8.765  7.883  7.901  6.557  6.289  7.932  7.751  9.035 10.217 12.606 
 9.068  8.266  8.830  8.563  8.378  6.267  5.636  5.246  9.263  9.689  9.474 
11.569  7.227  8.704  8.099  7.984  6.194  7.374  7.478  8.105 12.085 11.056 
 9.813  9.439  7.297  8.776  8.488  5.717  8.122  9.511  8.957  9.879 10.667 
 9.628 10.219  8.513  8.043  8.055  6.105  8.390  8.682  6.854  7.401 11.115 
11.729  9.170  8.101  6.428  7.155  7.617  6.402  7.500  7.430  9.750  6.816 
10.524  9.048  7.087  5.732  7.193  8.137  8.199  8.535  7.216  8.996 10.319 
10.030  8.622  7.933  8.153  8.192  9.295  8.874  7.553  8.948  8.755  9.898 
10.727  8.958  7.872  7.649  6.191  8.686  5.670  7.863  7.708  7.025 10.950 
 8.475  7.674  9.073  6.736  6.152  7.654  7.304  7.065  9.849  9.563 10.764 
 9.956  9.688  9.446  8.562  7.882  6.648  7.350  7.191  8.769  8.692 10.220 
11.181  8.866  8.871  8.885  5.794  7.630  7.929  8.808  9.007  8.972  9.377 
12.108  9.033  8.223  6.564  6.472  5.961  8.626  7.303  9.724  9.916 12.282 
11.341  9.588 10.687  7.665  8.559  8.040  8.286  7.140  7.063  8.072  8.873 
 9.780  7.632  8.567  8.733  7.428  5.590  6.150  6.295  8.768 11.026 10.331 
 9.743  9.002  8.842  6.791  8.570  7.954  7.270  7.840  7.494  9.850 11.169 
 9.959  8.120  8.621  8.213  8.455  6.852  6.747  7.741  9.213  9.276 10.711 
10.120  9.493  7.062  9.021  9.392  8.485  7.444  7.002  8.046  9.351 11.751 
 8.162  9.295  8.434  7.020  7.171  6.329  9.209  8.481  7.224  8.956  8.827 
10.745  9.050  8.344  8.308  6.998  7.146  7.353  6.307  6.629 10.161 10.431 
 9.807  9.238  7.777  7.587  6.905  6.001  6.029  7.239  8.933 11.771  8.844 
 9.187 11.021  9.915  7.209  7.292  6.820  8.697  6.945  9.203 10.911 11.045 
 9.388  7.944  8.030  4.056  6.262  4.947  6.808  8.115  8.736  7.639  9.511 
11.852  9.361  7.767  5.960  7.091  5.958  7.431  8.337  8.848  8.003  8.787 
 9.614  8.242  7.678  8.060  6.869  6.567  5.866  6.865 10.759  8.609 10.260 
 9.987  7.551  8.862  6.022  6.575  5.693  6.857  8.807  7.134  9.461  8.755 
10.671  9.534  8.270  8.289  7.298  6.182  6.395  7.072  7.188  9.128  9.390 
10.525  9.328  7.702  7.543  8.998  7.196  6.422  6.320  9.507  9.157  9.258 
 9.182 10.894  7.729  7.387  5.839  6.791  7.518  7.735  9.126  7.562  9.411 
10.715  9.485  7.546  8.817  7.172  8.463  6.306  6.557  7.411  7.831  7.928 
10.298  8.513  8.000  9.617  8.546  8.079  7.376  7.143  8.090  9.207 10.133 
 9.239  6.348  8.140  5.961  7.698  7.505  8.713  9.323  8.639  9.398 11.843 
