18.296  9.749  9.885 13.226  7.864 10.723  7.023  5.409  5.917  2.480  0.654 
 8.871 15.305  6.538  9.345  2.843  6.718  7.923 12.022  4.036 -2.364 -2.059 
19.013  8.043  8.073 11.808  9.100  6.062  0.340 -1.296  9.751  4.834 -0.094 
14.366 19.793 10.282 11.293  7.641  9.914  4.161  3.040  4.103  1.088  3.132 
11.129 13.754 13.661 10.546 13.047  8.107  5.245  0.881  4.247  0.355 -2.497 
16.207 13.350 18.117 12.875  9.844  5.750  1.767  6.048  3.868 -0.378  1.440 
16.756 12.811  7.930  7.944 12.529  4.125  8.073  6.522  0.371  4.367 -2.921 
12.653 15.345 14.165  5.085 12.759 10.464 -1.000 -1.838  7.568  5.464 -4.428 
 9.771 17.377 12.917 13.795  2.979  8.094  7.770  4.671  7.074  3.007  0.346 
11.001 15.046 12.781  7.276  5.576 13.779  0.834 -1.549  6.685 -2.797 -3.867 
15.231 17.983  4.459 11.623  8.000  4.784  4.104  9.277 -0.530 -2.333  0.008 
12.237  9.440  9.659 10.013 13.651 12.490  7.305 -0.376  5.613 -2.465  3.394 
16.172  9.705 17.723  7.439 10.302  8.469 12.339  4.630 -0.885 -2.391  3.188 
11.247 16.207 12.435  9.907  3.904  5.582  4.883  2.620  2.101  3.342  0.156 
15.450 13.802  7.281 14.866  9.105 11.156  5.700 -0.701  9.473 -1.246  1.215 
10.850 11.353 11.137  9.999  7.727  7.923  2.110  6.968  3.001  2.318  2.292 
14.041  8.767 15.471 12.114  7.220  8.065 10.915  1.242  3.815 -2.724  0.158 
14.263 20.030  9.263  9.259  4.654  6.010  6.474 -1.137  5.135  1.559 -4.290 
13.107 16.363  8.175  8.524 11.198 11.295  2.010 -4.660  8.665  1.631 -2.916 
14.764 15.240 11.341 17.309  2.796  5.227  5.401 11.322  8.000  2.794 -2.216 
14.758 15.455 13.573  7.391  8.759  3.735  7.945  3.034  0.339 -2.306  2.287 
14.354 13.901 17.197 12.974  6.612  7.613  7.149  5.006  3.883  4.554  0.868 
19.399 11.820  6.673 11.059  9.469  5.904  3.676  6.164 -0.889 -5.140 -4.052 
15.718 11.558  9.202  7.940  9.677  6.689  6.660  2.865  7.968  3.536 -1.620 
14.252  9.921 13.502  6.496 10.905 14.599  9.271  6.615  1.172  5.251 -0.481 
12.474 16.564 13.138  8.454 11.685  8.906 -2.325  7.613  0.128  2.419  2.683 
10.146 13.494  4.677  5.450  5.954  8.546  6.670 -0.945 -0.433  0.000 -0.738 
13.060  9.726 10.753  9.879 12.559 12.559  9.270  3.644  6.774  5.975  0.306 
12.873 15.789 16.879  8.766 10.118  2.814  5.656  4.956  5.468 -3.995  6.497 
17.639 13.560  6.745 13.992 12.004  5.840  2.444 10.671 -1.449 -1.044 -1.101 
16.775 12.717 15.027 13.612 13.098  9.442 -0.038  1.453 10.973  0.848 -3.472 
17.447 14.304  8.060  5.741  1.693  7.642  7.766  3.033  0.134  0.653  1.760 
12.258 15.565 14.090 12.173  4.472  9.917  8.159  5.278 -3.144  1.064  4.632 
 8.297 11.482  7.492  8.005 11.252  6.810  5.152  9.652 -1.280  0.139  0.164 
17.203 17.038 13.821 10.601 10.241  9.482  7.729  3.028  4.242  0.626  3.512 
17.233 11.018 13.025  9.254  3.436  4.303  1.931  4.133  9.788  1.209  0.500 
13.613 15.079 10.052  8.298  9.930 11.685  2.072  6.973  6.765  4.872 -4.584 
22.189 16.006  8.001 11.003  9.499  7.988 12.600  4.998  0.090 -0.161 -5.059 
10.034 10.106 10.204  9.357  5.355  7.521 -2.123  6.444  3.241  0.338  0.172 
 8.811  7.992 11.191  8.439 12.217  8.837  4.436  5.626  4.005 -2.237  1.719 
12.690 13.545 13.773 13.058  6.000  9.112  4.079  4.714  3.159  3.798  2.878 
10.794 11.518 11.799 12.840  9.065  6.344  4.410  3.966  6.400 -4.273 -4.802 
15.661  9.997  9.632 13.370  6.512  9.051  4.613  8.019  3.973  0.770  5.065 
13.075 18.812 13.693  9.630  7.820 14.908 10.199  6.009  0.740  9.433 -0.028 
14.355 15.085 11.875 11.925  9.034 10.258  9.996  0.682  3.022  4.344 -3.720 
12.947 14.682  8.098 13.690  9.278  7.402  8.689  6.676  9.135  3.355 -2.550 
15.660 14.181 17.504  5.552  4.752  8.565  7.968  9.293 -3.159  3.055 -1.179 
14.667 21.481 13.273 10.500  7.810  6.557 -1.306  8.988  7.324 -1.783  5.249 
16.489 11.239 10.416  9.080  8.005  5.024  5.214  5.899 -8.376 -1.864  2.249 
15.330 19.623 16.014 12.775 11.039  4.173  4.039  7.360  2.258  2.342  3.543 
21.571 18.718 12.719 13.436  3.276  1.485  9.224  6.845  7.117  2.663 -0.734 
13.889 13.250 14.405 10.594  4.342  9.682  2.585  3.073  7.359  2.427  2.639 
15.532 11.849 12.542 10.485  7.559 -0.946  4.434  4.091  5.303  1.022  0.777 
19.540 14.155 10.429 10.040 13.224  6.770  6.201  6.767  2.487  2.843  3.943 
19.850 18.339 14.047  6.283  6.794  9.736  9.776  9.444  6.889  1.515 -0.637 
16.025 13.792  8.716  5.590 12.230 11.559  6.309  2.874  4.023 -0.194  4.890 
12.218 13.384  2.341  3.770  7.602  6.590  6.586  3.168 -0.868  6.619  4.601 
15.539 11.589 10.110  9.911  8.998  7.401  6.482  8.573  4.615  1.499 -5.119 
10.929 13.219  8.388 15.941  6.966  4.015  3.658 -2.948  3.815 -0.062 -1.548 
15.778 11.287  7.068  7.020 11.305  6.968  7.145  3.346  4.050  5.731 -3.999 
21.286  9.706  3.788  7.961  2.825  8.071  2.826  6.320  3.909  6.565  4.262 
22.134 11.952 11.573  6.632 10.966  4.728  5.900  5.259  5.862  3.189 -4.705 
11.414 15.078  7.296  9.116 -0.507  8.201  9.446  7.143 -1.838 -0.653 -3.310 
15.164 11.259 11.717 13.256 14.857  4.404  4.920  6.288  0.211 -0.991 -0.613 
11.679 14.428  9.055 10.525 17.324  7.638  9.216  6.191  6.532 -0.336 -1.334 
15.404 16.612 14.280  9.690  2.449  2.458  9.820 12.718 -0.974 -2.428  0.602 
12.321 14.813  9.936 13.405  7.936  7.468  7.350  2.543  2.837  7.216 -0.059 
11.702 14.887  5.560  9.296  4.348  5.529  6.826  2.628  2.863  3.810  1.039 
14.677 15.100  7.937  6.085  6.279  5.873  5.409  2.499  4.351 -1.659 -0.858 
20.070  7.495 11.213 13.154 14.849  4.010  9.486  1.791  1.761 -0.293 -1.070 
16.937 13.541 12.240  8.289  7.789  7.882  2.887  3.445  3.020  5.061 -1.607 
16.292 12.991  8.025 12.837 12.587  9.743 10.266  7.442  7.627  5.034 -2.739 
18.627 21.354  7.804 11.012  8.631  5.160  7.583  4.569  4.955  5.194 -0.346 
17.240 14.496  9.575  9.597 14.411  7.726  4.807  4.308  6.648  1.672  1.218 
12.780 11.996 11.316 10.941  3.851  7.508  9.285  5.068  3.624  2.131  4.016 
10.054  6.682  7.996  5.073  8.859  4.989  0.037  1.004  7.060  4.289  2.732 
14.457 13.996  8.853 12.918  7.964  4.957  6.735  9.804  7.645  3.576  0.647 
13.685 16.948 11.691 12.311  8.791  3.744  6.468  7.061 -0.789  2.521 -1.983 
 7.283  7.600 10.802  6.909 10.610  7.828  2.420  1.202  3.228  3.440 -0.228 
17.133  5.857 15.372 11.214 12.434  5.138  1.509  5.849  4.999 -1.028 -0.202 
 9.469 14.858 11.546  6.334 10.964  0.913  7.243  7.351  3.786  5.127 -4.629 
 8.956 17.369 10.551  6.614  8.436  3.420  3.684 -2.006  3.147  3.994  1.579 
20.674 10.360  9.203  9.148  5.497  4.351  9.145  1.443  1.990 -2.282 -1.046 
16.337 16.266 12.372 16.193 12.271 10.775  4.418  5.109  4.962  2.824 -2.278 
18.618 12.698  8.407  8.653  8.212  5.788  3.272  3.134 -1.014 -2.165  1.347 
15.722 12.025  6.468 10.835  7.615 12.120  1.293  4.647  0.118  2.502 -0.790 
16.386 14.033  4.581  8.426  7.940  7.001  4.407  1.875  7.154  2.044  1.164 
15.771 10.787  8.408  8.658  5.174  3.851  6.858  0.490  3.066 -0.309  2.342 
13.533 12.653 12.115 11.514 12.505  5.784  4.085  0.702  1.179 -3.343 -0.513 
17.666  9.551 10.938 13.282  8.552  6.012 -0.555  0.381  0.950  5.031 -2.725 
16.469 12.745  9.666 15.122  6.053  7.694  5.272  8.244  0.472  1.034  5.546 
10.746 10.561 10.449  8.160  7.657  9.247  6.171  9.086  3.571  3.550 -4.081 
12.939 14.205  8.077  8.295  9.451  6.266  3.408  4.833  2.015  0.866 -3.380 
17.840 17.515 10.545  5.976  9.415  5.809  2.967  5.693  4.340 -0.174  5.191 
13.043 14.299 11.090 10.552  8.873 10.912  6.856  6.757  7.615  4.094 -4.158 
17.862  9.912 12.913 15.276 10.402  9.268  8.564  0.754  4.416  3.404 -2.082 
18.662 14.102 12.062 10.142  6.927  4.973  4.203  2.011 -3.766  4.146  4.793 
20.127 11.072 12.879  3.292  6.363  5.382  2.609  1.352  2.407 -1.210 -3.622 
14.845 11.154 10.174 13.228 17.226  6.034  5.663  6.090  4.850 -1.533 -0.329 
20.057 15.653 11.603 10.768  8.605  9.586  6.516  3.808  8.584 -4.182  0.362 
10.425 15.793 10.615  9.066  4.917  5.492  7.400  2.317  1.126  0.957  1.767 
10.908 11.342 11.078 10.572  9.264  8.001  8.849  6.339  6.679  9.948 -0.505 
15.012  9.102  6.437  6.715  4.081 14.403  0.914  4.039  9.427  1.219 -1.908 
20.147 15.391 12.541 12.249  8.326 10.843  5.404 11.647 -0.689  1.886 -0.403 
 9.807 12.918 11.158 12.909  3.722  6.574 11.447  9.546  1.564  2.039  4.440 
19.033  9.114 14.532  7.436 10.356  4.959  9.664  5.790  5.070  1.885 -2.257 
16.357 10.022 11.653 15.545  5.096  5.422  7.728  7.059  2.204  6.209 -1.593 
14.184 13.326  6.948  7.302  4.866  4.378  6.299  5.181  1.457  2.474  5.153 
14.750 14.221 11.209  7.087  7.633  1.874  8.470  1.492 10.928  3.921 -3.347 
14.654 12.114  4.993  7.014 13.083  5.524  4.246  3.371  3.373 -0.950 -6.065 
20.207 15.329 13.444  9.614 10.932  1.834  3.148 -4.135 -0.660  1.058 -0.168 
12.695  7.253 18.173  9.846  9.643  7.473  8.690  5.720  5.824  3.767 -2.693 
12.561 15.293 16.390  6.099  9.940 11.084  6.792  2.160  4.423  7.635 -5.889 
14.139  9.801  9.600 12.046  6.340  1.348  6.390  0.222  0.093 -1.720 -0.456 
13.846 13.234  8.369  9.574  9.219  7.516  5.411  1.952  5.247 -1.574  2.812 
17.186 11.463 11.759 10.265 13.395  5.817  0.337  7.708 -0.337 -2.637  3.970 
12.736  6.571  6.129  6.872 11.051  8.671  1.988  5.831  2.624  2.160  3.658 
17.784 15.617 17.756 14.906  5.883 13.936  3.835  8.265  5.570  2.292 -3.043 
13.949 11.900  7.628  8.515  5.643 10.186  4.367  2.309  3.961 -0.113 -3.712 
 9.926 11.356 10.284  9.347  7.024  5.044  5.429  0.398  7.658  5.446 -5.143 
11.707 14.888  4.943 10.832  4.334  1.839  5.250  4.274  2.234  6.296 -0.291 
11.369 16.624 10.558  6.294 12.455  7.361  3.468  9.471  2.581 -1.766 -1.612 
21.760 15.543 14.199 17.181 12.111  7.769  0.831  3.015  2.431  4.949 -4.162 
16.167  9.596  8.776  9.365  2.392 10.258  6.490  6.286  3.905 -0.794 -6.303 
15.325 16.378 14.871  6.980 10.052  7.533  3.508  4.780  1.585  0.671  5.615 
12.489 13.818  9.295  4.253  3.619  6.886  4.867  2.744  6.279  0.877 -0.406 
10.926  9.396 10.617  8.419 12.861  3.985  2.559  1.667  2.445  2.352  2.758 
10.961 15.639  7.408 10.685 11.907 11.707  1.670  0.125 10.088  3.084 -0.460 
17.363 12.699  8.402 16.794  4.492  6.993 11.951  7.485  3.786  2.583 -1.458 
 4.407 16.788 14.614  7.970  7.195  7.873  6.293  6.991  3.607  7.429 -2.414 
10.377 12.881 14.547  7.995  3.403  4.972  7.140  4.542  7.984 -3.044 -4.291 
19.283 10.089  9.381  9.657  7.995  7.447 13.479  0.960 -2.659 10.171  0.440 
17.693 11.556 14.611 10.087  8.032  3.944  8.263  4.572  0.550  3.244 -1.006 
18.340  8.311  3.351 13.609  9.438 12.579  2.307  0.575  5.059  6.037 -4.400 
16.560 10.638 15.066  5.749  7.184  7.084  7.342  5.131  3.895  0.394 -0.195 
 9.472 13.543  8.725 10.862  9.188  5.804  6.671  6.888 -0.160 -0.265 -0.841 
13.470  6.720  9.710  6.336  6.553  5.971  9.745  2.209 -2.058  2.794 -4.096 
 8.545 14.297  9.361 10.426  7.373  6.105  1.153  2.562  2.389 -1.005 -0.972 
11.257 14.797  7.573 10.931 10.624  9.622  7.556  0.472 -1.239  5.675 -2.857 
 6.378 15.906  7.284 11.110  5.604  8.829 11.650  2.793  4.345  2.849 -1.418 
10.364 11.995 11.886  4.140  6.715  3.069 10.679  2.561 -2.915  2.443 -1.090 
11.564 13.990 10.182  7.124  8.187  4.103  1.778  8.422  2.824  4.718  0.435 
11.701  7.375 13.148  9.765  8.453  4.977  6.677  4.535  1.556 -4.619  2.212 
 9.799  9.310  7.714 10.091 11.298  3.476  3.757  1.441  7.307  2.346  1.351 
11.488 16.080 17.165  4.352  9.217 11.120  8.782  4.361 -2.360 -1.720  1.495 
 9.826 13.001 17.077  7.207  8.297  2.664  3.166  1.133  1.734  1.797 -2.215 
15.853 14.680  9.569 13.537  9.821  4.582  1.773  4.877  5.365  5.248 -0.871 
 5.683 16.538 11.063  6.797 11.176  3.986  9.146  4.092 -2.804 -0.807  6.485 
14.413  8.253 12.685 12.728 11.894  6.497  7.948 11.180  8.441 -0.825  6.520 
14.351 10.173 17.110  8.034  7.052  4.016  6.820  3.039  0.475  0.381 -1.483 
15.491 15.972  9.873 12.825 10.098  7.945 10.072  4.317  6.668 -2.867 -0.636 
 9.070 14.286 13.004 11.703  7.126  7.006  3.081  9.865  7.489  6.063 -4.205 
15.771  8.478 14.482  9.092 11.237  4.531  1.908 -0.833 -0.493 -0.856  8.192 
10.966 17.403  8.468  7.583  8.214  6.969  7.370  3.700  4.600  3.146 -2.125 
15.965 10.800 15.657 14.964 10.701  6.269  8.341  1.020  1.373  0.423 -3.459 
11.245 12.588 15.888 14.130  9.047  8.434  9.081  3.011  0.778  0.589  0.744 
20.959 11.053  9.416  7.669  4.314  1.167  2.857  0.239  0.283 -6.344  2.732 
10.319 12.318  9.500 11.600  8.145  6.001  4.960 10.305 -0.192 -6.110  1.622 
15.381 11.452 12.391  9.262  1.772  9.733  1.667  7.348  0.585 -3.353 -7.425 
11.895 15.654 12.427 10.834 10.721  8.137  6.419  5.571  0.281 -0.867 -3.877 
12.774  6.871 11.303  7.617  7.917  5.835  0.242  4.546 -5.963  0.818  4.472 
13.938 12.320 10.784  7.660 12.758  9.561  6.678 12.909 -1.202  2.229 -1.588 
12.037 17.695  6.152 14.611 11.102  1.122  2.886  4.873  4.296  2.377 -2.055 
12.876 13.725 14.477  9.758  7.271  5.525  8.490  3.630  7.286  6.902 -2.780 
14.398 15.146 16.386 10.412  7.012 13.672  3.055  6.858 -3.891  0.257  0.983 
12.913 11.303  8.039 13.233  7.453  7.818  5.920  1.565  1.153  0.090 -4.333 
10.926 14.934 12.465 13.474  8.432  9.993  1.132  8.592  3.702  2.073  1.517 
17.216  8.892 12.758  8.823  6.270  2.695  4.863  7.522 -5.761  6.194  0.546 
13.401 12.540 14.025  3.070  8.529  6.974  6.849  6.789  7.154  3.594 -4.963 
 9.472  9.947  8.659  8.708 10.103  2.313  7.971  2.281  5.097  0.037 -0.496 
14.269 17.217 12.486  8.988  3.558  8.150  8.012  1.764  1.177  3.639  1.082 
10.317 15.015  4.803 15.979  9.341 11.074  4.163  7.298 10.924  2.891  4.233 
17.090 10.450 16.004 10.211 10.435  3.274  4.845  4.250  5.355  1.765  0.361 
12.314 11.461 14.858 15.418 -1.098 13.322  8.306  1.758  6.863 -3.165  2.256 
13.073 12.219  6.536  4.060  4.951 10.658  9.662  0.510 -1.440  6.341 -1.374 
13.979  9.812 18.579  7.787  5.287  1.382  6.527  0.519 -1.562  0.832  4.026 
15.898 15.361 10.174  6.020  7.838  9.325 10.007  3.401  3.773 -2.559 -0.606 
11.700 15.842  8.803  4.753 10.162  4.100 12.095  4.180 -2.918 -0.594 -4.706 
12.843  9.818 10.560 13.476  9.689  7.899  0.890  9.308  3.769  2.598 -3.286 
21.117 17.835 17.343 13.450 12.211  7.092  7.486  7.111  3.792 -0.154  4.299 
18.059 20.321 12.078  2.947 10.736  9.753  9.118 10.497  4.463  0.373  2.439 
16.744 15.497  9.073 15.793  9.832  6.467  3.017  4.939  1.873  2.126  5.730 
15.358 13.604  8.793 12.298 10.356  8.655  8.388  5.171 -0.247 -0.097 -3.673 
12.372 11.315  7.750 10.038 10.270  7.498  5.509  6.027  8.991 -1.547 -0.965 
13.399 15.668  8.975  9.122  2.623  8.094  8.330  4.016  2.596 -0.480  6.633 
 9.764 14.201  8.080  7.251  9.815 14.474  8.473  2.976 10.904  1.150 -1.502 
14.890  9.348 11.604 11.622  8.702  4.218  9.479  5.710 -3.262  3.007  2.731 
21.481 11.438 12.631 10.495 10.610  7.835  6.534  3.151  1.185  3.176 -0.976 
17.158 11.041 10.973 16.512  5.458 10.693 11.928  4.954  3.786  4.056 -0.346 
13.710 12.029  6.657  9.839  8.180  3.805  7.135  6.134  1.256  2.076  1.071 
13.644 10.713 12.578  8.008  8.419  5.978  7.858  4.516  2.085 -1.043  0.271 
18.289 16.486  6.851  5.628  3.900  8.494  3.055  3.637 -0.041  5.915  1.651 
16.880 12.468 17.835  7.199 12.388  7.860  3.684  4.265  1.702  0.882 -3.171 
16.065 10.772 10.792 13.099  4.151  7.490  4.724  5.295  3.470  1.694  1.683 
15.947  9.196 11.081 12.970 10.211  7.248  7.192  6.350 10.978 -0.622 -0.474 
12.481  9.573 12.481  5.812  9.964  6.576  9.024  5.381  3.394  1.881  4.466 
13.507 13.952  9.427  5.643  8.297  2.137  5.596  4.419  2.263 -1.246 -6.771 
 7.255 12.699  9.358 13.586  3.070 10.605  6.731  2.378  2.421  4.142  3.711 
10.122 15.815  9.206 10.167  9.146 11.017  1.933  2.081  5.771  2.704 -0.001 
 7.990 10.979 11.433 10.332 10.510  4.123  3.099 10.339  4.326 -0.004  0.462 
13.986 16.624 15.863 10.795 12.681  4.385  7.688  4.217 -2.385  2.716  1.082 
10.870  9.934  7.023 12.058  8.115  6.654 10.054  1.079  5.366 -2.137  0.425 
13.132 17.877 12.356  9.510 12.099 13.018  4.859  4.468  3.843 -6.475  2.921 
16.316 14.685 13.013  6.892  7.341  8.006  6.718  9.357  5.073  2.356 -1.009 
17.978 12.674  8.300  8.860  9.942  4.454  5.344  0.969  3.318 -0.332  0.144 
10.687 12.929 11.243  9.625 12.112  9.865 11.307  8.962  4.604  3.862 -0.580 
18.373 10.428 13.575 11.346 14.840 11.121  2.195  5.815  5.824  1.861 -6.575 
17.973 13.530  9.111  7.771  7.191  6.282  4.685 11.374  9.229 -1.675 -5.610 
16.578 15.034 16.172 11.040  7.015  8.183  7.605  3.969 -0.329  1.091  3.292 
14.051 11.831 13.875 11.625  9.398  9.520  6.971  2.551  6.174  0.768  0.462 
15.311 14.578 10.998 10.262  6.474  7.304  6.415  1.462 -1.200 -0.750  6.157 
13.747 15.005 11.104 12.726  1.548  9.964  7.163  2.323 -0.099  9.051 -0.552 
16.229  8.282 13.034  9.169  6.695  8.375  6.709  2.564  3.798  4.370  0.824 
11.424 12.594 16.115  9.708 10.419  7.136  5.136  3.001  7.314  0.116 -2.700 
10.930 13.102  9.519 11.875  9.189  4.936  5.657  5.122  1.776  7.594 -8.214 
 6.517 13.897 12.961  8.827  8.092 10.391  4.474  2.375  2.352 -3.027 -3.898 
13.663 11.272 15.296 11.325  4.383  8.723  8.403  8.679  7.683 -0.159  6.437 
12.696 11.666 13.750  9.568  6.470  6.229 -1.373  9.581  2.352  8.339  3.203 
16.145 15.026 15.036  8.958  3.990  4.590  2.345 10.552 -0.474 -3.825 -2.746 
12.343 18.267 15.278 13.339 12.557  1.918  4.505 -1.328  4.923  4.863 -0.841 
11.910 16.256 12.928  6.463  7.591 13.868  4.575  2.159  2.477  2.544 -2.268 
22.772 16.984 17.547 10.509  3.726  4.094 10.577  2.417 -0.311  2.896 -0.407 
11.318 14.033 13.635  6.733 13.056  6.354  5.590  5.486  9.649  2.429 -2.707 
 6.294 13.535  9.788 10.306 10.465  9.795  9.277 11.051  1.325  4.424 -4.609 
14.067 10.638 13.162 10.988  4.773 12.547  5.000  2.981  2.343  1.372  1.352 
16.864 14.258  3.038  9.806  7.296  4.432  4.570  3.587  1.291  0.591 -3.555 
13.822 11.500 14.177 13.403  6.859  6.387  2.714  6.309  0.683  0.168  1.336 
14.621 16.689 12.078  9.215 12.580 10.749  7.030  4.429  2.847  3.547  1.334 
19.775 14.342  8.626  6.592  8.443  2.022  8.989  4.118  0.386 -2.196 -1.285 
14.419 10.865  9.093 12.705 11.753  4.173  2.113  5.993  2.368  1.658 -0.120 
10.456 10.944  7.263 11.376  7.216 11.024  4.986  1.062  2.437  9.275 -2.907 
 8.452  5.851  8.714 11.016 15.149  7.509  7.655  2.897  5.920 -5.304 -1.750 
15.917  5.641 11.611  8.763  5.980 10.772  7.210  6.636  4.194  1.337 -0.502 
15.725 16.630 14.013 10.591  5.534  5.930  7.947  5.806  3.466  4.728  6.362 
10.432 16.721 14.666  7.961  5.175  3.549  6.042  5.139  2.448 -9.007 -3.861 
10.875 21.517 13.930 11.042 13.322  6.133  2.360  7.159  2.573 -0.200 -0.448 
16.776 10.729 13.804  1.632  5.997  6.153  5.908  2.382  6.712  1.152  3.453 
16.041 10.679 10.008  9.089  6.978  4.843 10.323 -0.236  4.505  4.051  1.590 
13.805  9.378 12.306 13.842  4.718 11.567  1.788  2.917 -0.716  5.267  3.009 
12.223 13.273 10.112 11.249  9.272  6.820  4.418 11.099  2.704 -2.256 -1.326 
10.520  9.368 10.632  4.195  4.208  8.353  3.069  5.958  2.332  3.047  1.558 
13.788 10.786 15.012  2.848 12.477  5.303  5.972  3.533  6.365  1.349 -0.718 
12.940  9.586 10.886  5.610 11.274  7.855 16.397  3.289  5.995  0.377 -2.139 
11.544 15.320 14.386 11.071 12.069  7.050 10.138  3.206  2.337 -2.188  2.187 
11.784  9.862 10.729  9.845 12.740  0.948  9.226  8.983  3.997  3.067 -5.296 
15.640 11.981  9.916 11.623 19.192  5.600  8.118  4.875  2.515 -2.299  3.275 
14.218 15.601 12.982  8.693  4.989  7.222  4.591  2.966 -0.066  5.408 -0.865 
15.616 14.332 11.323 14.586  7.807 10.223  3.811  4.926  2.723 -0.141 -0.180 
 7.807  9.064 14.406 11.154  8.833 11.544  5.058  2.904  7.828  0.384  2.322 
16.219 18.508  8.918  9.883  9.569 10.835  6.987  2.136 -0.665 11.292  0.002 
15.000 10.602  8.488  9.349 11.068 10.226  8.908  5.357 -1.443  1.042 -2.919 
11.656 10.433 11.739 11.850  9.126  7.301  4.793 12.103  1.543  0.575  1.810 
18.049 14.306  7.676 11.781  5.604  8.247  6.769 -0.163  6.304  2.719 -0.866 
10.806 14.157  9.807  9.616 12.704  8.943  2.564 -0.739  4.805 -1.639 -0.411 
17.666 10.425 10.441 14.592  7.324  4.959  3.996  5.339  6.709  2.203 -2.003 
17.987 17.313 13.717  8.176  7.731  2.787  2.442  7.473  2.278 -4.532  2.311 
13.731  8.555 16.500 11.924 10.505  8.608  1.246  3.275  5.550 -1.083  5.315 
 9.920 14.800 12.986  6.045  7.588  6.583  7.362  3.272 -0.283  1.217  0.550 
16.619 13.490 11.098 11.676 15.665  4.553  2.148  1.915 -1.142  1.517  0.407 
12.704  7.843  7.890  9.175  7.302  8.034  4.525  6.756  4.568  7.242  1.337 
10.247 14.430 11.290 12.114  8.680  6.794  2.090  2.444  2.880 -0.821  0.236 
12.285 10.275 14.047  5.371  9.273  8.696  5.498  8.632  4.710  0.650 -2.122 
11.611 16.020  7.988  8.786 11.824  4.925  7.657  1.724  9.977  3.382  2.658 
21.929 11.663 15.964  8.845  9.652  8.168 10.745 -0.360  4.026 -0.429 -0.793 
14.403 13.314 13.371  6.362  7.575  7.968  7.006  2.626 -2.331  3.082 -0.886 
15.174 12.311 13.016  7.770 10.622  8.903  2.765  3.082  2.610 -1.033 -4.059 
10.474 10.837 14.531 11.030  2.753 13.560  4.404  4.227  8.787 -0.277  2.945 
18.148 11.703  8.213  8.387  8.982  8.562  2.755 -3.640  1.175  5.926  0.797 
10.782  5.370 11.318 14.448  9.909  4.359  2.946  4.385 10.142 -0.743  5.161 
19.571 11.754 17.368 10.375 16.548 10.682  1.820  6.086  0.672 -1.303  4.056 
13.176 15.307  9.611  9.984  7.149  4.840  4.060  5.567  3.681 -1.779 -1.291 
13.160  9.673 18.596  9.207  9.565  3.502  6.869  0.198  4.061 -1.036 -0.100 
 8.147  7.413  8.881  5.099  5.318  6.842  4.006  5.634  2.656  1.609  0.574 
14.072 13.487  8.444  7.153  7.680  2.047  4.693  7.377  4.916  3.020  2.283 
14.419 12.422 11.345 11.147  9.869 11.275  8.858  0.886  2.289  6.670 -1.529 
15.568 16.001  6.824 15.430  6.536 10.756 -1.351  0.667 -1.089  7.261 -7.970 
12.805 12.072 12.348  7.877 11.571  2.382  1.069  8.851  1.216 -2.394 -1.046 
11.789 16.602  9.237  9.091 12.317  3.379  6.126  4.861  2.657  3.631  2.648 
12.803 16.478  6.526  6.067  5.947  8.532  2.120  7.223  0.897 -1.591 -6.866 
16.764 16.312 13.322 13.101  5.814  1.922  7.401  0.488 -0.651  2.926  1.681 
21.228 13.786 12.781  8.153  3.939  4.708  2.827  1.369  7.237  0.968 -1.577 
17.787 15.747 16.928  8.918 10.632  6.540  7.386  9.737  4.817  5.423 -3.722 
13.289 14.155  9.347  4.983  4.497  7.126  8.286  5.828  0.703 -2.612 -2.039 
12.056 14.443  9.007  8.264  8.266  8.628  6.462  5.496  0.529  4.971  1.672 
11.916 16.662 18.014 11.886  3.429  7.757 12.629  2.816  6.342  3.538 -0.245 
16.361 14.924 20.502  9.178  8.614  7.237  5.126  1.054  5.572 -0.959 -1.601 
14.408 11.237 13.900 12.602  8.488  6.277 -4.526  3.767  7.464 -1.503 -0.675 
17.051  9.501  5.289  7.680  8.320 13.233  0.686  6.390  0.351 -2.585  3.288 
15.649 15.925 12.000 12.747 10.778  3.771  6.623  6.350  6.981 -2.314 -3.611 
14.551 12.844 11.545  9.925 10.339  3.307  5.725  3.524  7.366 -3.370 -1.101 
20.598 13.398  8.626  5.602  4.082  5.679  8.096  5.700  0.467  1.458  1.425 
16.488 13.865 10.376  5.795  4.937 10.567  8.115  4.648  3.474  5.375 -4.983 
22.455 11.351  6.862  6.453  6.732  9.536  6.765  1.064  6.811  1.316 -4.880 
13.735 13.647  9.620  8.163  6.515 14.086  5.411  4.936  3.608  0.274 -0.930 
13.031 14.888  8.121 18.635  6.499  1.692  2.003  2.747 -2.196 -2.410 -2.612 
 9.763 13.858 12.211 11.319  6.081  6.359  7.622  0.034  1.101 -0.968 -0.236 
17.667 11.931 11.642  5.785  6.987  6.739  8.625  4.225  3.639  1.702  4.129 
12.902  9.322 16.358 12.426 10.710 10.115  6.960 -3.262  2.057 -0.114 -0.821 
17.834 11.163 12.587  9.852 11.818  1.846  3.615  5.994  3.216  2.798 -4.137 
15.126 18.370 12.511  8.739 10.597 13.236  5.641  9.454  6.272 -2.893  2.683 
16.784 14.654 14.582  6.190  9.449  4.113 10.025  4.468  6.409  0.678  8.463 
11.065 14.600  8.500  9.972 11.731  9.352  9.371  8.709  6.391 -2.786 -0.672 
 8.384 17.639 11.522 11.173  7.610  5.252  5.777  2.924  3.836  4.449 -1.606 
14.072 14.201 11.138 10.412 11.625  8.556  3.088  3.907  5.259  5.190  0.531 
13.985 10.409 15.190 12.715  8.127  2.450  4.904 10.364  4.662  0.132 -6.160 
 9.112 11.655 13.660  8.443  4.718 11.822  3.700  3.013  0.701  5.007  1.141 
 9.446  9.083 15.181  9.811  5.919  7.928  4.947  7.668 -1.953  0.584 -7.633 
10.069  8.612  3.556  4.806 10.051  6.604  2.500 -0.222  0.746 -0.350  5.328 
13.513 13.287  9.967  9.351  9.115 11.866  6.819  1.903  2.438 -1.639 -1.674 
18.376 15.615 13.689 13.866  7.386  1.813  3.478  0.456  2.989  3.275 -1.664 
15.414 13.016 14.182  5.906  9.580  9.734  5.140  8.769 -1.027 -0.593  0.936 
16.029 10.531 15.322  9.491  7.498  2.330  0.256  2.045  4.557  3.536 -1.959 
14.087 18.461 10.498 10.519  8.727  2.487  3.603  6.220  1.527 -4.036 -1.795 
13.770 14.456  9.714 19.594  4.616  3.953  2.949  1.011  0.659  0.751  1.556 
16.148  5.050 15.833  4.924  9.629 12.398  8.236  5.034 -2.515 -1.303  7.293 
11.533  5.420 12.906 10.926  8.385 12.069  3.938  5.542  7.302  0.840 -1.550 
14.230  5.238 11.493  9.467  9.348  2.955  0.789  5.682  7.202  3.620 -3.988 
11.336  9.710  1.579  5.822  9.163 11.011  8.286  4.435  6.208  0.504  4.474 
13.387  8.199 13.056  6.652 10.194  5.306  5.124 -0.206  3.868 -0.897 -1.781 
12.233 16.330  9.969  5.530  2.488  6.107  4.293  3.662  4.924  1.857  2.136 
15.544  8.562  6.913  9.137  7.396 14.774  5.330  4.694  2.449  5.409 -0.231 
14.262 13.655 11.137 10.755  5.283  6.950  6.649  5.856  5.589  1.741  2.079 
13.660  9.982 14.358 12.284  6.113  5.883  2.925  0.069 -0.780  0.745 -1.898 
16.402 13.762  7.859 11.776  3.321  7.087  6.979  3.294 -1.630  2.804  0.134 
20.249 11.151  7.861 10.249  6.262  3.135  7.375  5.643  0.256 -0.891  1.436 
10.274 11.615  9.082 10.669 12.667  1.138  6.198  5.781  5.029 -1.252  4.741 
15.247 15.188  9.113  8.216 12.217  6.364  4.436  5.081 -1.596  0.229  5.930 
17.648 11.512  6.697 12.568  6.392 13.054  5.927  4.901 -1.590  4.459 -2.975 
18.318 13.981 10.874 13.115 11.805 -3.551  7.722  0.667  0.296  1.914  2.047 
15.782  7.088 14.495  5.861  5.011 12.347  5.167  0.430  3.355  2.783 -0.387 
15.267 10.489  7.370 12.562 11.706  5.745  5.634  5.587  6.457  3.280 -5.049 
14.983 14.340 11.715  2.512 12.341  9.885  2.604  4.784  7.392  3.346 -2.578 
12.322 10.407 10.599  4.019 11.652 11.410  1.108  8.507  8.647  3.664  3.474 
 7.545 13.782 12.229  9.170  7.637  5.098  9.037  6.587 -2.548  5.578 -2.229 
 9.697 13.060 13.334  5.467  9.782 10.874  7.477  0.751  2.792  1.007  6.356 
12.584  9.149 12.221 13.657  9.909  4.764  3.732  8.079  5.323  2.154  1.282 
12.688  8.168 10.209  7.004 10.924  4.409  8.353  6.584  2.327  1.555  1.335 
14.484 12.975 12.832 14.231  9.043  7.435  0.694  9.647  5.876  4.232  0.786 
13.371 17.787 10.939  5.934 12.043  5.152  7.497 -1.579  4.020  6.194  2.019 
17.955  6.072  9.527 12.406  5.986 10.709  5.509  7.558  1.145  1.283 -0.067 
10.243 16.541  9.388  8.272  7.492  9.545  9.987  3.844  3.056  4.112  0.130 
16.022 10.795  7.093  6.702  9.248  3.534  9.032  3.114  3.145  2.854 -4.866 
 7.826  5.687  6.450 14.136  9.376  4.788  6.247  3.575  4.311  0.232 -5.526 
12.889 17.454 15.050  9.148 13.120  5.751  5.777  2.790 -1.351  4.878  0.428 
16.852 15.312 10.041 11.859  4.024  7.465  8.497  6.173  1.907  2.829  3.421 
18.441 21.419 13.758  6.756 11.095  2.333  3.150  1.763  5.031  3.188 -1.168 
15.324 12.567 10.335 10.987  7.963  5.030  3.488  5.444 -0.420  0.180  3.038 
16.724 14.579 10.187 12.010  7.523  8.434  4.318 -1.234  7.158 -1.312  3.411 
13.208 14.848  8.871  9.567 11.302  2.975  6.423  6.999 -1.814  1.743  5.987 
17.871 19.032 12.615 11.798 11.259 13.592 10.685  0.574  4.510  1.756 -2.226 
 6.531 11.862 17.384 14.006 15.355  1.860  2.839  6.826  1.747  5.368  4.900 
16.245 12.118 14.616  7.756 12.149  6.818  5.199  4.149 -1.297  2.756  0.379 
13.389 13.240  4.647  8.651  4.386  5.637  8.233  6.818  3.550  1.227  3.391 
17.246 17.082  6.993  6.077  6.997 14.175  9.955  1.450 -3.784 -3.820 -3.903 
14.521 13.682 11.282 13.622  6.679  9.279  9.777  9.917  0.480  7.213 -1.733 
18.006 10.065 12.313 16.383  7.407  5.667  1.304  6.039 -0.769 -2.865  1.854 
 8.878 10.870 12.518  6.805  8.860  6.199  4.659  1.286  3.245 -4.430 -3.265 
 9.799 11.227 15.015  5.199 11.575  9.315  5.329  7.075  1.277  2.605 -2.977 
12.394  8.636 12.040  6.119  9.850  9.315  9.043 11.445  1.832 -0.064  2.890 
16.231 11.035 17.027 12.091  6.438  8.581  8.533  3.509 -3.461  2.699 -1.353 
 8.901 15.395 13.856 14.093 15.287  5.004  4.787  0.443  4.193 -0.302 -5.253 
15.485 20.689 12.537 10.601  5.258  4.538  3.430  2.463  1.586 -3.164 -3.224 
17.316 13.170 13.943 10.589  9.520  8.715  0.698  7.112  2.148 -0.870 -0.882 
16.442 10.553 15.719  2.583  1.536  6.061  1.190  4.289  2.023 -2.289  0.997 
13.642 19.615  8.574 11.597  0.237 10.703  8.259  3.314  2.413  1.341  0.148 
21.220 14.292  9.554 11.072  1.401  8.546  7.344  2.373  0.560 -1.838 -1.771 
18.816 14.735 14.214  9.226  3.877  8.943  9.462  7.484  2.072 -2.802 -0.353 
13.582 21.459  7.620 11.582  6.180  5.401  6.201  0.716  4.636 -1.124 -0.468 
11.485 11.915 16.784  8.619 11.422 11.098  5.222  3.885  5.237 -3.528 -3.391 
15.463  9.184 12.551  8.675  9.451 11.154  7.344  5.626  4.835  6.500  0.900 
15.254 10.139  8.687  7.867  4.473  6.500  8.707  3.862  4.042 -1.255  0.642 
12.159 15.660  8.848 10.118  9.495  8.053  7.734  3.193 -1.460  3.224  4.424 
17.040 12.744  6.513 10.301  6.813 11.756  5.562  7.008  4.053  3.074 -4.309 
16.384 11.715 10.214  7.080  3.220  3.085  6.131  4.720 -0.240  4.945 -0.101 
13.773  9.270 16.608 10.749 10.198  6.987 12.484  3.382 -2.561  7.701  2.752 
11.646 13.633 13.213 11.134  7.689  2.449 13.363  9.426  2.104  6.850  0.856 
14.875 12.686 17.774 11.922 10.529 15.702  3.956  7.044  5.605  5.917 -2.264 
12.749  8.277 13.262 17.214 13.376  9.053  4.072 -0.146  3.527  1.167  1.909 
16.860 17.786 11.579 13.215  4.461  8.927  2.606  7.129  5.535  4.157  3.351 
17.656 11.598 10.116 10.627 12.979  4.924  5.039  3.090  4.472  3.885 -6.302 
17.092 10.671 16.923  2.349 12.525 19.420  5.838  7.906  3.266 -2.155 -1.610 
14.317 13.575 11.722 11.813  1.124  9.325  8.209  4.658  1.096  5.368 -2.688 
20.626 12.901 15.392 10.231  3.976  1.912  8.466  6.582  4.283 -0.195  3.698 
12.924  8.196  6.708 10.067  9.516 10.159  5.939  6.077  2.769  0.212  1.245 
11.461 19.135  7.335 12.981  6.806  2.169  8.457 -0.566  2.457  2.131 -3.462 
12.285 10.683 10.977 11.652 12.072  8.685  4.311 12.082  1.972 -2.092 -5.287 
 9.131 12.210 11.709  8.319 14.917  6.952  1.371  3.049  1.110  0.740 -2.642 
20.153 13.259 15.532 14.628  4.665  7.979  7.067  6.757  4.680  9.190 -1.417 
15.240 11.551 10.188 10.310 11.671  7.254  9.541  4.256  2.131  1.974 -2.418 
14.054 15.343 12.273 15.693  7.675  6.331  7.512  3.863  6.816  4.496 -2.830 
19.257 15.834  9.118  7.853 14.723  2.544  7.463  1.776 -0.608  0.786 -6.883 
18.346 12.317 10.820  4.374 10.340  7.445  5.829  5.525  2.602  2.288  2.000 
17.336 11.779 15.149  9.576 12.502  8.170  2.629 -0.524  4.571 -3.123  4.341 
11.534 11.241  9.959 12.726  0.406  8.285  2.859  3.439  0.479  6.037  2.076 
12.308 14.847 16.533 10.052  7.386 10.864  9.343  1.452  2.506 -4.646  2.596 
10.181 11.827 10.521  3.796  5.934  6.571  3.559 -1.266  6.961  0.399  2.140 
12.057  8.663 11.436 12.669  5.279  2.248  4.805  8.002 -4.009  0.711 -0.496 
12.758  9.535 12.381 15.715  9.132  6.304  7.671  4.717  6.562 -0.744  0.576 
14.407 13.715 11.657  9.853  8.612  6.706  3.821 -1.605  2.439 -4.327  0.228 
11.373 11.741  9.149 11.273  6.954 10.379  7.251  3.132  2.002  1.655 -2.952 
10.890  7.829  6.889  5.859 11.573 13.659  5.685  4.331  6.089 -0.400  1.963 
12.084 20.419 11.925 11.078 14.999 10.673 -0.394  2.703  3.951 -6.866 -2.368 
16.748 16.791  9.367  9.205  9.509  6.822 10.266  7.331 -1.791  5.536 -5.846 
13.848 16.485 18.786  8.202 11.736  6.128  4.714 -0.142 -0.177  5.529 -3.027 
15.393  9.966 11.269  9.353 16.724  6.187  6.014  4.544  1.077 -2.365 -0.348 
18.651 16.036 15.697  7.478  3.017 12.378  4.220  2.735  5.507  0.220 -1.633 
12.135 15.642 14.105  6.361 11.734  5.253 12.150  9.262  7.094  1.178 -2.145 
10.775  9.286 11.056  4.714 10.714  7.764  4.335  0.388  3.562  0.855  3.806 
10.806 13.170 18.712  8.639 12.371  2.648  2.809  1.436  5.435  6.165 -1.694 
16.205  7.462 12.492  7.881  9.719  6.950  7.869  2.034 -4.178  4.844  3.952 
15.157 13.273 10.622  8.545  6.396 12.645  7.825  3.746 -4.530 -1.573  2.132 
16.020 16.767 17.020  8.446  6.631  8.906  3.731  3.674  4.618  2.973  0.860 
 8.617 15.705 11.638 13.581  9.486  8.035  8.479 -2.347  4.889  5.134  6.211 
19.799  6.559  9.321  6.783  3.367  2.910  4.337  0.583  1.325  5.922  0.065 
14.173 18.348 12.670 13.051  6.966  5.577  6.961  5.548 -4.896  2.340 -1.943 
19.100 20.685 13.773  0.569  7.487  1.808  8.847  3.814  3.894  3.035  4.157 
14.974 18.009 13.186  8.204 12.397  8.985  7.043  2.000  5.410 -0.601  4.280 
20.911 13.431 11.341  8.298  5.763 13.077  5.924 -1.390 -4.032  6.512 -5.493 
11.734 15.091  8.339  1.775  6.823  6.938  0.783  1.811 -0.927 -0.640 -3.747 
14.381 15.699 10.613  7.526  7.713 11.444  6.020  4.774  5.934  4.310 -3.932 
13.487 10.193  6.187  5.886 11.022  9.736  4.198  3.333  2.294 -0.834  0.538 
17.729 12.288 15.158  8.763  9.942  7.180  6.674  3.044  6.444  2.418  0.726 
13.482 16.153 13.778 10.632  9.682  3.219  1.646  6.150  9.758  2.827 -2.866 
 9.859 11.948 12.702 14.567  5.457  9.568 13.695  3.097  2.324  0.351  5.323 
16.668 15.564  7.773  5.709 12.006  9.837  1.105  1.172  7.179  3.188  3.927 
13.558 14.936 13.923 11.004  8.808 12.997  3.529  3.470  4.272  1.908  0.731 
13.441 10.140 16.433 11.362  6.182  5.557  2.722 -0.470 -0.840  0.692  0.069 
18.927 16.542  7.244  9.288  8.483  6.739  4.279  6.293 -1.328  5.107 -0.728 
16.973 13.177 12.321 10.138  6.985  3.838  2.259  7.773  0.921  0.813  1.926 
12.839 14.596 11.912 12.106  3.981  7.346  7.167 -0.600  8.756  1.770 -1.455 
10.987 12.291 13.726 10.146  8.911  8.600 11.732 10.249 -0.506 -0.276  2.521 
11.342  9.514 11.354 13.642  7.248 14.600  1.453  5.436 -2.124  2.935 -4.197 
13.850 12.467  6.177  9.408  9.596  2.223  7.897  3.600  4.672  2.057 -3.604 
12.767 11.686 12.164 11.089  8.763  7.043  4.775  0.632  4.521 -0.876 -5.794 
13.714 14.544 13.298 12.305  5.896 13.691  8.280 -1.481 -0.151  3.205 -5.711 
18.486 16.205 14.124  8.926 10.397 12.679 11.144  5.335 -2.528  4.701  2.555 
16.863 10.817 11.947 12.216  9.023  5.751 10.161  7.077  3.150 -1.166  0.985 
12.719 10.205 11.672 12.059  9.924  5.652  9.498  0.041  1.356  1.557 -9.145 
12.581 12.226 12.062 16.994 12.613  6.644  4.979  1.687  5.154  4.369  3.214 
13.537 21.070 11.885  6.893  9.108  3.193  5.733  3.678  0.775  2.372  1.413 
11.994 11.213 10.702 12.211  4.348  5.756  5.762  1.160 10.019  0.081 -5.376 
15.117  9.882  9.536 13.483  9.137  6.218  6.351  7.068  2.236  9.781 -1.146 
21.272 12.888 12.052 11.977  9.168  5.627  1.846 -1.623  6.634 -2.784  1.657 
19.905 18.327 15.128  3.422  6.744 12.228  3.069  2.217  6.423  2.015 -2.631 
14.491 12.576  4.520  9.376  9.274 10.740  4.089  3.124 -4.683 -1.755  0.711 
13.164 12.008 11.677 13.005 12.140  2.643  7.061 -1.680  1.478 -3.111  0.285 
17.296  8.611  9.291  9.801 10.902  4.783  4.101 -2.569 -2.411  4.323 -2.616 
12.015 14.313  7.819  8.056 10.883  9.306  6.709  2.654  0.546 -4.112  1.284 
17.780 12.948 17.459 13.211  5.525  4.861  7.958  1.380  2.243 -2.219 -3.535 
17.816 15.765 17.656  9.617 12.195 13.014  4.827  7.501  2.741 -2.657 -4.908 
13.735 12.075 12.087 10.882 12.103 11.282  1.506  0.573 10.523  1.252  2.605 
11.440 12.540 10.964  6.942  4.385  2.455  2.761  0.448  2.908  2.707  5.389 
10.430 12.553  7.878 13.414  9.172 10.724  3.788  3.435  6.891  0.988  3.877 
19.325 14.907 11.884  7.041  8.940  8.489  3.415  0.372  3.380 -0.453  2.023 
18.789 13.481 14.276  9.738  9.191 10.948  1.795  9.332  0.707 10.663 -3.694 
14.170 11.837 10.805  9.567  7.011  7.886  3.803  7.310 -0.887 -1.996 -2.703 
11.206 13.467  6.899 15.769  5.838  0.280  8.697  4.052  7.722  0.483  4.597 
16.834 13.438 17.437  7.295 14.073  9.080  6.760  1.145  4.943  1.793 -3.615 
16.054 13.090 12.534  8.799  7.776  7.639  8.871  1.540  2.486  3.451 -6.521 
17.171 14.732 12.099 14.440  9.209 -2.648  3.813  3.254  5.074 -1.400  2.244 
16.575 11.925 14.484 10.577 12.567  6.328  1.662  5.744  1.541  0.737 -0.331 
18.203  4.351 12.232 10.040  3.683 11.677  5.156  0.310  4.116  2.483  1.909 
12.213  9.662 10.715 10.778  6.662 10.204 11.567  1.795  1.375 -1.646  1.040 
14.277 14.134  7.966 14.778  8.436  9.693 10.955 13.589  3.783  0.947 -1.266 
16.246 15.460 15.385 12.204  6.257  9.101  4.602  4.551 -0.273 -4.348  0.443 
13.943  4.724 10.019 12.841 16.011 10.823  5.723  2.480  3.249 -0.447  3.948 
13.384 10.857 10.623 10.308  8.155  5.100  5.038  4.174  8.791  6.759  2.806 
12.362 16.796 14.694  6.072 15.236  6.046  6.896  2.911  2.020  1.144 -5.087 
15.849 13.420 12.593 10.324  9.431  2.896  6.001  7.010  4.809 -1.518 -0.625 
12.917 11.576  5.833 14.213  4.593  3.695  6.315  8.592 -2.114  9.626 -1.326 
13.455 11.275  8.911 10.823  8.185  6.855  8.076  6.563  0.387  1.312  0.229 
16.056 11.475  8.682  7.452 12.479 11.181  0.539 -2.187  4.856 -5.428 -2.632 
15.517  9.729 12.712 14.585 11.031  4.328  5.753  2.860  9.401  4.362  1.853 
11.199 15.623  7.921 12.766  4.617 10.582  7.126  5.142  2.870 -3.853 -6.516 
13.600 13.475 10.141  9.985  5.794  6.264 10.302 -0.132  4.691  1.238 -3.478 
13.453 15.600 12.776 10.373  4.936  2.126  2.648  3.690  1.223 -1.743 -0.013 
13.041 16.520  5.193 13.276 12.564  7.575  1.643  0.132  1.584  4.263  0.693 
 9.915 14.031 17.637 11.362  9.669  7.347  5.719  5.506  0.572  0.525 -3.229 
14.965 17.795 11.189 12.533 10.640  9.639 10.099  2.833  5.226  4.050  0.461 
11.886 15.380  9.793 10.642  7.583  7.435  2.022  3.547  1.012 -1.720 -4.133 
14.705 12.270 10.517 15.382 10.968  2.003  1.715  8.575  1.313 -1.510 -2.023 
13.506 11.063 12.971 11.861  5.984  0.996  4.170  1.219  1.254 -3.964 -0.732 
13.900 16.236  4.192 10.257 10.440  3.719  5.241 -0.849  5.511 -3.542  3.693 
16.935  8.720 10.570  3.067 11.747  7.985  5.702  4.780  3.238  4.463 -3.922 
13.299 13.119 12.904  8.915 12.828  9.123  9.693  9.979  2.780  1.847  4.792 
15.413 12.586 11.796  8.926  5.338  6.424  4.930  3.030  6.576  3.905  0.337 
23.150 15.189  8.723  9.096  8.167  8.796  9.500  6.663 -0.873 -0.145  3.035 
15.876 11.373 12.482  9.548 12.687 10.143  4.678  3.448 -0.331  6.932 -1.240 
14.759 15.956 12.324  7.299  4.890  1.451  3.090  6.293  5.836  7.161  4.516 
17.998 14.524 10.999 12.457 13.567 12.296 -1.638  0.015  3.860 -0.281  1.386 
14.121 19.614  7.003  7.307  6.014  6.370  5.311  2.923  6.745  1.594  1.824 
18.053 11.205 13.267 12.693  6.455 10.603  4.305  5.354  6.413  5.493  0.295 
17.059  9.880 13.540  6.419 13.825  6.770  5.317  1.537  4.094 -0.590  0.280 
12.658  8.217 14.668 11.959  8.608  9.516  2.297 -1.368  4.052 -0.434  2.850 
17.373 10.873  7.905 12.162  3.154  5.052  6.999 10.254  2.211  0.136  4.958 
15.314 19.233  9.262  6.815  8.488  9.231  9.956  6.244  2.629  1.758  0.864 
10.763 11.094 11.324 13.330  6.753  7.450  7.299  1.927  4.572  4.089  4.564 
19.184 13.145 17.174 17.067 10.517  1.558  4.521  5.884 -0.880  0.848 -0.387 
10.994 10.046 11.085  7.826  4.444  4.528  5.554  7.656  3.675 -6.422 -5.483 
14.586 13.776  9.774  9.182  3.583  7.084  6.037  5.662 -0.530  1.238 -1.280 
18.111 11.363  6.570  8.796  5.539  8.963  6.918 13.130  4.737  4.938 -1.940 
13.087 21.666 10.008 13.308  2.142  7.505  7.288  4.728  4.916 -5.416  0.584 
11.162 17.154 11.635 12.504  4.862  3.312  0.010  2.660  0.215  1.191  5.362 
11.353 13.172 15.075 12.293  7.692  8.645  7.075  5.543  7.418 -2.637  2.290 
15.617 15.190 17.074  8.248  7.697  6.221 12.334  4.990  4.462  0.746 -4.890 
14.308 15.740  5.001  8.929  7.333  7.055  4.036  4.863  4.685 -1.957 -2.718 
19.931 22.257 14.504 11.129 10.245  5.546  1.900  5.575  2.317  3.554 -0.656 
20.960 11.452  8.279  6.816  7.034  8.929  2.801  1.659  3.233 -1.011  1.797 
10.259  8.512 13.421  9.412  3.771  6.565  6.478  6.681 -0.757 -0.076  0.153 
 8.873 13.092 12.953  9.169  2.583 -1.777 10.750 11.654  1.012 -6.085  0.082 
15.241 13.332 13.569 10.669  4.841  5.996  3.471  6.000  5.461  2.915 -5.195 
13.922 14.711 14.079 14.121  9.911  8.293  1.689  6.389  9.992 -1.369 -2.226 
16.662 14.631  9.831 13.884 10.691  8.573  6.159  1.236  3.306  2.897  4.358 
 9.644  9.494 11.548  8.957 15.144  1.059  2.900  5.826 -0.276  5.141  1.828 
 8.803 12.821  7.653 13.559 13.885 10.870  5.747 13.350 -0.317  0.324 -2.556 
14.892 10.902  9.721 10.265  5.770 10.404  8.289  8.118 -3.954 -1.839 -5.283 
13.295  9.403  9.792 15.648  9.473  4.786  1.118  2.945  1.644 -0.209 -0.554 
14.433 14.599 10.254  9.492  7.533 11.767 -0.051  3.516  2.008 -0.939 -0.774 
 9.999 11.635 12.648  9.369  8.829  7.618  6.794  2.771 -5.949  1.582  5.963 
15.190 14.729 13.855  8.613 10.700  6.905  9.674  0.190  6.017  0.863 -4.815 
16.433 12.336  7.992  8.319  7.309  2.032  8.395  8.005  5.018 -2.847 -1.676 
12.774 17.231 11.039  6.563  8.542  6.213 11.132  2.764  7.629 -2.354  1.866 
15.581 11.090  9.251  9.296  6.485  8.398  4.429  7.571  2.254 -2.635  3.346 
11.454  7.560 13.143 12.548  7.702  2.687  5.173  3.091  4.158  6.096 -4.475 
10.589 11.559 17.353  8.794  4.792 10.841  3.026  4.934  1.947 -0.668  1.220 
 9.365  8.315 13.511  6.732 12.168  8.696  7.587 -0.078  3.033  2.761 -1.034 
 7.545 15.307 13.249 13.098  8.264  7.792  6.846  4.275  3.460 -2.023  2.376 
11.887 12.732 12.431 10.971  7.142  3.705  3.297  5.207 -0.504  2.199 -0.791 
12.648 10.317 10.007 11.175  6.082  7.216  5.942  3.833  1.005  3.509  3.127 
16.332 11.429 12.907  8.517 12.277  5.274  3.546  4.810  5.201 -1.359 -6.128 
11.897 14.635  5.631  7.851 10.020  1.712  2.668  2.443  6.623  1.353  3.126 
 9.102  8.553 16.374  6.936  7.349  3.391  7.447  4.365  5.626 -3.074  2.214 
 9.671 12.426 10.560  9.110  8.956  5.144  8.370  8.155  4.753 -3.554  1.199 
15.129 15.746  8.050 11.251  7.618  4.716  3.516  3.690 -1.693  1.170 -3.326 
 8.651 17.021 12.443  9.953 14.683  6.144  7.890  7.746 -0.869  1.549 -1.855 
16.085 11.743  6.531  7.207  7.868 14.072  4.776  0.764  6.309 -6.563  0.811 
 9.185 10.377 17.497 10.567  7.031  8.341  8.669  2.255  6.311  4.882  4.878 
20.308 11.948  8.867 12.704 10.103  1.647  1.654  5.777  3.678  7.929 -0.093 
12.707 11.252  9.185 11.211  3.776 11.504  7.744  5.051  1.747  1.557 -2.892 
11.450 14.753  9.721 10.076  6.904  8.706  2.508  0.894  1.154 -2.313  0.133 
 9.970  8.641  9.921  6.855 11.808  7.423 10.100 10.519  3.518 -3.832 -3.180 
13.910 18.779 10.010  6.975  6.736  8.379  3.614  2.758  6.314 -1.899 -2.054 
18.131 11.394 10.463  8.438 12.294  7.550  9.857  1.365  2.206  0.358 -1.394 
18.246 21.181 11.455 13.461  9.676  7.788  4.958  1.793  4.162  3.178 -4.222 
13.665 17.092 12.951 10.807 11.695  4.763  4.208  1.716 -0.597 -0.655 -2.400 
15.031 18.554  5.693 11.059  7.315  3.187  8.412  3.033  2.796 -1.352 -0.763 
18.400 19.130 12.802 12.011  4.874  5.319 12.959  7.534  5.464  6.595 -0.662 
16.587 11.808  8.704  9.571 12.262  5.841 10.026  5.283  7.733  1.880  2.865 
12.025 13.564 13.675 10.942 12.453  7.179  9.518  3.826  3.283  3.379  2.235 
11.253 14.014  9.602  9.522 11.003  8.836  4.139  9.860  2.330 -4.615  3.321 
13.093 19.292 16.868  9.879 12.288 11.249 13.893  0.075 -3.263  6.640  1.942 
13.164 11.572 11.593 12.331  3.624  3.660  1.178  3.464  4.828  0.279 -0.941 
16.159 17.284 10.956  3.210  7.358  6.001 -1.747  3.827  2.898 -2.238  1.534 
 9.761 10.634  8.993  7.721  6.442  4.581  5.196  3.824  1.368  6.416  2.307 
15.537 14.152  9.296 12.357  8.460 15.001  5.414  6.484  1.342  1.638 -1.053 
16.012 13.318 14.684  8.379 12.558  4.819  4.920 10.000 -1.547  4.233 -3.409 
15.730  7.466 11.568  8.549 10.271  5.310  7.331  7.719  4.916 -3.344 -2.180 
12.970 15.090 13.363  4.182 10.926  2.450  5.190  0.573  2.821 -4.742 -2.557 
16.991 15.570  8.391  7.447  8.971  2.608  5.977  6.557  6.236  1.626 -4.203 
11.425 16.841 11.417 11.280  7.545  9.113  3.807  3.591  6.152  7.513 -3.538 
16.779 12.426  8.487  8.629 14.123  6.468  2.532  8.958  1.641  4.950  2.093 
15.666 13.208 10.407 11.607 12.248  4.468  6.150  0.036  2.850  5.415  1.216 
12.261 12.996 11.050 12.538  7.479  7.688  3.196  6.965  5.292  3.788  5.201 
13.879 17.765 13.150 11.702  9.893  8.996  8.396  1.944  6.739  3.950  2.309 
23.160 16.998  6.577  8.010  7.256 10.134  9.326  5.160  6.991  2.856  3.336 
19.262  8.782  8.548  9.557 12.848  4.518  2.488  3.190  0.139  4.779  0.367 
13.628 15.332 11.883  8.634 10.546  6.417  5.672 -4.671 -2.089  7.254  0.876 
15.030 11.018  8.701 15.469  6.820  6.977  9.561  0.215  0.708  2.894 -0.127 
10.900 13.479  8.170 12.346 14.609  3.235  0.438  2.523  0.888 -0.544  1.486 
18.692 16.707  7.849  9.447  3.963  9.836  1.731  4.731  5.536  3.196  3.525 
13.718 11.998  7.748  8.649  5.944  3.179  6.978  4.313 -0.561  1.388 -3.250 
11.772 12.105 11.277 10.430  5.100  5.712  9.214  6.728  1.682 -0.047  3.868 
15.313 15.538  7.706  7.395  3.109  8.759 13.620  3.478  4.915  1.589 -2.849 
14.733 22.309  3.204 12.830  4.712  5.709  5.241  5.556 -2.162  2.565 -1.202 
13.534 15.226  8.426  8.372  0.079  6.273  9.599  3.112 -1.285  0.233  2.052 
12.776 11.682 11.278 11.111  4.554  5.529  4.493  6.468  4.307  1.494  1.453 
13.303 11.095  5.271  7.125  9.650  4.098  9.565  2.717  5.032  2.384  4.811 
13.740 14.651 14.242 13.889 11.857  6.785  1.949  3.891  4.872 -4.029 -1.368 
18.859 12.933 13.157 14.439  7.041 12.581  0.259 -1.810  8.102 -3.043 -3.892 
14.539 11.402 12.059 10.294  9.368  5.873  1.842 -1.939  3.995  0.687  0.600 
20.708 14.553  5.020 10.389  8.204  6.057  5.690  6.231 -0.334  4.357 -4.055 
15.234 11.176 10.790  6.927  8.151  2.021  8.225  0.562  1.428 -2.468  4.020 
11.248 16.648 19.110  4.574 10.650  2.937  5.649  6.582  6.610 -2.327 -0.459 
 9.671 12.312 11.631 10.001  8.123  6.466  5.435  5.615  0.590  2.005  3.619 
10.576 18.927 11.496  7.039 12.704  6.964  7.269  4.860  4.459  1.678  1.081 
16.881 10.319  8.572  4.515 10.584  7.939 15.062  5.286  4.332  5.600  2.353 
11.734 14.491 14.187  5.413 10.388  7.897  5.357  2.617  2.151  7.236  0.752 
20.367 13.395  9.508 12.935 13.106  2.656  9.239 14.814  1.399  8.860  1.713 
13.466 10.030 11.634  3.167  6.586  5.367  8.010  2.836  2.872  3.548 -2.187 
15.217 10.092 13.593  5.962  5.106  6.629  3.313  5.179 -1.675 -5.368 -1.151 
10.320  9.249 10.751  7.790 12.378  4.127  3.914  1.280  1.505  1.046 -2.651 
15.386 14.573 13.789  8.374 10.102  6.484  7.314  7.138  4.280 -5.616  2.165 
12.361 16.752 13.697 12.179  2.754  5.055  6.908  4.705  3.346 -1.339  1.060 
14.330 18.679 13.352 13.719 10.470 13.122 11.263  4.325  3.955  2.285  3.554 
18.174 19.214  5.414 -2.831 10.813  9.168  0.887  3.419  6.578  1.720 -2.251 
 9.209 16.348  9.825 10.854  4.799  3.966  4.870  9.155  6.431  1.705 -0.784 
10.404 10.820  9.201 11.924 12.587  8.675  3.517  3.625  2.691  3.435 -3.348 
11.795 10.201 16.119  8.946  3.487  3.032  5.873  3.743  2.676  3.311  1.615 
17.193  7.580 13.181  5.481  8.355  7.798  7.206  7.420 -1.539  0.306 -0.751 
11.498 13.840 11.743 10.075  9.438  4.367  6.094  5.936  3.212 -0.846 -0.837 
12.596 10.247  6.125 16.001  8.793  3.624  8.994  5.165  3.209 -1.232  1.405 
17.829 15.340 13.042 11.679  9.680  3.552  1.434 -1.300  0.176  4.428 -3.855 
16.743 13.285 12.570 12.243  2.612  7.970  9.000  8.975 -0.841  2.725 -1.181 
17.680  8.175 10.650  9.753 10.550  5.050  9.655  2.426  0.063 -0.307  3.109 
15.093 12.087  8.351 16.463  8.297  5.596  0.169  2.547  9.210  2.492  2.966 
16.183 12.299  8.100 11.369  2.305 12.445  2.102  1.433 -5.326  8.292 -2.040 
 7.999  4.475 10.792  7.826  9.065  7.999  2.069  4.861  8.526 -5.567 -6.286 
 8.455  9.711 12.088  9.915  4.624 -0.099  8.186  3.695 -0.002 -3.529  2.101 
 6.034 12.578  9.915  9.467 12.238 14.101 -0.388  1.744  5.694  1.511 -1.981 
11.833 11.754 14.716 13.942  2.983 11.704  4.656  3.081  4.662  1.581  0.053 
18.699 14.889 11.581  6.713  3.454  4.575  2.096  8.097 -0.331  2.032  0.663 
12.655 16.007 10.722 10.894  6.581  9.682  7.031  5.941  2.715  0.719  0.400 
12.705 10.108  8.089  7.985 12.267  8.102 10.748  4.386 -1.830 -0.759 -6.269 
14.643 10.713 10.255 12.511  7.189  7.331  9.725  4.904  1.633  3.565 -0.733 
13.979 14.583 13.911 13.262 11.042 10.085  5.525 14.206  2.561  5.605  2.852 
15.413 10.973 12.533  8.091  8.811  2.585  6.032  2.661  2.522 -6.897 -1.708 
 8.936 18.460  9.479 12.207  8.743  5.799  8.067 -2.329 -1.442  0.737 -8.607 
15.441 12.978 10.958  8.882  9.782 10.548  3.485  8.751 -1.043  4.851 -0.084 
16.291 10.965 15.119  4.858 13.993 10.074  5.683  6.768  2.763  3.927  4.118 
10.721 13.130 13.844 11.363  6.448  6.124  6.667  2.503 10.711  1.556  2.651 
14.578 13.439 11.803  3.835 11.890  6.807  1.268  5.945  3.754  0.383  8.699 
12.000  9.322 13.882  5.291  8.067  1.102  5.802  8.865 -1.347  0.094 -2.648 
17.023 15.516 11.729  8.662  6.774  4.494  0.178 -2.113 -2.001  0.489 -1.545 
12.712 18.190 15.010  8.630  5.301  7.036  2.873  5.745 -1.163  5.629  1.626 
12.232  8.961  9.336  8.799  7.424  6.078  7.845  4.530  4.026  4.852 -2.547 
11.934  9.997 13.741 11.386  2.693 11.292  2.087  2.354  3.848  6.407  1.453 
18.263 11.498  8.277  6.511 10.562  5.179  0.780  6.976  2.528  4.029  1.927 
17.999 13.754  8.860 14.174 15.473  9.370  3.203  4.024  4.313  7.219  1.690 
15.565  9.310  9.536  7.452  7.493 10.087  3.583  5.759  6.116 -3.087 -2.346 
 8.324 11.283 11.010  8.648  8.359  6.722  9.759  7.804  7.134  2.739 -2.830 
15.303 13.617 11.063 12.699  6.285 10.547  9.839  0.379  0.311 -2.603  0.578 
14.441  9.937  9.773  7.760  9.399 11.732 16.110  2.206  7.340 -6.889 -0.263 
15.692 15.699  8.799  5.247  9.913  5.654  8.669  8.868  4.707  2.683  6.263 
15.256 10.845  4.026  9.332  8.080  6.743  9.681  5.638  2.888  1.045  0.869 
16.566  7.827  2.064 11.432  4.567 14.528 10.428  8.177  2.963 -0.547  3.010 
15.700 13.789 14.331 12.651  8.115  7.026  7.960  6.378  6.976  7.517 -0.643 
10.666 17.750  9.883 11.672  9.077  7.069  8.347  8.924  2.631  4.319 -1.491 
12.863 11.391 12.792  0.843 11.744  9.309  0.355 -0.868  4.978 -2.669 -3.536 
13.294 19.021 12.585 14.500  5.894  8.962  4.059  2.551  0.474  1.577  1.532 
13.184 12.462 11.071  6.152  6.980  1.683  6.022  2.005 -0.601  2.470 -3.006 
12.724 15.699 10.165  4.482  5.068  6.353  6.628  7.243  5.584  6.567 -5.316 
14.933 16.942  8.447 12.661  5.885  0.828  5.963  4.231  8.081 -0.580 -2.788 
12.397 14.448 12.641  9.225 15.380 11.856  9.291  7.095  1.042  5.095 -1.649 
14.368 17.042 15.126  7.628  6.130  7.980  8.800  3.162  6.900  1.698 -3.149 
14.727 14.227 11.395  5.393  6.553  5.556  9.528 10.655 -1.144 -1.104 -3.513 
13.056 10.848 12.326 13.529 10.422  6.545 11.369  5.209  1.927 -0.052  4.932 
14.785 12.816 11.143 14.948 16.568  5.531 10.273  2.698  4.563 -1.493 -5.389 
 8.891 13.547  6.160 10.701 10.898  5.257  7.530  3.722  5.089 -0.291 -2.020 
11.042  9.206 13.798  8.293 10.560  5.939  7.395  3.966 -2.810  2.700  6.241 
11.604 11.862 13.559  7.884 11.082  5.771 10.724  0.580  3.024  0.960 -1.450 
17.725 11.994 14.667 12.906  8.403  7.663  6.765  8.977 -2.965  2.249  3.163 
15.548 11.809  7.271 14.147  7.606  5.174  3.467  4.417  0.497  7.006  4.709 
13.390 14.923 12.104 10.532  0.290  6.171 15.109  5.308  6.903  6.029  0.227 
 9.560 10.686 10.159  5.413  4.067 10.465 12.732  3.551  4.778  2.135  7.976 
14.755 14.679  6.867  9.302  6.581  4.461 12.416  5.046  2.286  1.548  0.280 
15.257 13.644  9.328  9.317  4.530  8.148  5.596  1.642  6.839  4.031 -0.416 
11.110 15.914 11.457 16.187  9.472  5.710 10.391  9.800  0.914  1.417  2.242 
16.745  7.387 15.302  9.884 10.966  3.673  8.446  1.562  5.286 -1.429 -2.070 
19.073 16.596 13.600 11.276  9.419  7.595  2.833 10.314  2.762  3.299 -2.573 
 8.685  8.653 13.655 10.045  9.214  1.682  3.579  1.424  0.902  1.363 -2.258 
17.687 13.413 14.480 10.177  4.585 11.097  0.993  9.401  1.249  3.505 -7.764 
 8.290 13.555  7.556  7.049  7.664  1.492  4.532  5.353  4.903 -2.958  1.532 
 8.984 12.837 15.914 12.409  9.766  5.662  3.488  1.309 -0.129  2.727 -1.005 
16.432 11.011  7.798 10.683  6.062  9.268  6.639  4.870  0.683  0.947  1.116 
12.259 12.170 10.125  8.689  5.135 12.122  7.770  3.603  2.046  0.453 -1.319 
14.522 12.439 11.906 11.288 11.811  7.114  6.189  9.405  5.625 -2.931 -1.910 
15.278 13.630 10.071  3.636  6.972 12.035  0.228  6.582  0.470  4.108 -3.042 
14.115  7.281 16.118 11.590  7.230  7.027  6.749  4.290  1.237  1.999 -4.062 
17.848 15.335 13.970  6.224  8.489  7.561  3.727  4.424  8.299  2.602  2.542 
17.122  9.598  7.849 13.297  3.721  9.753 10.635  5.224  1.423  2.799  1.306 
 7.202 16.377 13.645 11.537  8.746  6.688 12.525 -0.445  1.891 -0.211 -0.338 
15.418 15.147 14.373 11.283  9.028  7.183  7.931  6.110  7.020 -1.411  4.454 
11.948 14.119 10.137  6.727  5.812  6.888  4.412  7.941  6.951  6.948  6.848 
 9.280 10.132 13.945  8.949 13.453  4.440  7.835 -0.456  5.174  1.290  2.213 
11.710 11.636 11.405 14.388  8.499  5.566  8.524  8.533  2.485  5.744 -5.204 
16.132 12.352 17.578  8.258  4.782  3.495  8.288  3.934  0.611  1.038 -5.674 
11.657 10.067  9.960 11.869  6.845  9.278  5.811  5.192  8.441  4.730 -2.657 
15.417 15.307  8.652  4.732 11.944  4.981  7.601  0.806  3.602  2.133  0.745 
20.299 13.761 12.505  5.332 11.568 11.473 10.003 -3.728 -0.056  0.021 -1.702 
14.140 14.292  9.374  9.432 17.158  9.492  8.315  5.146  8.175  7.294 -1.173 
 9.219 10.850  6.274 10.973 11.102  5.862  3.174  3.952 10.609 -2.302 -0.580 
12.602 11.701 10.050 12.023  6.377  7.136 13.293  7.753  0.850  2.809  4.537 
12.872 11.339 12.752 15.213  6.645  6.902  2.079  9.786  2.274 -1.465 -5.109 
18.150 13.106 10.758  7.516 14.927  8.337  5.869 -0.755  0.046 -2.313 -2.560 
14.343 13.668 14.144  5.643  8.823 10.111  6.612  5.109  1.215 -2.057 -1.420 
16.054 10.982 11.541 12.980  6.698  7.791  6.465 -0.862  1.247  0.245  2.534 
 6.131 13.509  7.795  7.771  9.304  6.256 12.600  6.501  4.467  0.365 -3.144 
13.617  8.049  9.321  5.153  9.657  7.938  2.019 -1.663  2.562  2.050  0.813 
24.015 13.473 14.764  8.890 10.827  3.805  8.219  6.775  6.193  1.421 -3.532 
12.995  9.640 17.720 12.600  2.794  9.544 13.179  3.312  1.480  1.871 -0.252 
11.355 17.410 13.645 11.736  9.744 11.728  3.758  6.688  8.953  0.956 -2.192 
11.476 16.508 11.919  4.939  9.418  0.132  3.200  6.152  1.468  8.448 -2.669 
15.910 12.132  7.835 11.868 11.549 12.062  0.860  5.816  2.898  0.806  5.047 
13.346 15.306  9.706 14.519 10.110  7.895  5.451  6.807  2.123 -3.263 -8.709 
12.040 14.321 18.678  7.783 12.475  5.336  6.106  2.992  0.287 -3.904 -0.174 
14.803 15.072 10.728 11.584  2.970  8.156  1.858  4.022  3.867 -0.568 -5.090 
14.113 14.112 16.254 12.073  8.314 12.332  1.023  8.138  5.498  2.064 -0.833 
 9.931 13.553  6.562  9.941  5.689 11.132 12.123  4.825  1.404  0.098  0.542 
 7.809 12.923 15.294 13.048  5.326  5.314  6.918  2.520  2.113  4.688 -0.982 
11.972 15.565 14.705  8.618  7.793  6.914 10.958  2.759 -3.834  2.173  0.669 
14.781 15.033  7.402 10.797 10.364  6.763  5.340  2.829  3.359  0.877 -2.457 
16.898  9.434  6.099  8.351 11.895  4.704  4.406  7.612  2.302  1.998  2.933 
17.799 12.877 13.452 10.989  9.339  2.465  2.941  4.172  1.654  4.954 -3.419 
13.359 12.452 14.005 11.772  8.488  5.364  4.158  4.477  5.099  0.757 -1.132 
15.268  9.459 16.071 10.232  9.239  8.977  5.543  4.704 -1.224 -0.532 -0.857 
15.938 11.276  7.613 10.848  5.740  9.351  0.050  0.896 -2.964 -0.035  1.703 
16.503 10.541  9.106  8.456 12.446  8.482  6.035  2.877  4.068  2.865  0.594 
11.388 16.188  9.607  9.424  5.429  5.045 10.304  2.315  4.231 -1.167 -2.663 
12.184 11.419 14.914 12.752  7.489  6.701 10.008  9.193  5.004 -3.273 -1.027 
11.316 17.386 13.554 16.377  6.354 10.992  8.766 -0.963 -0.493  1.306 -3.372 
14.702 11.035 10.733 10.110  8.195  4.713  3.095  4.295 -0.308  1.557  3.093 
10.080  9.605  9.624  9.141 11.292  2.935  8.087  3.923  1.116  1.613 -8.269 
15.169  9.558 11.157 12.195  8.744 10.137  4.196 -0.997 -2.780  6.077 -0.194 
14.939 14.790  6.896  7.772  9.515  5.656  2.346  5.587  0.519  2.194 -1.492 
 8.680 13.021 12.296  7.601 10.565  7.015  2.088  4.579  0.495 -3.708 -3.582 
17.269 13.350  7.218  3.118  9.342  6.930  7.171  3.076  2.541  2.366 -3.365 
15.132 13.208  7.565  9.468  4.789  3.574  5.299  2.797  0.532 -2.339 -0.388 
13.479 14.153  8.863  2.260  6.545  3.933  5.439  3.476  1.399 -4.736 -0.196 
10.942 14.139 11.162  8.956  2.802  9.513 10.038  6.465  3.322  0.702  1.005 
11.753  6.620 10.874  7.741 10.187 11.537  6.282  6.880  2.294  3.968 -2.682 
17.502  9.756 15.173  4.859 11.179  3.057  5.540  7.793  4.820  2.004 -3.788 
10.990 14.511 12.846  4.630  5.367  4.708  5.392  7.651  5.713  2.717 -1.562 
14.252 12.159 12.937 18.020  6.914  7.490  8.026  0.059  2.666  2.363 -3.200 
 8.030  9.899  9.448 10.500  6.256  7.437  3.186  2.446  5.853  6.249 -1.509 
12.127 12.698  7.216 11.003 12.372  2.632 11.708  2.262 -3.057 -3.580 -0.572 
15.230 11.021 11.600 10.267 12.610  8.332  7.218  1.592 -2.141  5.787 -2.459 
12.524 11.663  6.355  7.176 13.593  9.676  2.333  1.745  1.903  0.450  1.884 
17.518 11.627 10.055 12.003  9.987  2.413  1.564 -2.321  3.096  4.816 -3.678 
11.758  8.874  8.114  7.158  4.605  4.722  3.408  2.434 -0.327 -0.432 -1.025 
19.684 11.500 11.962 14.300  8.604  8.766 10.329  8.098 -0.669 -1.607  5.555 
14.565 10.978 14.505  7.098  4.984 14.114  0.489  3.756  4.910 -2.803 -0.673 
12.947 17.043 11.366 10.823  6.188  6.129  6.090  4.074 -0.105  6.401 -0.366 
13.878 14.699  9.742 10.318  8.104 12.815  4.324  5.993  1.626 -1.804  0.958 
18.016  7.054 11.425  8.632 11.102  5.293  4.317  2.716  4.405  0.677  0.911 
 7.965 12.777 14.690 11.980  1.160  3.885  3.270  1.073  3.793  3.090 -1.159 
16.022 13.969 10.502 12.409  9.776  3.537 -0.630 10.130  4.602 -2.356 -0.720 
16.584 12.640  9.156  6.640 13.412  6.519  5.551  4.287  2.247  4.496  2.035 
13.164  9.851  9.484  9.178  9.124  6.828  5.286  7.638 -2.773  1.539 -1.995 
12.428 17.108 12.721  9.718 10.844  3.801  7.173  2.125  0.224  1.448  3.834 
16.480 14.519 11.311 13.683  9.032  7.067  3.930  0.448  5.308  3.164  0.479 
12.729 15.564 15.533  4.615 11.706  9.986 -0.134  2.224  4.778  5.212  1.973 
14.938  9.944 18.357 10.291  8.232  3.745  9.132  3.363 -0.059  4.932 -0.889 
21.036  8.987 14.591  7.598  6.196  7.095  5.814  6.300  3.131 -1.633 -6.001 
11.341  8.073  4.451  8.633 10.348  4.841  9.448  5.512 -0.418 -1.248  0.805 
13.200 11.206 10.694  8.364  3.772 11.109  6.997  1.738  1.681  4.622 -4.696 
 9.282 15.086 10.207  9.955 13.686 -0.045  5.409  6.862  0.795 -2.709 -1.549 
 9.649 12.952 11.369 13.503  5.209  9.582  2.401  1.575  0.705  0.952  1.771 
13.244 19.440  9.605 11.077  8.118  6.870  9.495  6.292 -1.114  4.829  2.399 
14.452 17.309  2.866  9.563  9.593  9.102  6.140  8.507  7.759  0.569 -2.391 
12.043 11.701 16.789 10.846  3.792  5.706  6.234  6.844  4.870  5.930  0.534 
11.672 10.655 12.067  7.619  5.436  4.256 11.006  6.237  6.928  0.405 -3.033 
12.682 11.476 14.633  5.518 10.336  9.619  7.451  4.838  0.785  1.900  6.023 
16.264 11.367 10.067 10.779  6.365  6.515  4.930  5.097  3.609  0.365 -0.469 
11.556 17.141 12.517 11.161 10.134  6.698  2.231  1.341  3.106  2.179  1.628 
14.442 13.218 14.126  8.495 14.871  0.537  1.427  5.790  1.038  4.002 -1.035 
13.420 10.471 10.938  8.099  0.207  5.815  9.269  4.125 -5.040  1.049 -3.323 
20.185  9.742 15.664 10.562  7.004  7.833  6.735  2.031  5.586  1.896 -1.663 
14.381 12.158 12.108  8.301 15.732  5.273 -0.081  6.417  7.369  3.050 -1.936 
13.188 12.239 10.612 15.374 11.265  9.355  5.559  1.509  3.991 -1.501 -4.440 
 9.822 11.993  7.441 11.179  9.279  4.734  1.261  6.374  7.402 -0.977  3.280 
15.343 13.616  7.296 12.813  5.246  5.111  9.237  9.371 -3.402  5.134 -5.309 
20.296 11.731  7.714  9.324 17.114  3.337  6.216  5.367  7.936 -2.709  1.569 
10.236 13.780  7.457  4.516 15.125  8.032  4.964  4.242  0.528  1.593 -1.110 
11.084 11.046  9.008 15.535  6.531  8.890  3.393  4.299 -0.381  1.781  0.043 
10.692 14.501 11.390 12.206  5.966  6.350  9.106  2.680  3.601  7.155 -2.262 
14.731 11.118 10.019 13.456  6.315  4.317  1.003  1.312  4.398  1.665 -5.258 
14.939 13.125  9.702  9.255  4.902  7.983  6.446  4.933  2.812 -0.113  2.389 
 7.776  8.695  8.570  9.243 15.128  7.807  9.051  5.851  3.158 -1.396 -2.788 
16.379 14.840  5.779  9.574 10.861  6.360  6.937  5.305 -2.709 -1.973 -0.830 
23.424 10.737  8.048  7.089  6.866  8.907  3.193  5.948 -3.558  1.567  2.454 
17.042 13.223 13.762 11.275  6.091  7.578  6.576  7.146  1.589 -0.285  2.973 
13.937 17.581 17.760 12.733  5.586 -1.471  9.007  0.725  3.546  3.485  4.469 
 9.465 14.361 14.871 12.492  6.188  8.458  5.294  9.533  2.134  0.888 -4.434 
12.781 15.108  8.593  5.665  5.677 11.024  3.742  4.392  4.484 -3.686  2.012 
13.730 13.408  5.874  5.496  7.039  1.670  0.190  7.820  4.567 -0.212 -1.880 
10.040 13.231 10.934 12.289  8.138  9.212  0.275  3.176 -5.064  5.694  2.812 
15.406 12.763  8.469 14.679  3.795  4.147  3.181  4.176  3.043  0.627 -0.762 
19.615 15.194  9.886 10.412 10.272  7.787  6.511  6.991  1.533 -0.966  1.390 
12.381 11.172  9.311  7.866 11.047  4.733  4.489  4.964  2.908  4.577 -2.629 
17.448  7.218 11.802 10.384 15.035  5.610 -1.730  8.658  2.484  5.231 -0.836 
12.403 12.191 10.029 10.359  8.464  6.390  5.603  7.311  4.933  0.950 -0.581 
 9.733 12.974 12.204  2.276  7.802  7.347  5.532  1.785  0.444 -1.710 -1.248 
10.567 16.156 19.141  8.585  5.565  8.735  3.246  2.590  7.432  1.555  0.384 
17.912 12.248  7.815  6.035  7.246 15.019 10.322  3.640 -2.716  1.937 -7.017 
11.794 14.004  8.711 14.240  4.955  8.171  3.938 -1.268  3.167  2.218 -2.050 
12.893  8.434  8.260  6.538 13.042  3.342  5.367  3.370  3.955 -0.903 -1.326 
13.477 10.221 10.360 13.015  7.910  5.543  5.729  4.332  1.674  2.715 -1.713 
13.820  9.905 14.825  9.580  4.647  2.659 -0.721 -1.912  5.567 -0.029  1.847 
11.864  7.966 12.609 11.805 11.732  7.212  2.967  5.008  7.855  8.579  1.223 
13.324 12.661 13.961 13.590 11.524 10.281  9.232 -1.207 -2.140  1.070 -1.471 
19.156 11.344 13.430 15.822  4.607  3.346  7.848 -1.145 -2.928  2.335 -0.580 
17.690 15.819 10.454  8.445  9.849 12.389  6.901 -2.758 -1.161 -0.313  2.912 
13.037 14.330 12.432  8.373 11.423  7.781 12.956  2.488  1.391 -0.915 -2.086 
13.194  8.653  9.321 11.317  8.688  9.271  5.145  1.531 -0.641 -4.462  2.885 
14.356 13.741 11.529  5.730  9.552  4.756  5.294  7.064 -3.601  1.305  4.293 
11.737 11.460 11.818 11.679  5.229 12.328 10.242  3.813  5.272  4.043  3.204 
11.585  9.139 11.624  7.900  5.216 10.088  3.782  8.051  0.958 -2.448 -2.657 
17.839 12.937  8.257 -0.220  6.966  3.786  8.053  5.369  7.012  3.979 -2.930 
12.351 10.369  8.136  8.718  6.487  3.845  3.613  2.453 -2.366 -6.253 -0.177 
12.893 10.606 15.882  1.051 11.475  8.883  8.153  2.146  3.372 -1.268  2.445 
13.096 11.269  9.116 17.363  4.275  3.032  9.620  2.727  2.494 -1.206 -0.316 
12.930  6.886 12.403  9.444 14.936  6.367  6.712  3.773  6.634  0.106  2.665 
13.816 12.793  6.580  1.581 10.030  4.859  6.638  1.666  0.472  1.212  0.522 
10.700 13.790 12.608 10.076  5.825  7.640  6.751  4.357  1.992  3.108 -1.089 
17.502 12.777 12.738 14.211 10.090 10.753  0.188  1.551 -2.523  3.950 -3.876 
10.014 11.346 12.624 11.037  7.689 13.864  5.536  6.957  2.255 -3.084 -1.931 
16.308 10.751 10.399 13.621 10.710  1.510  2.538  5.430  1.772 -0.986  2.956 
13.123  8.818 10.203 15.149 10.037 10.863  3.591  7.070  5.498  0.350  2.513 
15.042 10.426 10.419 10.040  8.745  7.427  3.879  5.883  1.292  4.036  1.281 
10.735 16.538 11.502  7.625  6.633  5.462  2.579  0.963  0.976  1.847 -3.294 
13.752 11.067  7.002  3.528  7.249 10.487  5.501  5.803  0.324  0.620 -0.406 
14.721 11.639  5.577 13.148  6.193  9.527 10.003  3.589  5.599  0.135 -1.904 
 8.908 13.532  6.917  6.410  4.399  5.566  3.825 -1.809  3.193 -6.156 -0.447 
 8.365 11.981 13.815 11.966  8.419 12.831  0.469  4.330  0.322 -0.441 -5.245 
12.613 15.196 16.168 14.850 10.941  7.080  3.334  0.216  6.162  0.864  2.061 
13.369 17.672 17.813  7.486  8.599  5.797  8.557  3.992  2.942  4.083 -2.605 
12.301 11.633  3.523  5.569 10.696  7.289  5.280  4.024  5.779  3.562  4.231 
 8.829 15.214 12.258 15.239 11.209  6.756  1.905  3.620  2.590  0.286 -3.750 
 8.719 15.561  6.233 11.448  6.647 10.583  1.406  4.088  4.904  2.876 -3.507 
19.551  9.667  9.374 10.990 10.397  7.017  2.922 11.433  6.869  4.016  2.795 
10.087 11.421 14.167 10.913 10.176  8.673  3.947  3.501  3.977  3.165  4.632 
16.451 21.212 18.402  8.916  6.397  8.633  2.869  7.579 -0.364  5.942  4.342 
10.118  9.824 12.313 10.168  7.202  5.241  4.101  2.884  2.883  0.698 -1.281 
18.565 14.868 12.495  4.974  5.835  1.968  6.356  2.454  6.768 -0.078  2.159 
15.083 11.936 13.027  5.571  6.008 11.806  4.084  5.358 -2.319 -0.838 -2.474 
10.974 13.328 12.248 14.407 11.231  8.323 10.601 -1.036  6.308  3.207 -4.401 
17.473  7.892 12.182  5.359 14.515  5.662  4.153  6.806  7.260  3.725 -1.206 
16.350 11.046  8.405  8.755  3.662  5.178  3.346  2.089  5.993  3.062  1.709 
 8.404 13.555 17.948 11.344 14.241 11.162  6.623  7.687  1.739  2.291  4.010 
 8.610 11.816 14.565  4.727 10.340 10.225  4.326  4.305  4.771 -0.894 -2.028 
11.840 12.926  8.406 11.666  5.506  6.514  6.157  0.346  4.393 -0.706  0.932 
12.231 11.900  5.333  8.262  4.227  6.699  3.658  6.475 -1.885  0.347  1.369 
13.502 10.312 15.467 11.083  6.968  6.515 10.341  1.282  4.242  0.405 -0.411 
11.438 14.023  9.238  5.509  3.408  2.105  8.589  3.752  2.270  2.931 -0.732 
 8.938 11.899  6.169  0.845  1.387 11.092  5.874  2.736  4.415  8.090  0.890 
14.069 16.177 11.649 12.135 10.681  8.809  3.848  7.378  9.956  0.529  2.762 
16.279  7.957 10.995 14.973 10.762 11.131  8.642  4.992  8.091  3.259  2.126 
11.410 12.725 13.862  6.188  3.993  6.041  4.089  2.011  3.292 -1.199  3.051 
 7.463 13.802 11.278  6.143 12.650  3.508 -0.321  6.436  2.753  0.099  2.303 
15.198 12.266 12.363 12.384  5.769 11.474  1.437  5.906  3.542 -2.257 -0.547 
14.119 12.813 10.845  8.560  3.218  8.593  6.951  5.498  2.797  1.341 -1.800 
17.019 15.441 16.324  6.460 11.016  4.720  3.424  7.372 -1.195  3.158  3.674 
15.531 17.740 11.111  7.882  6.594  0.937  2.700  3.108  2.171 -3.331 -6.596 
10.027  8.598 14.177 10.709  9.350 11.757  8.398  5.558  1.701  3.251 -1.091 
10.319 10.967 13.044 11.908  9.410  4.578 -2.211  4.911  0.832  5.232  3.015 
14.939 16.450  7.039  6.251 11.967  5.499 11.062  4.246  2.046 -2.568 -1.105 
17.388 15.717 13.505 11.700  8.466  2.940  2.508  4.945  4.141  5.336  6.241 
15.253 14.720  8.110  8.906  3.850  7.208  8.050  0.801  8.362  3.938 -0.951 
12.203 13.177 14.495  9.508 15.272 11.635  0.729  7.850  5.212  3.336 -0.842 
10.802 16.398 10.287  5.499 12.594  1.340  5.492  7.420  6.532  2.768  1.774 
11.323 13.384 14.277 14.419  9.464  6.619  5.013  0.490  3.912 -0.448 -1.352 
15.165 13.625 11.457  3.599 15.580 11.532 10.590  7.340 -0.161  4.882  2.146 
15.520 11.691 10.437 12.734  9.804  7.892  7.123  4.033  1.759 -2.024 -1.550 
17.041 13.356  9.506 11.333  3.863  4.141  1.395  6.646  1.289 -3.690  2.421 
14.142  5.994 12.415 10.335  3.004  3.343 10.659  8.270  2.899  3.256 -2.799 
22.130 16.618 15.304 15.304  5.749  8.725  7.990  4.667  5.507  2.852  1.260 
13.781 11.834  8.867 11.955  7.203 10.796  2.689  6.299  3.583  3.355  0.765 
12.434 15.036 10.775  4.194  5.472  6.493 -0.225  8.433  5.341  0.760  1.972 
17.094 17.719  9.498  6.691  6.254  3.751  5.100  2.331 -1.527  2.461  0.551 
13.101 11.951 16.762  9.399  5.198  9.042  5.251  1.068  4.212  0.579 -6.268 
16.339 13.011  4.897 11.711  9.047  9.415 13.379  0.953  4.201  0.073 -0.580 
10.292 14.412  4.909  4.099  2.764  6.563  7.498  5.651 -1.181  1.584 -1.605 
16.083 16.131 11.760  2.749  7.573  6.700  9.573  4.767  1.392 -1.457  2.865 
16.540 14.809 12.323  6.395  8.668  7.435  7.575 11.018  4.376  7.955 -0.114 
11.801 16.025 13.712 12.690 16.367  4.629  3.952  1.649  3.961  3.692 -3.285 
12.616 13.375 15.994 15.374 14.161  2.294  2.145  3.306 -1.266  4.040 -3.123 
11.129 10.397 11.221  2.798  8.749  5.009  5.623  4.696  7.917  3.765 -1.892 
22.388  9.997  9.540 11.361  3.491  9.603  4.347  6.943  1.235  4.809 -4.865 
16.797 11.959 10.932 14.041 16.475  5.817  5.522  3.216  2.190  0.352 -4.045 
24.753 13.018 13.578  9.803  7.932  3.998  6.921  8.247  0.258 -0.039 -1.012 
14.790  8.065 12.995  8.639  6.193  6.729  2.334  6.399  5.342 -1.706 -0.034 
14.494 19.316  5.565 11.293 11.466  3.681  8.174  0.655  2.692  6.113 -3.434 
16.548 12.679 11.782  7.963 12.206  6.611  7.262  5.380  3.776 -2.793 -1.880 
12.275 18.462 10.568 11.558 11.200 13.702  7.887  4.378  4.988 -0.638 -0.173 
15.598 11.433 14.695  5.530 11.908  4.631  9.635  6.744 -3.071 -0.068  1.675 
11.208 10.007  9.696 12.493  7.711  6.458  6.598  6.816  2.035 -3.303 -1.368 
18.298 12.277  9.747  7.511  7.737  7.291  4.264 -3.164  2.433  2.086 -0.161 
14.179 11.979 14.080 10.747  9.551 14.511  3.923  2.619  5.384  0.934 -0.790 
16.699 17.630 16.058 10.084  8.552 12.652  0.019 -0.040  3.263  5.278  0.373 
17.956 10.241 11.919  1.785  6.116  2.250  4.186 -0.301  2.265  0.850  4.083 
12.931 11.555 10.372  7.552  9.975  6.990  7.689  4.095  2.111 -2.505  2.301 
13.741 11.525 14.367 13.976  8.308  8.076  2.800  8.228  3.147 -0.445  3.399 
18.025  7.290  9.468 10.057  6.170  7.090  7.127  9.506 -0.027  1.822  0.379 
15.536 14.162 11.890 12.211  8.522  7.986  8.153  8.140 -0.093  4.461  3.830 
10.725 14.713 19.130 10.470  8.687  6.959  3.822  5.895 -0.888  4.448 -5.755 
12.061 14.603  9.323 10.573  6.771  8.553  5.377  4.797 -1.885  4.172 -2.085 
10.741 17.217  8.049 16.756 12.851  3.645  5.587  4.053 -1.699  2.972 -0.513 
10.690  7.523 13.114  8.108 12.681  4.788  4.934 10.723  1.726 -1.630  0.932 
13.667  6.516  8.028  9.271 12.491  8.053 10.044  1.882  1.385 -2.983  3.766 
12.620  5.657  9.788 10.225 11.160  2.041  3.621 -1.483 -0.329  6.095  0.416 
16.022 15.169 10.243  6.202 12.311  5.009 12.851  4.314  1.589  1.026 -3.795 
18.631 14.328  8.395  9.699 14.839 -0.862  7.977  4.458  5.693  0.057 -0.657 
21.951 13.013  5.806 10.402  8.372  3.066  8.637 -0.303 12.882  0.507 -2.539 
19.227 16.149  6.880 18.597  1.826 14.028 -0.583  4.797  4.821  3.093 -0.504 
12.514 20.307 12.758 13.832 13.941  3.685  2.174  5.683 -0.326 -0.968  0.157 
19.961 12.432 15.285 11.056  9.582  6.824 -0.230  5.850  2.409  4.491  0.482 
 7.423 16.830 12.061  5.767 14.543  7.352 -0.877  3.939  2.690 -0.788  0.620 
10.457  9.813 16.440  9.562  3.681  2.530  5.653  4.910  2.362  1.676 -0.305 
17.193  9.194  9.873 10.446  3.854  2.149  4.232  0.545  2.417 -1.431  2.262 
 8.833 15.240 16.547 10.894  9.386 10.384  1.753  3.789  7.180  1.126 -1.159 
21.010 13.934 14.681 11.317  9.666  6.591  6.260  5.007  5.272 -2.315 -3.422 
 8.384 10.008 10.976  7.425  7.340  6.060 -1.763 10.247  1.352 -2.137 -3.250 
20.137 11.605  9.436  9.227  5.928 -2.524  8.876  3.376 -4.193  4.783 -0.212 
12.432 16.118  9.836  9.509  6.620  9.768 10.426  1.234 -2.950  0.543  0.456 
 9.811  7.067 10.285  9.805 12.750 10.158  2.593  2.869  3.312  0.680  2.757 
 9.795 14.494 13.699  5.789 10.944  6.814  7.599  1.835  5.972 -1.069  3.301 
14.891 14.909  8.227  7.763  4.147  6.123  7.201 -0.915  3.143 -4.606 -5.593 
15.939  8.015 13.612 12.070  6.422  6.152  6.594  3.155 -1.163  2.425 -4.436 
 7.805 21.776 11.253  7.064  6.653  9.715  1.854  1.220 -2.813  6.405 -0.379 
18.155 13.918 12.691  7.712  6.609  8.342  5.730  5.801 -0.221  4.574 -0.378 
17.182 15.413  9.827  6.596  7.180  5.040 10.581  6.237  4.180  0.329 -6.131 
17.466 15.970 10.774  9.534  8.402  8.174  1.350  1.642  3.360 -2.741  3.074 
11.205 11.556 10.795  9.893 11.251 15.273  2.694  3.277 -1.033  0.503  1.754 
15.181 12.886 18.933 10.868  6.440  3.593  8.150  6.235  1.841 -0.418 -1.722 
13.698  7.190 10.192 14.586 11.776 10.967  7.989  4.591 -0.268 -3.281 -3.929 
13.263 12.156 13.925 11.277  7.391  3.108  3.265  5.241  4.661  4.088  2.522 
12.434 14.927 13.487  7.783  8.644 10.393  7.333  8.238  0.777  1.138  4.338 
14.046 15.451  9.888 16.784 14.139  8.971  3.692  7.609  6.716  2.249 -3.512 
10.980 13.161 11.176  9.904  6.443  6.569  9.591  2.863 -2.185  2.133 -2.954 
14.814 17.106 12.749  8.856  8.872  9.056  1.358  2.068  1.225  4.519  2.958 
14.507 11.963 10.925 10.621  4.408  8.315  1.207  1.467  1.696  2.228  1.030 
10.832 17.011  9.353 10.326  9.786  7.480  5.181  4.011  8.870 -1.537  0.361 
 9.804 11.046 14.412  9.121  7.346  8.919  4.991  5.146 -3.792  3.477 -1.382 
17.335 17.520 11.440 12.078  7.806  4.964  6.448  2.930  3.370  5.384 -2.473 
12.178 19.135 10.040 14.217 10.057  8.570  8.826  6.853  0.046  1.218  0.726 
16.737 11.926 10.973  9.854 14.217  5.306  6.610  8.037  1.129  0.115 -0.372 
14.461  7.801 18.107  8.192  6.697  4.605  3.908 -0.177 -4.343 -2.352 -2.792 
 9.761 11.163 15.726  3.670  5.519  6.097  2.924  2.615  2.724 -2.210  2.086 
16.004 10.906  8.179 11.710  4.821  5.947  4.745  7.571  0.883  5.294 -3.165 
21.222  7.818  8.836 10.844  7.243 10.336  3.134  4.541  5.680  2.749 -2.248 
19.178 10.331 14.351  6.724  3.300  0.058  7.255 -0.387 -0.622 -2.607 -2.478 
14.312 18.655 10.793 12.982 15.109  5.703  8.319  5.817  5.241  2.995 -0.619 
15.211 15.974  8.222  9.134 10.090  6.478  9.917  4.491  3.246  1.584  0.093 
16.058 14.926 10.123 11.244  3.860  4.901 10.649  3.236  4.574  1.729  0.749 
 8.928 18.221 12.247 14.149  3.941  9.863  1.969  5.786  4.021  6.012  1.997 
12.879 16.495 12.247 10.964 10.319  7.630 10.964  0.033  4.845  2.612 -2.155 
14.142 10.598 14.754  8.052  9.090 11.930  5.749  6.579  2.844  1.351 -2.100 
13.845 12.859 11.968 12.017  5.159  7.722  2.911  3.707  0.880  1.155  0.063 
 9.797 12.125  4.980  9.916 11.490 11.221  6.312  5.275  6.873  0.768 -6.953 
13.488 12.818 18.416  8.413  2.012  9.454 -0.764  4.612  2.491  5.795 -3.771 
11.974 17.680 11.182 11.444  6.372  4.264  4.201 -2.292  4.230  3.978  6.178 
10.586 14.461 12.062 10.246  6.778  8.653  6.991  4.443 -0.983 -2.071  0.909 
10.227 13.639  8.912 11.620  6.951  5.189  1.256  3.955  5.553  0.738  5.570 
14.660  9.499  7.649 12.018  6.444  8.838  2.005  7.489  6.726  2.183 -1.401 
11.730 13.296 12.975 13.266 12.078  9.420 -2.086  3.545  7.567 -3.405 -8.262 
11.377 11.609 17.202  9.431  4.611  7.132 10.484  6.483  5.654  4.412 -2.312 
11.169 11.455 14.015 12.218  8.219  4.673  7.575  5.514  2.145  5.645 -1.481 
11.940 17.454  7.805 13.054  8.634  7.211  7.859  2.845  0.677  3.710 -2.077 
12.643  9.421 13.020 14.706  6.720  7.329  5.932  6.086  5.972 -3.105 -1.654 
19.339 10.080 10.967 10.995 12.799  3.947 12.353  5.548  0.983  3.266  3.584 
12.924 11.790 16.434 11.360  5.096  6.183  6.184  3.762  7.396 -2.450 -1.528 
15.809  8.614  9.808  4.703  6.729 14.056  6.802  6.123  0.484  0.154 -0.129 
17.461 12.585  6.372 14.878 14.776  9.498 11.291  2.148  4.260 -2.294  1.966 
14.358 12.096  6.080  6.027  8.861  4.179  4.995  7.317 -0.796 -2.588  1.970 
 8.720 11.637 10.713 15.218 13.418  7.890  6.108  0.735 -2.121  1.477  5.652 
11.558  7.607 10.022  3.693  7.191 10.253  6.227  5.570 -2.500 -0.032  0.718 
14.629  8.371 14.574 10.228 10.565  3.038  8.982  7.454  1.154  4.098 -2.076 
19.396 16.855 11.488  8.295  8.002  6.753  6.559  2.600 -4.351  1.546  1.155 
11.814 15.448 17.254  7.220  2.361  0.991  5.016  2.642  1.567  0.447  3.103 
16.303 12.014  8.465  9.531 10.458  9.560  1.282 -1.307  5.832 -2.530  1.693 
15.202 12.973 14.569  4.400 11.748  3.363  6.204  5.431  8.886  2.105  1.722 
15.861 16.553  6.744 11.422  8.005  1.809  5.583  4.609  4.355  2.214 -2.090 
 9.608 10.592 10.984 15.440  7.635 10.284  3.932  0.366  5.220  2.708  1.474 
13.410 13.769  7.535 11.793  6.866 10.402  3.291  3.890 -0.042 -1.821  1.078 
13.064  9.884 11.843 10.089 11.551 10.603  9.151  0.791  0.547  1.269  3.605 
19.222 15.280  8.865 14.174  5.997  0.274  5.846  1.721  2.893  4.624  2.542 
17.529 16.925  5.098  9.237  9.345  7.907  4.610  3.900  1.190  1.406 -6.238 
17.133 12.716  8.625 11.331 10.751  5.501 11.495  5.228 -0.206 -0.499 -0.690 
16.109 13.531  8.564  6.895  6.632  2.961  4.935  0.804 -0.774  6.662  3.504 
12.564 14.504 15.047  6.069  4.666  3.898  7.225  6.729 -4.273  1.367  4.940 
 9.314 14.001  9.130 10.737  5.747  8.736  1.178  4.865  6.322  1.238 -4.400 
10.720 12.947 10.291  5.788  2.680  8.949  7.371  5.011  4.356 -0.911 -1.678 
15.599 14.065  6.416 11.696  8.016  7.023  7.102  6.194 -5.689 -2.800 -1.093 
14.823 12.221 10.501 10.791 10.487  4.616  4.787  5.201  2.903  0.134  0.071 
11.111  8.126 11.887 12.750  7.786  1.301 -0.827  7.020  8.920  1.095  3.827 
18.435  9.800 12.601 20.677  8.719  9.253  8.011  3.947  0.814  2.085 -4.429 
14.438 10.615 11.573  9.182  3.633  4.558  5.707  9.907  2.661  0.685 -1.121 
12.742 16.402 12.099 10.770  7.450  4.270 -2.349  5.093  3.531  1.919 -0.221 
13.164 14.225 11.665  9.437 12.173  2.779  8.120  2.104  4.560  2.901 -1.228 
19.159 12.700 13.014 11.975  9.945 10.124  9.813  3.837  5.742  1.514 -4.689 
13.837 11.616 12.670  7.401  7.563  7.011 -0.125  4.051  5.044 -2.866  1.776 
11.672 12.942 14.339 13.563  9.503  1.098  6.109  4.226 -0.841 -0.349  3.207 
17.102 14.074 16.469  3.495  5.916  0.286  5.809  4.339  2.968 -1.748 -2.396 
12.915 14.597 13.095  9.485  4.077  8.090  4.644  9.752  2.447  2.852 -2.903 
13.449 10.891  9.290 12.447 13.156  2.349  6.206  2.842  1.596 -3.112 -3.899 
12.127 14.851 16.053 10.788  9.587  4.070  7.974  1.963  2.052  0.575 -5.928 
 9.460 12.537 13.436 13.976 10.374  4.716  9.790  4.757  2.483  0.335  5.506 
14.252 17.251 10.981  8.781 11.508  7.745  2.898  1.219  1.852  6.516 -1.345 
11.884 11.542 18.827 12.911  9.260  4.730  6.572  5.245  6.075  3.252 -2.021 
15.396 14.337 13.490  6.151  1.702 11.146  6.279  4.159 -1.797 10.231 -3.531 
17.736 12.259 17.319  6.720  7.901  8.264  6.987  2.635  9.825  6.070 -4.189 
11.679  8.434 11.740  9.846  8.289  6.739  8.190  6.816  3.224  7.121  4.273 
10.334 17.830 11.758 14.050  9.784 10.915  9.329  2.840  2.329 -1.376 -1.150 
10.327 15.678  6.862  9.421 20.301  9.004  4.197  5.485  3.998  2.169  0.349 
12.159 18.999  7.412  5.702  5.098 11.161  9.341  7.663  5.834 -0.830 -1.545 
18.276 14.905 15.089 13.713 10.579 10.371  8.875 -1.771  2.694  3.970  2.208 
12.500 17.722  9.254  7.950  9.339 10.755  4.417  4.441  9.989  0.924 -2.739 
 9.684 10.847 14.910 10.425  9.374  5.420 11.762  5.091  7.449  0.296  0.341 
14.911 15.658 10.128  7.637  7.552  9.621  9.199  6.259  3.404  1.871  1.175 
11.897 13.521 12.383 16.103  8.004  3.277 -0.721  2.818  0.128  2.734  1.797 
