15.836 18.251 24.982  2.438 -2.455  9.169 -14.954 14.030 -6.172  2.515 15.679 
 6.277 10.375  5.823  7.000 -1.284  3.344  5.366  9.920  1.054  7.876  9.954 
 5.571 -8.193  4.146  5.650 -4.778  8.413 26.853 12.198  3.310  4.963 20.648 
10.522  6.520 -1.142 17.722  7.860  8.803  2.051  1.383  0.430 10.729 16.996 
23.544 14.820 21.456  3.104 30.346  5.775 -0.502 15.588 15.865  8.560 15.891 
 2.392 10.515 17.753 17.630  8.576 -1.487 -4.032 -10.359  4.061 12.082 -8.555 
22.230 15.337  8.991  0.764  4.550 -11.948 15.295 -8.298 22.996 10.354 29.642 
-8.319  8.880 -2.635 -0.065 10.008 -11.732  6.515 -2.820 12.025 -0.276 -4.577 
13.292 16.860 17.850 -8.050 -0.904 -5.741  9.964  7.046  3.185 10.267 -9.299 
-5.181 -0.716  5.090 11.015  2.710 12.435 -1.820 -4.009 18.216 18.542 10.333 
 9.204  8.572 13.683 19.203 -2.060 19.407 15.238 28.772 -5.642 11.057 12.537 
 6.191 15.643  7.803 17.721 -3.936  1.205  1.602 19.967 -1.480  7.581 -5.712 
12.139 14.300  3.306 14.984  1.339  8.330  1.805 23.905 17.318 -1.444 15.686 
21.355  1.040  5.841  4.238 -8.083  7.817 -5.487  0.441  0.424  8.082  5.404 
12.507 -7.613  8.299 -6.279  8.020  8.895 -14.039  4.601  5.079  3.239 -3.561 
17.092 11.376 -14.442 10.591 13.593 -18.949  2.943 26.730 -4.127  5.412 22.286 
11.011  4.657 18.042 25.591 11.416  4.004 13.369 11.323  5.098 13.001  6.322 
-9.385  0.361 17.066 21.384 -2.767  6.715 15.327 22.382  7.055  3.177  7.020 
25.216  2.426  3.434 20.078 16.563 27.585  8.422  5.102  8.689  6.080 24.637 
22.805  8.062 21.057 21.602  8.110 -7.555 -3.982  7.639 -6.804  4.220 19.383 
 0.815  9.883  7.089 12.071  9.131 16.297 -9.628  6.158  9.054 16.960 -3.586 
16.069 -5.168  3.531  0.631 16.632 18.645 11.493 16.356  4.268  9.377 13.667 
12.883 -2.620  8.445  6.743 -4.068 -3.199 19.721  1.057 11.704 -1.321 -6.767 
13.427 20.810  2.678 -3.256 -15.505 20.292  5.561  0.093 15.959  3.268  9.699 
 7.788 17.193 14.535  9.459 -0.085 32.344  8.822  3.358  1.200 16.877 -2.898 
13.583  6.145 -14.302 24.693 16.797 -12.748 -2.067  5.053  5.024  6.140  7.166 
18.744 19.111  3.728  4.990 -6.536  3.577 25.642 -5.668  1.753 12.319 22.284 
23.063 20.322  9.426 10.423 11.612 -14.590 27.322 15.523  8.843  6.774  6.705 
19.521 -0.976  8.445  5.597 16.565 -5.590 -4.237 14.999  3.481 29.100 22.698 
13.767 10.301 19.490 31.620 11.740 -12.472 18.322 -6.660 -1.060 -1.607  1.377 
16.023 27.658 -4.029  6.564 13.386  4.246  3.206 11.299 14.737 -4.961 13.602 
-0.401 10.967  6.301 14.712  5.851 14.766 14.362 28.037  1.055  5.682 -2.498 
15.464 18.848  7.274 27.771 -4.845  4.997 11.851 25.116  9.712 -1.887  5.033 
 9.726 15.594  4.289 -0.828 -4.566 -2.903 -0.123  1.668  8.593  8.047  5.914 
23.972 27.982 -14.196  1.565 17.220 -6.803 -3.727  5.981 16.045 -3.316  1.876 
18.702 10.114 10.401  8.755 16.867  8.997 11.230  5.396 -9.252  8.710 28.045 
 1.902  8.699 -8.459 21.630 12.979 -0.399 11.940 20.136 14.307 25.703  6.031 
-7.499 40.573 21.295 29.057 19.361 -8.702 12.293  2.865  2.365 -2.944 10.468 
 4.863 22.282 -5.076 -5.429 -5.306 -3.068 15.712 18.872 13.639 12.995 14.746 
12.794  7.869  4.473  7.345 -3.329 10.885  5.739  4.737 15.754 16.592  9.905 
18.501 19.602 19.145  6.028 18.201  6.085  9.605  8.565 10.586 18.902 11.166 
 8.640  5.623 14.750  4.849  1.837  0.610 14.903 -3.670 10.572 -10.467 15.707 
24.148  9.867 13.189 14.301  2.599 12.077  8.103 -7.371  3.369  6.331 17.879 
 8.374  0.760  4.507  7.468  7.426  4.447 19.383  9.099 20.480  3.528  1.323 
 7.261  8.140  4.127 29.852 -2.959 -0.114  1.022 16.911  8.581  0.342 17.563 
14.637 16.026 15.345 19.706  6.431  6.121 -6.877 10.551 21.580 -4.210 17.350 
 9.847 17.128 -2.193 11.854 -10.469  1.086 17.071 16.335 13.871 20.979  1.319 
10.625  5.943 -2.736  0.777 -0.987  1.793  7.550  2.456  1.454 11.973 -6.627 
 2.045 18.891 -2.058  5.034  2.844 -5.878  4.496 -0.076 10.994 12.614  8.258 
 4.923  5.643 -4.421 17.918  4.534  9.997 14.292 25.634 14.455 -2.285  7.308 
 5.618 22.050 18.353 24.680  9.572  6.449  8.541 12.918 15.415 11.246 10.071 
-1.100 -9.439 11.907  4.791  1.687  6.939 -1.052 31.710 10.148  9.248 11.695 
11.243 -0.390 -5.421 16.504  0.312 -4.617 -11.656  9.300  6.754  5.877 12.528 
 1.041 -5.787 18.646 -0.813  7.355 -5.583 12.856 10.483 23.128 10.286  6.722 
36.474  3.880 18.749 -4.891  4.951  1.816 17.794 -6.479  2.005  4.091  2.107 
13.412 10.363 17.772 -12.433 35.020  3.483 11.044  4.862 14.785  3.107 -3.087 
 9.090 -3.206 13.494  5.542 -6.733 -11.608  1.796  2.467 12.845 -1.006 23.281 
 3.456  1.232 29.206  6.006  7.995 -0.197  9.736 18.431  9.023  7.531  8.415 
 7.061 -6.412 12.067 16.702 19.126 27.172  5.295  4.192  4.059 10.109 19.853 
-1.709  9.232 19.157 12.331 -10.627 24.285 16.138  2.053 18.860 18.745 19.289 
13.139  3.229  8.434  6.865 14.594 11.030  7.214 12.713 11.899 11.297 14.630 
11.711 10.406 19.618 -9.284 -0.947  6.191 -5.362  4.281 -5.501 13.246 29.208 
 7.372 10.046 -2.032 -2.771 18.742 24.062  8.633  5.855  4.050 13.038 21.158 
24.701 -4.465 13.802  0.934 11.056 11.643  9.089  3.151 31.359 10.479 12.543 
14.111 10.284  4.775 13.475  0.593 11.383 -0.170 10.600 16.748  1.239 11.801 
18.736 21.531  8.097 14.680  7.470 11.156 13.459 28.847 21.582 -5.779  5.692 
 8.426  1.519 23.157 27.073  3.672 -0.974 -6.837 12.622  0.737 12.487 16.913 
 0.634  5.151  0.228  3.038  4.385  8.154 18.834  7.849 12.060 -16.558 13.623 
 9.368 20.607 12.943  6.583  3.387 -1.894 11.118  9.937 12.678 26.016 -5.465 
-14.758 -5.204  2.208 21.380  4.689  0.346 16.251 15.439  8.720 10.678 16.845 
10.101 25.382  5.881 -0.100  4.551 11.885  3.888 11.536 17.224  6.721 14.197 
 8.868  9.021 -6.226 -4.832 13.258 -1.036 13.665 14.022 11.681 23.521  8.690 
 1.975  3.602 19.154 26.716 15.353  0.793 -8.309 14.450 21.524 -2.683 28.454 
16.697 22.181  8.967 14.644 17.719 17.359  4.343  5.744 17.582  7.541  4.389 
16.397 16.309 12.075 -16.275  9.795  3.359 10.294  6.653  7.473 -2.375 -8.112 
16.716 10.672  6.734 -4.310  4.043  5.149  9.898  7.104 11.005 -5.565 22.551 
 9.376 10.624 14.606  6.262 -1.637  1.269 -14.328  7.022  2.096  7.048 -2.563 
17.013  6.958 18.405  2.552 -2.082 10.425 10.420 -1.258 26.762  1.896  4.169 
19.861 16.168  6.497  0.165 -14.173  9.586  9.732  5.129  9.144  5.684  2.163 
22.212  6.069 15.738 -8.786 16.317 -8.724  3.528  5.861 15.371 13.379 -3.095 
 1.178 -2.167 12.274  7.369 18.899  5.482 17.704 16.829 -4.984 -6.479 22.436 
-9.783 17.225  0.344 -4.756  9.919 13.977 15.640 13.629  2.795  6.937 14.668 
-7.095  8.507  6.350  2.536  5.049 22.570  5.400 -0.560 14.754  2.583 12.391 
19.611  0.590 14.028  1.825  6.447  8.770  2.467  5.867 11.340  6.996 15.598 
 2.365 -0.501 -19.019  1.799  0.947  8.428 -8.389  1.836  4.877 18.179 19.936 
20.465 15.558 15.043  9.369 15.630 15.283  9.334 -2.326 18.977 18.955 -4.077 
16.582 -1.470 -8.792 -1.860 -0.349 -1.799  5.743 -4.524  3.495  2.128 13.293 
 9.331  3.306 20.762  2.266 -1.055 -13.629  8.280 24.361 12.995 15.272 15.148 
 6.270 10.143 16.401 17.555  2.932 15.821  6.069 10.518  5.574 17.792 11.544 
-0.998  6.092 14.013  6.663 20.105  7.919 10.015 -8.554  2.094 -5.615 13.677 
25.647  5.720  0.889  6.427 13.031 10.953 17.124 -7.750 16.333 27.981 -5.335 
 6.254 -6.766 10.304  7.146 -4.374  8.692  4.810 -7.786  5.572  8.770  6.303 
 5.680  1.314 -0.933  0.632  3.220  8.532 -4.332  9.607 10.838  6.038  9.292 
23.317 13.012 24.307 25.320 26.258 15.597 -21.321  1.850  2.501  0.496  3.717 
-0.776 -8.542 11.687  8.244 10.430 -4.629 21.093  4.018  6.720 -3.947  8.936 
17.323  4.248  2.824 12.578 12.260 -0.596  9.093 22.582  5.638 -0.731 30.970 
13.363  3.100 26.857 20.936 16.365  0.533  3.401 18.415 16.120 -2.780 14.022 
 3.673 17.793 15.079  1.569 18.270 21.196  6.331 -8.978  0.532 16.900 -0.917 
 9.652 16.626 18.203 -5.062 -4.196 -3.070 13.078 10.322 -9.734  6.914 -15.781 
31.865  9.288 12.322 28.684  0.170 10.422  0.393 13.278  1.905 11.902 18.680 
20.358  7.740  7.640 11.839 -1.805 -7.156  0.521 10.311 16.661 12.317 16.009 
21.268 19.597 20.020 -1.631  3.032 12.554 24.462 -0.562 11.083 -5.295 15.333 
15.977 17.188 10.214 -1.454  3.077 -1.584 -12.845  6.623 -2.344  4.725 12.817 
 4.386 -0.983 11.019 -9.741 -0.737 -17.196  2.381 10.427  6.228  0.812 -6.237 
-2.990 -4.702 -10.794 20.222  5.018  2.878  5.976  3.373 -1.074 15.086 22.994 
10.350 10.258  3.220  8.862 23.791  6.925 12.021  3.506  9.215  5.912 23.562 
10.047 -6.660 13.887 -16.368  8.481  2.203 -9.793 20.735 -10.864 19.162 20.940 
 9.329 13.832  1.579  0.443  1.762 15.993 24.842 18.576  9.524 24.387 42.167 
21.845 -2.401  7.477 16.274  9.834 -9.446 11.624  6.501  0.145 10.778 34.004 
 4.759  9.427 -4.470 21.646 -0.976  5.109 -2.207  7.783  7.760 17.637 20.619 
 3.690 10.191 14.101 -1.955 11.314 32.243 10.514 10.270  6.616 12.945 15.074 
 4.562 12.344  1.892 15.371 -6.059  1.463 -1.191  9.636 17.529 12.893 10.637 
-2.074  0.949 -1.336 -3.062 39.886 -8.700  8.612 11.014 17.775 16.033 -2.381 
19.769  9.585  6.335 -19.302 -4.646  7.136  6.191 11.678 14.533  2.845  1.521 
-1.604 -5.816 14.370 21.971  8.915 20.382 15.958  0.084 24.641  0.332  6.413 
 3.423  3.500 -3.376 10.879 10.306 -2.433  8.063 11.012 -4.602 21.306 20.828 
 6.526 18.331 18.009 -5.973 -12.585 15.395  3.310 17.040 -11.089  9.932 13.896 
10.336  4.732 -7.231  1.000  4.155  6.852  0.112 20.080 14.006  9.271 12.671 
10.708 -3.345 25.124 -6.464 10.078 11.168 29.654  7.995 19.060 -13.464  3.220 
 9.248  8.434  9.439  2.403 -3.662  1.597 14.482 14.277 -5.533 10.222 24.746 
16.820  4.378 13.094 28.456 -5.693 10.694  8.171  9.637 14.069 21.172 -9.185 
13.663  3.519 29.939 21.148  8.790  6.464 13.348 15.280  3.303 -19.536  0.976 
34.584 -17.203 19.498  7.453  3.566 15.115 -5.463 -5.426 18.250 -0.362  0.042 
15.673  9.326 25.959  0.999 -0.298  6.256  1.342  6.666  0.593 -5.416 11.895 
 5.638 27.658  9.568 12.185 -11.890 14.740  7.382  2.756 12.833  2.193 23.966 
21.496  7.159 22.618 13.909 14.225 23.444 15.222  2.784 12.459 11.068 10.368 
-1.294 15.680  0.405 14.511 10.626  3.355 -0.982  1.053  7.093 10.930  8.960 
-4.535 15.705 33.599  2.757 19.623  7.569  4.141 10.341  1.776 17.730  4.597 
 5.390  0.679 15.891  7.701 19.011 13.373  8.207  1.865  6.392  6.311 14.287 
-4.919 -1.314 14.688  2.762  7.105  2.232 -10.059 23.536 11.665 22.502 25.643 
-4.590 12.783  1.126  8.365  2.384 17.968  4.455 12.891  6.093 -7.693 -4.395 
 3.031 16.715  3.011 11.785 28.677 -10.655 -4.275  2.231 14.670 -7.364 14.662 
13.836  1.544 19.575 10.067  7.026  3.345  9.053 23.669  5.942  6.667  4.070 
-1.042 16.442  4.595  7.571  6.432 -1.488  3.867 15.169 -11.052 21.906 38.597 
12.873 12.082 -7.213 12.847 -1.899 13.362 11.812 -8.423 17.623  5.523 -4.295 
13.127 -6.237 10.592  7.841  6.420  7.503  9.413  4.454 -8.789  7.465  9.757 
 6.563 10.001 26.180 17.580 16.929 -7.441 -8.105 12.800 30.531  1.005 11.705 
 2.501 15.773  0.107 -4.134 22.236 14.873 -1.928 30.342  4.936 -1.093 11.383 
 6.370  6.586 20.138  7.806 -7.086  6.907  4.367 -5.367  7.081  7.422 18.382 
 9.664  2.123 -9.425 -3.355 10.302 -6.485 29.616 14.763  4.471 11.646 12.976 
11.290  4.670 15.779  8.876 -3.693 -2.714 28.203  0.445 -8.668  8.928 -5.627 
 9.583 -4.974 18.240 -5.439 22.827  5.786 -16.691 36.170 15.202 -0.334  0.964 
 7.114  9.917 19.767 13.151 10.699  6.521  0.698  0.168 11.128  7.248 13.339 
 5.559  3.171 -4.762  3.769  1.747 -5.345 -10.263  2.247  6.650 -6.026 10.653 
 7.328 29.353 13.590  5.972 -0.363 -9.134 16.129  3.446  1.856 -8.631 13.037 
23.255 -8.125 17.903  5.401 25.912 18.375 -1.754  9.985  6.988 -5.807  8.672 
15.778 24.576  8.313  7.813 -18.136 10.594  5.773  4.312 -5.759 -15.121 31.474 
 9.412  1.200 12.280  5.566 -7.008  1.442 -4.063  2.549  6.934 14.665  1.343 
20.242 -5.787 14.175 -12.293  4.847 17.156  3.695 13.205 21.014 11.578 10.380 
 9.148  7.028 23.077 10.136 -2.426  6.686 12.266 25.202  0.054  0.115 -8.116 
13.640 10.988 10.434 -11.664 19.300 20.458  4.804  6.851 20.107 19.483 19.852 
12.975  6.713 -11.653 -2.714  8.389  8.449  7.074  4.778 10.289 20.844 20.790 
 1.213 17.251 23.152 10.304 -10.280  7.351 18.948 -1.208  1.960 -3.759 13.312 
 1.060 -5.738  5.142 13.161  4.917  8.969 -17.438  2.496  7.763 -0.338 13.217 
18.145 34.779 15.272 12.056 23.626 19.241 -9.304  4.956 21.131 23.495 36.256 
-5.012  0.913 15.674  9.240 13.089 17.141 28.952  9.076 -17.565  2.400 -10.468 
-12.573  9.786 -0.386  6.062 -5.797  3.221 11.889  0.589 32.136  9.897 10.560 
25.263  4.673 21.483 -9.047 10.959  9.406 -5.221 12.029 15.891  2.131 -5.499 
 1.659 15.862  7.456  3.288  7.618 13.246  4.060 13.581  4.824 15.314 11.544 
20.411 22.415 19.531 10.093 -14.904 21.436  8.415  3.396 -5.440 -1.994 10.833 
 9.585 10.936 27.865 15.043 11.828 12.804 20.149 -14.332 20.931  5.246  8.351 
10.847 12.343  7.877 13.600 10.562  8.038 22.325  5.661  2.652 20.616  0.708 
15.593  8.124  3.910 34.002 31.344  9.143  7.962 -16.980 27.700 12.534 15.962 
 1.146 14.045 11.154 -0.264 20.000  2.441 21.308  5.161 16.086 -0.488 18.458 
12.925 21.453 17.512  2.335  0.388 -6.261 -14.072  2.149 18.015 35.095 22.844 
 6.848 15.913  0.120 10.899 10.289 19.313  4.146 20.201 21.926 18.031 24.092 
 0.307 10.094 32.078 29.667 13.340  6.275 15.896 14.506 15.657  6.284  7.740 
14.624  0.993 11.261 -6.307 18.318 10.557 -7.115 -2.072 18.173 30.898 -1.626 
23.157  5.815 -6.151  7.790 -12.663  3.121 26.129  5.833 16.912 -2.084  7.957 
18.573  2.823 24.766  8.396 11.019 11.336 -1.660 -2.757 16.083 26.355  8.748 
20.155  6.319 13.773 17.429 12.194 13.423 10.715 17.046 12.853  8.269  7.696 
 4.849 17.154 12.930  6.623  4.186  4.332 10.556 10.377 -3.167 24.194 -4.650 
 9.562 11.256  9.674 -0.148  5.008 26.617 12.455 12.149  7.105  8.201 19.446 
 5.212  4.360 15.528  5.039  3.127  6.130 10.397 -23.174  0.185 -4.640 14.827 
 6.222 10.170  8.752  7.411  7.911  9.339  4.770  7.721 -2.925 11.644  2.901 
-1.914  3.900  8.859 -7.130 -4.028 -1.498  7.808 -9.687  8.550 11.319  1.849 
-2.724 -0.797 26.253  0.799 11.384  0.960  2.277 -14.930 23.754  4.440 -2.033 
-6.964 15.238  5.570  9.015  9.363 10.660 -26.297 12.906  7.542  0.856  6.160 
 7.031  1.838 27.551  0.929  1.941 10.027 16.636 -1.420 15.031  0.169  4.670 
21.456 12.846  2.943 17.069  4.896  1.941  1.018 -1.761 20.132  2.208 22.363 
20.267 13.885 10.977 14.860 -4.875 20.756  9.847 10.820 17.563 10.880  3.773 
 8.310 18.228  4.447  1.971 -7.137  3.966  0.160 20.797  5.625 18.487  6.873 
27.158 16.943 -1.758  7.551 11.380 -6.239  3.495  4.917 14.549  5.248  3.768 
21.093 22.532 17.676  4.849  3.147 -3.897  9.340 -8.026 30.428 23.071 14.062 
23.747 -10.995 -8.380  9.690 -7.157 12.343 16.822  4.677  6.784  4.232  1.496 
 9.768 20.943  0.240 -3.300 -7.568 17.075  1.232 -2.983 22.134  0.228  7.032 
-8.368 13.560  9.458  8.670 22.625  0.450  1.624 20.119  4.373 -3.980  5.063 
10.514  7.325 -5.520 13.645 -0.398 23.928 -1.026 19.884 -5.685  7.775 18.293 
15.648 28.633 -1.143 14.854  3.006  2.962 16.545 19.526  2.719 19.663 13.910 
 9.027 20.002 33.328  9.719 -4.702  7.041 -0.214  3.251 -1.912  8.580  6.362 
-1.066  8.593 -1.573  8.418  8.071 32.931  7.984  9.036  6.119  4.059 12.307 
 4.978  0.810  1.545  8.231  8.583  4.689  3.525 17.639 -4.962  8.228  2.718 
24.501 14.521 20.712 -5.932  0.487  1.429 -15.627 15.174 14.196 29.439 11.757 
12.624 13.399 -2.220 10.986 13.821  1.954 15.046 18.511  8.717 45.383  3.057 
10.987  6.752  0.443  5.513  2.516 11.650 11.395 30.876  6.981 -1.333 17.950 
21.204 12.405  3.500  7.265 -6.976 -13.491  4.927  0.469 -23.120  6.817 12.784 
16.978  3.788 -3.617 15.071 16.989 13.520  6.192 13.343 10.069 -5.639 24.748 
 7.778 13.261 -12.914 23.916  3.315 21.859  2.761 23.650 27.029  3.811  1.152 
19.210 18.393 14.047  2.191 27.421 -5.359  2.213 -0.864 10.077 15.871 12.022 
19.054  8.537 14.763  2.231  2.956  5.427  8.177 20.709  2.400  0.816 15.792 
21.848 15.851  9.962  3.033 13.914 13.754 -3.599 14.918 -6.612  8.126 11.864 
10.679 -8.257 22.216 -16.505 11.804 18.168 26.820 -6.476 -6.513 -4.266 11.511 
10.828  5.784 24.165 14.255 13.128 18.204  8.069 16.006 20.854 13.224 10.061 
 9.051 12.294 -4.322 15.888  0.168 -8.333 27.155 16.390 11.564 20.777  6.941 
-6.135 -1.176 18.364 -0.471 10.133  1.145 13.085  6.918  6.186 -20.011 -0.957 
15.300  1.125 14.092  7.247 14.440 15.172  9.266  3.207  9.500 10.623  9.066 
22.047 16.678 13.819  7.762 20.295 -7.641 24.686 23.032 33.674 45.400 17.929 
12.505  2.673  0.366  9.042 20.082 17.303  1.390 15.633  4.258 18.933 18.501 
-0.750 19.106 15.798 24.648  3.089  1.854 -3.760  0.786 11.523 15.790  5.115 
 3.966  8.244 -1.127  0.055 17.508  3.052  4.822  3.330  4.071  7.554 20.081 
30.035 17.319 15.803  1.096 -3.437 -1.827 24.447 12.527 22.394 19.744 17.025 
23.202  3.171  9.886  5.181  9.000 10.248  2.727 14.191 -9.685 19.197 14.959 
11.858  1.131  8.840 -5.363  7.870  2.039  5.103 -2.402  7.257 11.422 18.952 
 3.628 13.973  6.698 -0.433 -2.357 11.701  2.701 12.630  9.034 11.854  7.715 
12.582 26.474  9.738 -2.237 16.797 -16.311 19.926 -8.256 14.427  5.409  9.555 
 3.480  1.975 20.058 28.283 14.003 -3.771 13.235 19.885 27.892  3.606  3.895 
-3.390 16.330 31.576 -5.726  9.450 11.189  7.370 -12.945 10.635 -12.354  6.745 
15.748 14.604  6.605 15.165 16.264  5.063 11.937  5.017  3.738  3.240 10.967 
25.382 15.237 16.086 -0.522 -0.172 -3.641 26.979 27.826 12.317 11.880 14.143 
 9.060 15.518 26.271 25.026 13.171  1.469 16.564  4.295 12.336  0.257 14.612 
24.335  5.143 -9.355  6.216 15.088 -10.715 29.647  5.321  1.942  4.590  9.849 
 9.508  1.912 15.243 14.893  8.689  3.777  5.935  6.886  5.192  3.821 13.376 
-12.774  5.457 -8.160  0.940  7.920  9.372  6.665 24.245 17.663  8.375  6.710 
18.086 21.356 22.247 -21.872  3.741  8.746 13.277  7.459  6.815 -0.297 13.628 
 7.766 12.228  6.433 17.679 27.353 11.683  5.865 -2.869 -0.365 11.980  9.598 
17.493  5.525 29.600  3.231 -0.149 12.598  2.245  5.337  9.813 -3.506  0.884 
 9.418 18.018  5.954  4.756 15.155 -1.394  9.539 23.260  2.254 -1.486  4.279 
 2.771 -1.514  7.149 11.297 21.002 -5.740 13.104 18.651 15.383 11.849  6.743 
 7.248  3.391 17.828 21.722 27.410  9.655 13.928 29.939  8.738  9.904 10.155 
 2.664 19.621  4.152 -7.315 -2.278 11.962 15.816  1.942 17.972 13.002 15.130 
-4.127 22.602  7.727 16.602  3.772  4.943 13.595 16.149  9.107 14.496  9.149 
 3.716 -4.562 31.888  4.734 21.042 15.968  3.838 27.488 10.999 12.396 -16.388 
19.583  9.353 20.768 10.050 -1.986 -2.326 13.963 23.581  7.916 16.000  4.519 
30.399 23.458 -9.817 -8.093  0.500 -6.561 -7.734 14.929  8.870  2.635 -0.454 
22.292 -5.047 13.633  8.377  1.298 12.184  9.153 -27.120  8.760 10.111 15.264 
 6.688 -1.032  8.275  5.702 21.855  2.128 15.967  7.090 12.701 -0.986 -5.691 
-2.663 22.457  7.513  3.609  4.500 -6.049 -0.986 19.242 10.241 11.109 18.392 
18.514 -5.155  5.096  2.034  3.982 15.895  4.634 22.620  6.010 16.475  7.737 
-4.723 -3.965 -10.473 10.787 -2.848 18.190 -0.008 11.671 -5.729 11.491 17.974 
19.914  8.043 -0.679 10.144 29.468 -10.762 -0.900 16.407 13.172 11.738 17.571 
13.000 -2.312 -15.963  2.562 -3.685 13.821  9.811  1.400 -6.497 21.091 10.551 
10.830 21.258  1.660  2.286  2.759 15.720  2.728  9.047 12.470 -15.048 15.524 
 6.546  6.264 11.499  6.467  9.305 15.783  5.092 18.020  6.550 17.070  3.651 
 0.174  0.332  5.757 10.413  7.633  7.306  3.278  6.281 -12.250 15.518 18.441 
-24.533  4.063  8.998  3.310  6.175 -10.102  9.275 -3.822 20.111 -0.279  7.062 
 3.372 25.947 -13.064 27.382  2.137 17.133 32.914  2.387  5.440  8.931 12.360 
-0.244 12.529 -1.061 -2.686  4.516  3.944 23.595 -4.952  9.461  4.556 19.992 
19.453 10.514 -2.687  4.174  5.674  7.062 18.978 -2.731 11.558 -6.956  9.155 
15.786 25.518 10.003 10.999 13.553  7.483  5.421  0.158 20.547  1.516 11.905 
14.778 15.749 13.515 13.946 19.252  6.404  0.328 -3.400 -16.356  5.272  0.495 
 5.003 20.887  4.461  8.119 -7.343  9.087  1.015 -4.744 16.260  2.424 29.972 
-2.319 -2.080 21.045 -0.965 16.705  5.356 15.116 12.107  5.511 12.028 12.049 
 8.219 16.803 15.026 18.975  8.138  2.283 -10.072 -9.843 17.532 -6.830 12.649 
-2.466 21.528 27.913 10.819 13.337 -0.816 -21.759 11.716  7.862  8.825 22.843 
-8.024 -12.403  4.777  3.685 -7.382 15.916 -7.694  2.022 26.017 -5.438 18.777 
 0.611 22.936  6.326  5.148 16.912  5.061 23.307 -3.600 -8.033 11.037  5.525 
10.337 -4.763  9.104 18.702  9.011 12.352 20.947  5.572 11.371 21.597 27.268 
18.416 12.457  6.773  7.391  3.269 13.863 11.788 -11.107  3.086  9.448 -0.260 
12.606 20.882  3.361 13.038 11.834  1.022  4.738  8.262 21.326 -3.522 27.646 
 2.493  6.929 -2.013  4.916  0.641 31.424 25.444  0.630 -0.317  3.867  1.302 
17.296 31.073  5.257 21.147 12.980 -12.368  7.034 -5.965  6.714  5.353 22.488 
13.001  8.407 10.402 12.546  9.517  8.815  4.535  3.727  9.313 32.760 -5.326 
16.242 10.808 -6.354  2.981 -0.765 24.784 23.038  2.171 19.019 23.486 10.705 
15.658  9.284 -1.171 -21.725  0.211 -2.041 14.721 22.830 20.439  4.272 11.297 
18.930 32.714 -2.353 -0.552 21.136  4.945 25.124 -0.870  9.383 30.320  3.611 
12.350 19.396  6.966 10.217  2.815  7.235 10.406  4.793 11.699 -4.391  4.646 
10.367 11.273 17.342  4.099  1.070 24.415 -7.675 16.539  4.887 13.662 24.066 
23.032 12.286 -0.853  4.437 16.149 -10.371 13.693 13.287  6.961 14.535  8.843 
15.005 20.333  2.764 12.728 11.831 18.014  2.236  4.033 -3.474  4.754 36.586 
25.671 -2.638  1.944 -3.147 23.837  9.742 -2.176  4.381  6.081 30.078 27.021 
15.604  9.385 27.999 -9.292 11.957  4.126 -5.513 28.897 28.483 -12.764 15.600 
 8.362 -7.006 23.379 26.670 -1.024  1.935 12.899  5.622 -3.511  2.504 20.296 
13.876  1.969 13.359  4.893 -0.814  8.870 18.257  4.278 18.290  5.135  9.162 
22.601 13.141 -1.067 31.953  6.369  0.182 -10.088 17.108 13.719  2.200 10.190 
-18.255 10.586 16.197  7.899 19.585  9.098 -0.917 16.924 20.751  8.785  7.123 
24.383 18.265  5.131 12.682  1.746 -0.121 -1.613 29.277 -7.286 14.684 14.470 
 2.234 -2.167  4.743 -3.099 10.929  3.287 16.876  8.515 -2.792 17.473 13.547 
 8.969  9.016 -1.675 21.702 -3.178  6.797 -0.158  6.210 13.535  2.584 18.457 
15.664 25.193  8.291 18.827 -2.221  5.386 13.206  1.258 17.114  9.494 19.407 
 7.332 11.421 18.175 15.692 18.697  4.403 19.528 -1.356 12.599 -3.697 16.883 
17.465 16.767 -10.838 11.545 -8.314  2.509 -2.772 21.318 -2.785 24.625 -0.557 
 7.405 12.982  5.003  3.638 14.552 16.184  1.598 -11.922 32.298 11.258 -3.826 
16.511  5.155 -1.606 -16.890  0.846 11.568 -14.102 27.618  6.624 15.063 19.238 
14.067 -4.173  9.172 -0.875  9.567  6.008 -3.512 12.203 -9.410  2.811 13.871 
17.064  6.685 -7.942  8.742  7.371  8.736 12.025 14.199  1.659  7.276 -8.645 
 2.220 -4.532  5.364  1.287 20.793 -2.028  6.839 15.703  7.961 12.584 21.916 
20.981 17.510  6.722 -7.004 -8.195 19.168 -0.945 -1.298 28.864  0.021  4.562 
31.499 -9.428 -11.333 12.814 -3.752 -2.554  4.243 18.081 21.346 -18.420  7.997 
 9.486 -1.519 -4.947  9.763 21.859 -3.302 16.453 15.513 16.370 -1.520 19.512 
19.231  5.225  9.948 13.790 -28.852 17.635 -8.078  1.866 15.847  0.874  3.462 
17.140 16.542 17.012 14.876 10.422  8.385 15.372  8.711 12.092 22.847 -8.721 
 4.631  8.104  2.336  7.055 20.335  4.414 -6.451 -17.166  6.233 13.240 15.828 
 0.209 13.375  3.865 10.621 12.245  7.561 20.605 -15.998  1.213 18.878 24.879 
-5.236 -2.684 26.836 25.223 24.441 15.194 -15.048  5.640 -8.178 13.169 19.265 
13.190 14.965 27.754 21.856  8.286  1.780 -3.253  5.705 -2.835 25.689  6.833 
19.792  7.176 -0.397  7.716  7.825 14.161  5.703  9.136 22.246 10.750 -3.046 
33.431 16.155 13.350  8.928 20.441  9.052 -5.469 10.056 -1.023 10.392 -4.068 
-0.567 16.228 10.045  7.562  1.279 13.497 10.594  1.549 22.324 15.859  2.311 
11.303 -5.412  5.170 29.039  9.518 29.950 28.882 -9.406 22.955 -8.885  6.798 
14.361  7.763 -2.866 25.295 23.893 -5.916 10.841  7.617  2.751  8.540 11.819 
-7.309  6.539 -18.963 10.674 16.840 -5.073  4.863  6.355  1.063 12.276  8.756 
14.387  4.289 17.306  4.409 21.605  6.261  5.659  0.133 -0.196 -6.175  6.659 
10.360 14.248  8.440 23.762 20.333  7.649 -3.426  9.194 13.439 11.660 22.504 
 8.595  4.624 -0.779 -1.940  1.625  1.723 -1.455 13.708 28.831  9.824 14.880 
 4.806 16.098 10.138  5.635 -4.559 10.910 13.821  7.418  4.819 13.352 -0.565 
22.444  6.928 27.425 -0.796 -6.751  4.393 17.733  8.413 19.687  9.376 10.575 
 5.933  2.320 -2.587 21.650  1.848 -6.902 19.487 14.282  0.073  2.178 11.320 
 4.154  0.104  6.901 -6.902  8.997 -10.669  5.009 12.924 -8.689  1.198 17.717 
19.951 20.779 -10.192  0.403 11.558  2.247  4.666 -1.613  6.547 21.755 12.774 
28.030 12.601  6.312 20.158 -7.818  6.690 14.032 -0.161 -8.837 28.556  5.834 
30.061 20.214 15.986  4.746 -4.018 -2.066 -2.124 -3.797 -0.569  0.098  6.504 
28.773  8.896  8.704 29.013 32.005 -17.395 19.239  6.381 -1.546 18.664  2.003 
25.784  5.615 14.563 12.532  6.832 15.653 10.655 -0.611 12.301 15.158 20.904 
29.003  0.699  4.731 12.205 15.831  4.853 10.018 -7.763 -6.777 20.023  6.962 
26.357 -8.930 19.898 -8.855 -12.175 -2.798 20.618 10.165  6.426 21.612  1.752 
16.546 21.975 15.487 -0.961 -5.583  6.413 17.653 14.813  4.377  6.587 15.569 
15.295 12.865 -0.382 24.584 18.086  8.668  8.375 -1.400 18.965  5.561  8.037 
 9.423 11.669 11.285 40.814  9.737  8.099 -11.012 15.289 10.433 19.934  3.248 
19.983 13.684  8.626  1.634  7.532 -4.868  4.843 10.381 10.646  5.703 21.027 
 9.256 21.334 -4.006 -4.573 15.901 -1.616  9.037  2.378  9.761 11.567 31.426 
-0.686  3.157 24.266  2.323  5.942  2.671 10.311 11.774 11.160 16.812  8.805 
-8.061 -0.182 13.039  6.230 16.139 32.481  7.288  7.772 14.660  8.844 24.115 
10.102 -0.859  4.725  2.021 19.410 -10.497 -2.672 -24.035  5.673 -3.546 17.302 
 8.031 28.376 24.991 -10.508 19.171 14.993  3.882 -1.072 14.113  8.682  3.448 
 3.571 12.695 11.829  4.383 -12.559 -2.474  5.548 17.031 18.815  5.905  7.098 
29.044 14.024  4.125 14.420 13.125 32.811 -9.698 -6.206 13.197 -6.923 19.722 
13.791  4.115 19.786 -0.325  7.724 14.500 26.315 21.233  6.269 10.747 -11.653 
 3.196 18.523 21.235 19.413  8.794 11.241 -8.044  4.657 12.309 -1.085 19.261 
13.739  3.692  0.271 12.248 -7.056 -10.316 10.766 -0.860 25.070 10.544  4.181 
11.795 10.089  3.817  1.072 10.304 12.112 -12.362 14.997  3.023 -0.062 16.693 
-1.986  1.368  8.778  9.079  0.777 -3.661 12.515 10.172  0.568 20.742 10.469 
27.924 17.446  8.740 10.221  1.239 -8.737  3.252 10.700  9.295  8.914 -0.938 
 7.809  2.609  8.787  4.966  5.738 -1.623  3.135 19.575 16.265 14.055 28.105 
10.458  4.920  7.177  0.449 20.918 -3.281 12.364  1.290 14.021 13.705 -1.130 
11.444 17.652  9.657 -5.057 11.819 -12.401  6.122 -0.242 -3.829 19.880 10.240 
25.106 13.741  3.279 13.490  1.833  1.943  8.887 10.169  8.533  1.031  8.691 
 7.653 31.809 12.370  4.860  5.842  1.725 -3.822 14.629 17.995 16.408  1.059 
 2.613 -0.457 11.319 16.564  6.183 -3.080 -3.692 15.488  9.874 12.253 13.490 
17.557  7.531  8.178 16.185 -3.359  9.497 10.155  2.833 12.699  8.153 13.411 
-1.143 -7.819 12.921 -4.912  9.376  9.800 17.394 -11.334 10.547  6.377 19.378 
 9.748 -2.297  7.453  8.352 20.348  5.180 12.828 -2.539 19.672 26.283  2.946 
-0.331 -1.225  5.847  2.973  6.374 -4.727 -10.195 21.967 21.830 22.730 22.166 
 7.169  5.405  8.848 -8.847  0.865  7.649 17.059  3.605 12.686 -5.919  7.236 
 6.694  0.015 -10.449  8.370  2.061  7.296  0.852  4.870  0.949  8.342 14.720 
31.512 -5.984  4.379 14.835 -9.830  3.503 -0.001 14.498 21.345  8.919  4.052 
 9.247 -1.157 26.652  5.745  8.979  8.757  5.918 -1.097 -8.230 12.294 18.811 
-1.829 15.790 21.955 11.974  6.209 -24.660 -2.118 -4.154 -9.389 -1.825  9.577 
14.948 25.630 16.092 15.529  8.506  1.269 15.012 -1.993 29.103  2.664 18.666 
15.561  5.176 11.759 11.717 14.954  8.725  3.085  7.386 -8.846  7.723 13.783 
24.086  1.184  2.858 18.014  5.416 18.387 -4.509 29.500 15.248 25.457  8.598 
 6.013  8.956 10.768 -5.161 -6.560 22.142 24.900 14.858  6.241 -9.723  8.284 
15.783  9.712  5.187  9.984 -20.023  6.538 -22.463 18.807 10.016 -1.573 20.299 
14.639  5.130  1.419 12.301 16.513 16.659 13.200 -12.430 12.487 20.930 -0.847 
-2.696 12.328 11.215 10.152 -16.205  5.540 -2.874  5.240 15.934 14.387  8.963 
 6.872 20.418 -0.027 17.754 10.915 14.927  6.998 10.415  3.601 26.271  5.042 
 8.446  7.325  4.813  0.712 -11.239 -1.824  6.919 17.874  2.282 -0.399 -0.842 
 1.810  2.268  2.744  5.311  5.557 -15.820 -3.313 23.181 16.656 20.210 -2.720 
13.814 11.337 17.282  8.715 10.828  4.692  8.146 -2.145  7.699 17.256 15.659 
 7.289 18.641  4.677  4.966 26.259 -4.203  1.989  9.840 14.909 29.658 24.471 
12.648 19.149 25.197  2.812  5.999 16.837 -3.632 12.467 27.533 -2.742 19.455 
12.532 12.876 -11.271  5.196  8.840 14.357  1.233 16.801  5.260 -3.635  4.097 
 4.632 -1.288 10.359 -15.687 15.420  9.310 -6.022  4.522  1.598  9.130 12.279 
 2.883 -6.698 13.474  5.016 -1.397 -6.972 12.877 11.804  1.168  8.794 13.397 
-1.602  0.099 26.046 -4.394 13.403 17.526 -9.026  6.682  6.765  6.591  2.783 
-2.762 19.756 -1.245 31.726  6.718 -4.449 -2.471  9.154 -1.793  2.149 13.367 
 5.687  5.398  7.832  1.880 -0.002 -1.783  5.462 21.701  5.044 24.770 14.043 
21.988 -4.174 -2.509  4.794 14.503 15.209  2.588 15.872 14.232 -0.962  2.757 
 1.547  3.136 11.663 -1.377 -0.685  4.914  4.984  6.814 -3.657  7.692  3.120 
 8.102 10.597  2.739 -4.554  1.722 -5.790 -2.594  5.129  9.971 20.532 -4.193 
-2.078 23.338  0.178 11.441 17.320 13.289 17.239  0.309  1.430 13.487 38.230 
-0.079 -1.869 15.998 -5.389 25.573  9.155  1.380  3.591 -9.653 -0.879 28.832 
12.215 11.394 -19.229 -7.971  0.872  2.673  8.326 17.670  5.444 -5.557  6.744 
16.237  3.745 13.004  9.641 -3.249  1.058 -5.242 10.258 17.300  2.036  1.217 
 8.650 23.636 12.499 10.035  7.696  8.100  7.390 15.463  6.561  2.106  8.517 
10.138 11.014  7.661 29.370  1.087 -6.635 -8.243 11.658 22.423 -10.090  8.261 
46.480 -2.121  2.900 13.104  2.414 -3.979  8.193 -9.033  4.971  9.557 19.032 
13.828  1.623 13.788  5.739 22.047  0.551 13.484 25.099 10.749 14.831 22.027 
 9.756 -11.157  9.706 40.049 19.706 -1.427  8.721 -7.206  8.288 -6.720  3.344 
 1.743 16.284  7.949  5.990  7.170  8.633  9.469  3.165  9.274  3.181  1.350 
16.368  5.050  2.064 21.609  8.101 11.762  5.726 14.824 15.606  5.648 -1.297 
10.727  2.320 -4.343 15.528  4.668 16.196 31.334 17.082  3.203 18.214 17.434 
12.289 10.270  5.313 18.655 19.340  0.725 -0.655 13.734 15.060 -8.670 11.521 
-3.181 18.178  3.495 -2.501 -2.637 26.386 12.089 17.487 11.638 13.374  7.092 
21.345 -4.823 15.604  3.218  4.788  3.884 13.353 20.330  5.309  7.825  2.069 
13.060 31.817 20.582  4.848 25.001 12.187 -14.237 25.089  7.217 28.629 12.709 
-3.250 -5.149 21.661 12.131  3.707 -3.378  5.074 11.254  9.329 17.778  6.422 
-4.023  4.645 21.307 25.969 19.271 -1.558  6.666 -3.433 -13.425 25.551 14.757 
 9.529  4.173 -11.079 18.929 28.310 28.211 18.200 25.715 28.923  6.935 10.222 
13.784  3.273 18.620  5.426 10.061 12.382 -1.597 20.578  2.388 12.950 -2.491 
 7.160  4.280  5.676  0.240  5.796 14.947  3.594 -2.538  2.790 11.883 -3.583 
 3.740 19.110 26.389 23.641  9.316  4.234  9.966 15.317  9.988 -1.310 27.204 
10.265 11.710 11.674 23.041  8.644  6.638  1.542  4.116 35.377 15.085 21.975 
 6.078 17.582  1.477  8.609  9.001 26.422  7.652 15.919 -0.043  3.212 10.905 
24.061 13.068  8.237 -2.765 21.294  3.103 -5.615 14.605  7.246 -9.429  9.311 
 3.963 23.353 12.430 19.402  7.819 20.422 10.215  7.647 13.222  6.858 13.088 
11.151 34.237 -5.588 -12.068 10.957 12.283  9.638  0.225 -3.444  3.848 17.868 
14.241 -9.851 10.779  7.394 -7.584  8.355  6.381  3.386 17.270  3.076  8.655 
21.518  2.547 12.616  1.482 28.007 10.906 -0.147 -1.514 17.765 15.996 21.445 
15.503 -16.124 13.974 12.160 14.885 17.937 -4.952 23.253  7.066  0.407 14.536 
-3.668  6.596 14.958  7.686 -1.106 -4.969  7.410  7.730  8.405 12.982 14.061 
16.630 12.253  3.552 10.817 15.919  8.931  9.422 -9.671  6.425 21.453  8.470 
 3.459 21.329 -3.483  0.257  3.792 12.411 10.650 14.324  3.376  6.562  8.432 
21.195 19.049  0.755 -10.907 12.604  9.986 -2.588 -0.784  5.705 10.211  3.034 
-3.325  7.529 -1.852 19.746 10.191 -7.008  0.798  7.231  1.654 18.437 -4.622 
19.143 33.094 15.822  6.463 13.061  9.502 28.246  0.821 17.111 20.907 13.923 
21.929  5.660 15.577 17.768  3.647 -9.164 25.382  6.048  7.425  2.763 15.865 
-2.027 -0.750  3.085  3.576 12.895 18.715  6.023  0.114  9.288 11.507  9.082 
21.294 19.029 17.253 13.623 17.094 10.804 -3.334  9.967  3.344 15.338 14.091 
 7.701  1.876  7.360  9.045  7.783  9.556 -21.344  7.087  8.503 11.632 15.735 
 4.249  3.606 25.281 13.885 -9.069 16.158 10.867 18.734 -4.490 10.537 -6.333 
 1.301  6.588  9.556  8.132  6.665 -4.596  6.948 -9.621 11.012 18.863  7.970 
 9.731  2.531  8.183 -1.145 -1.750 15.107  1.094 -1.372 -12.750  4.691  6.351 
-0.131 -4.034 18.815 18.181 -0.964  9.964  0.850  9.329 31.557 18.510 14.616 
10.276 -3.640  1.175 10.423 14.632 -8.360 -4.931 -4.902 19.819  0.134  1.868 
-4.204 19.993  9.430 -15.317 13.013  5.083 -15.606 15.056 10.948 20.875 -15.352 
17.824  0.460 -5.325  1.345  7.034  8.038 22.933  3.265  7.449 10.900  9.753 
18.254 -9.897  7.637  2.588  3.302 11.910 23.009  9.065 -0.060 13.731 26.103 
 5.682  0.247  6.996  5.531 10.355  3.003 21.415 16.855 -3.714 14.286 23.462 
15.741 10.109 11.291 11.231  2.659 -2.473  3.772  7.658 -1.318 19.091 -4.988 
15.310 13.458 16.911 19.914 -1.713  9.961 12.571  0.674 -8.537 10.569  8.067 
-4.566 -2.465 19.480 -4.505 31.417 12.280 20.609 16.638 21.835  4.932 19.900 
10.278  8.214 17.189 12.663 -0.936  5.194 -3.890 24.843  8.176  5.758 -1.247 
26.676 11.636 -3.913 16.447  8.250 -15.774 -3.610  4.142 11.248 -1.268 20.072 
14.380 13.369 18.186 15.151 -10.813 20.336 19.798  5.036 10.861 -7.098 -2.444 
15.458 15.670 26.179 15.920 24.458  9.983 -0.492  4.537 18.795  6.710 24.186 
 3.611 -10.141 10.012 16.861 17.615  1.019 24.725 25.814  5.448  7.249  3.774 
13.287 11.862 -0.255 -12.072 10.624 -4.361 -7.651  6.556 -6.928  9.848 -10.159 
 9.507  6.973  4.041 16.486 17.069 13.734  2.252  0.975 -3.852 17.066 19.455 
10.040 12.973 -16.949  2.317 14.674 -8.491 -2.960  3.028  2.930 18.892  6.576 
 8.654  7.608 17.744  6.695  5.482  2.085 -0.131 10.305  8.261 16.313  7.316 
 6.321 23.471 14.300  0.711  5.250 13.084  1.615 14.384  2.119 28.709  9.719 
27.675 -3.432 -12.161 15.422 28.200  9.817  4.749 -6.172  5.930 16.624 18.145 
-5.513 10.009  4.758 -2.234 -2.966 13.635 -0.444  0.062 16.479 14.289 -2.101 
15.051 -1.619 14.336 10.795  2.209  5.254  4.113 13.612 -0.424 20.858  1.562 
11.675  1.851  2.555  9.440  5.269 10.034  4.118 10.721 20.599  3.717 11.580 
16.726  3.063 10.989 17.538 10.627 22.774 -0.476 -0.716 15.350  9.905 22.957 
21.607  6.328  7.264  4.286 31.738  3.621 -13.437  9.953 24.484  7.954 17.995 
 4.449  8.277  8.860  0.485 -4.720  3.829 13.858 -3.279  1.665  8.428 10.567 
 1.561 15.375 21.139 11.208 14.136 -5.370 13.962 -2.572 18.978 17.203  8.235 
22.014  8.301 15.540  3.412  0.066 -8.028 -4.724  1.210 18.165 -3.172  9.577 
 0.208 20.664 12.584 11.194  4.859 11.918  8.118  0.564  6.056 13.381 10.833 
-5.543  1.897 20.865 18.959 13.191  8.893  4.901 -13.972  9.671 11.931  4.200 
 4.905  7.511 10.343 15.464 21.637 12.573 -6.863 13.713 10.537 10.730 22.547 
-5.174  7.836 -6.134  3.357 19.267  7.576 -3.942 -3.942 21.862 -1.632  8.044 
 4.355 16.763 12.714  4.837 -0.609 20.620 -3.021  6.813 15.484 11.555  8.236 
-5.422  8.740  7.727 17.639  8.161  6.651 14.934  5.140 20.662 25.791 23.394 
 8.409 -2.501 -0.491 16.307  2.829 10.194 -5.881  2.161 24.814 10.038  0.383 
11.290 23.487 14.414 10.916 10.827 10.817 12.489 -2.586 -1.079 -8.703 13.646 
12.837 12.546  8.460 10.742  0.384  5.241 11.730  9.806 30.851  9.129  2.119 
 0.688  4.383 -8.767  5.987 -1.880 10.895 -0.876  4.978 13.268  5.245 11.294 
 6.836  8.902  8.105 -5.151 17.751 -6.144  2.204 14.099  9.827 -0.095 31.132 
 1.806 13.875 -5.692 -0.510  4.098 15.515  9.879  7.783  3.474 17.677 18.351 
 2.421 14.580  9.933 12.585  0.722  3.757  1.785  4.237  4.415  3.634 -2.565 
24.527 18.379 -4.450 23.931 16.536 14.712 18.547 -3.216  7.127  0.602 13.740 
-3.161 10.947  5.197 10.428  1.729 31.809 17.680 17.059 -0.754  1.259  9.802 
14.411 -5.963 -3.332  1.108 23.552 14.688 11.192 23.673  3.517 -1.831  8.299 
-9.447 12.944  5.429 -9.582 10.653 -1.846 11.932  0.510 12.476  4.367 16.764 
17.072  7.878 -6.982 10.783 14.372  2.733 11.911  3.938 -0.798 10.918 -1.064 
-20.428  8.122  6.115 10.981 14.424  8.007 20.472 -1.184 10.287  8.650 20.992 
10.947 22.828  6.371 -17.903 24.972 -7.454 24.415 -0.206  7.036 11.104  7.410 
 7.738 -6.265  8.085 35.944 17.912 34.939 18.917 -3.711  8.380 -0.689  1.916 
11.065  0.226 -5.088 -2.434 -3.431  1.358  2.897 26.257 -4.000  4.098 18.581 
15.900 15.371 -26.036 12.169 19.687 13.236 12.853  0.573 -5.484  3.082 19.947 
 5.352  9.486  9.006 -10.221 20.738 -12.970 10.650 14.810 -0.879  8.094 12.744 
10.553 19.928  7.675  0.091 -7.314 13.803 15.063  2.125  7.387  4.923  7.972 
15.540 -10.467 27.931 11.922 24.316  8.046 14.016 13.332 -6.744 23.794 12.637 
-1.147 17.222  7.202 -6.883  3.323 10.613  9.247 -0.998  1.625  5.662 13.319 
 6.997 15.476 16.318 12.232  0.742 -2.858  2.735 -2.372  5.128 10.272 23.505 
-12.718 14.710 25.837 10.788  2.194 10.767 -1.483 10.994 -1.624 -2.233 -0.147 
-0.220  0.191 -3.476 -0.916  7.227 16.091 18.563  9.183  1.977  7.334 17.562 
14.055 -1.857 -3.753 11.693  3.223 -5.534 21.212 20.622  2.240 22.551  9.214 
 3.723 13.231 -3.196  3.051 10.149  1.719  4.361 -10.602 29.953 17.983 10.123 
 9.371  4.482  8.737  5.882 12.300  9.477  4.024 21.069  2.642 15.317 19.753 
-2.264  3.758 24.880 19.545 31.619 13.496 20.021 21.607  9.752 -2.467 17.156 
-1.871  3.450 13.594  2.575 15.635 -5.405 19.395  6.470 20.861  9.558 -14.058 
 6.888 21.910 21.390 -2.787 -5.764  3.253  5.000 10.809  1.024 23.818 14.101 
-9.347 29.575 15.574 15.726  0.246  9.906 22.556 11.998 14.446 14.779 14.128 
12.532 11.621 -6.389  7.106  6.602 -5.914 10.648  7.985  2.636  5.167  7.718 
21.173 34.521 13.847 18.429 10.593 15.102 16.738 -1.000  5.450  1.591 12.651 
 9.753 20.106 -5.408 -2.305  6.524 38.173  3.965 17.276 -8.804 -7.264 -3.100 
-4.890 -1.340  5.010  5.179 -8.113 22.026 37.265 14.262 11.638 17.287 -5.231 
10.304  8.367 16.936  8.150 20.453  8.007 -12.548  6.549  8.083 19.394 17.460 
 7.083  4.702  0.071 17.746  8.788 11.735  0.486  4.021  8.596 14.851 11.790 
22.959 28.930  8.845  6.789 12.861 20.433 -17.317 16.624  8.078 12.919 25.598 
20.782  6.748 13.579 16.979 -8.918  6.475  8.797 15.213 -1.124 -3.443 19.387 
15.130 18.829 19.795  3.298  1.467  7.067  8.550 17.495 20.921  0.163 19.468 
 0.713  1.723  2.188 -15.368 -10.466 17.793  4.259 -17.717  3.231  4.278 12.713 
12.773  3.409  3.286 -8.194 -7.175 12.055 31.239 14.526  8.177  5.130  6.288 
15.191 -6.141 -5.365  6.955 18.155 13.844 28.592 17.202  4.988  7.727 -4.865 
20.357 30.301  2.561 19.083 -3.279 29.659 23.078 15.904  0.335 15.475 -0.686 
 9.752 10.993  2.300 23.549 18.522  8.221  3.644  6.548 -0.973 18.560  6.081 
 6.807 29.895 -3.293 16.481 17.311  4.245 -7.084  8.214 -0.749 -8.942  2.558 
12.144 -3.863 20.799 17.440 19.455 11.382  3.929  0.437 23.878 -7.753  5.428 
 6.460 20.571  1.330  9.519  8.584 19.386 24.834  9.057 10.854 -1.220 14.405 
 6.813 14.924 17.674  8.508  8.405 18.693  7.157 -1.551  3.327 -2.249  5.846 
14.186 -1.205 16.819 11.910 20.921 11.262 -0.493  4.023 20.391 11.608  7.738 
 1.701  6.232  5.516 -2.648  8.494 -1.625 28.038 -0.998  5.420 16.009 19.238 
-2.329 23.473 14.558 -12.421  0.142  7.552  9.876  2.916 -12.485  1.099 13.314 
 4.003 24.000  4.281  6.925  5.594 13.197 -11.691 -3.383 10.574  7.953 15.275 
-16.064  8.208  3.097 20.083 18.058 13.104 15.293 21.657  7.996 13.858  5.318 
 3.066  9.655 18.335 29.755  3.774  3.025  5.370 19.251 10.916 12.653  6.323 
-2.283 22.622  7.495  2.491 13.742 -8.084  5.807 18.821 -12.823  8.551  6.284 
-10.658 28.553  5.939  8.435 19.152 -1.550 -11.441 -3.517 14.605 -3.958 13.708 
15.195 13.085 19.157 -11.257 35.903  1.707 -10.676  5.583 10.713  3.302 13.841 
10.465 20.289  9.693 -2.192 16.418  9.889 10.335  9.791  0.256 -22.764 16.337 
 3.084 23.064 12.854  7.308  4.272 12.004 -3.518 -10.059 20.533  0.484  3.472 
 6.825 -0.554  4.107  5.543  1.112 -2.967 25.468 10.752  5.473 -7.718 13.307 
 1.134  5.333 -0.598 -8.397  9.286 -1.824  8.002 17.437  1.589 22.958 -7.774 
 9.361 15.942 17.738 10.168 22.863  1.739 -10.688 22.248 20.715  1.391 -2.077 
 4.247 29.242  9.836 12.824 11.331 12.996 -2.748 15.771 18.968  3.892 -3.296 
 8.926 -5.531 10.372 -4.526  7.820 -7.252 -5.797  9.057  9.975 20.821 19.814 
-6.870 20.055 13.480 -1.022  3.789 10.596 19.059  9.402 10.183  9.011  1.783 
-11.137  9.060 12.177  3.326 12.629  2.880 -1.276 17.686 -7.834 16.639 20.231 
 7.180  8.322 20.141 -3.035 13.603  1.551 -11.985 -17.087  6.735 17.615  7.721 
12.211 -0.987  2.804 32.547 -3.140 14.561 -3.201 20.706  1.779 -0.413 18.808 
14.945  1.323 -5.939  7.474 12.684  8.209 10.355  7.326  9.796 14.125  6.224 
 6.779  0.488 11.040  1.355  4.430  6.384 -18.837  6.263  0.813 -2.685 20.265 
12.072 11.332 12.849  9.966 13.260  3.113 -11.971 -5.170 11.800  4.114 -3.421 
12.061 28.722 13.097 14.956 13.152 -1.497 -0.179  9.079  2.870 15.241 -2.895 
 7.459  4.071 18.929 14.065 -5.387 -2.810 18.987  3.441 14.323 13.500 16.128 
 7.423  0.039 17.469 30.239 18.638  9.745  6.635 17.657 11.060  0.759  6.430 
11.546 13.888  4.053 -3.977 -10.651 12.260 12.332 13.774 11.780 26.706 -1.701 
-13.397 16.283 30.279  7.449 17.807 -0.533 13.199 13.840 12.531 17.557 19.471 
12.762  9.202 -10.440  3.176  1.386 -6.391  8.212  2.116 -8.046  6.451 10.792 
11.545  5.689 10.323  7.688 11.783 20.790 17.451  2.527 17.869  7.345 25.026 
12.925  8.638  3.062  8.889  0.381 -7.955  6.112 10.665 -1.134 13.932  7.970 
14.197 12.807 -3.072  3.959 14.409  1.121  1.147 12.596  1.450 -7.500  7.820 
22.266  4.125  9.711  6.683 13.312 14.996  0.387  2.922  7.707 20.638  8.451 
12.234 15.133 24.842 16.253  0.846  2.449 -6.350  9.527 18.237 11.178  6.130 
22.724 -3.859  8.554 27.771 17.038 23.949 -1.840  3.914  7.911  2.134 -3.396 
27.119 15.728 -2.639 12.458 -4.508 19.545 -2.752 -1.330 10.608 11.047 30.081 
20.566  7.490  9.274 21.511 -6.926 15.220 12.965 16.763 24.316  5.583 -1.569 
14.771 11.464  6.569 16.363 13.323  8.378  3.789  2.508  6.911 16.079  5.413 
14.067 26.599  3.999  9.701  3.578 -6.722  1.377  9.693  7.981 21.192  7.680 
 4.424 10.479 27.964 11.883  6.250  4.081 10.668 -4.557 19.212 28.715  1.927 
 5.864 19.931  7.901  7.511 -3.805  5.752 -10.516 12.653  7.820 10.438 -2.317 
12.462 -5.947 -9.798 16.596 14.135 14.477  8.075 13.118 16.066 14.857  2.075 
10.756  7.680 -2.906 13.447  1.024 -12.419 21.170 33.435  5.807  9.295 16.702 
15.989  4.577  6.841 16.752  7.747  5.677 12.849  9.589  3.403 15.031 -8.762 
17.265 -0.064  0.789  4.194  6.305 18.946  7.676  6.878 15.036 12.807 28.601 
 2.032  8.447 -0.546  7.944 30.117  5.566 15.115 35.872 -5.468  7.120 -4.540 
 9.623 17.097 12.566 27.559 -0.088  3.163  6.383 10.965 -1.882 -2.138  3.461 
18.407 16.338  1.027  1.727 12.349  4.080 -5.534  8.329  4.430  1.876 26.009 
33.792 19.932 19.926 -8.150 -4.302 17.468 11.945  5.212  3.145 17.559 17.795 
31.331 16.351 -4.360 10.355  6.511 14.907  5.946  5.447 11.356  4.883  3.392 
17.614 15.977 13.806 10.510 20.105  8.510 12.496 16.956 13.391 28.746  0.017 
 2.465 21.251  9.622 -6.587 -11.744 11.551  9.377 21.123 20.163 10.346 13.115 
19.481 10.523 -11.660 11.298  1.503 13.966 21.713  1.335  8.810 -3.047 -1.695 
 3.636 12.099 -0.861 14.375  0.457 20.511 15.132 25.309 -0.657  9.171  5.945 
14.099  5.673 -0.102 -2.054  0.595 11.849 22.679  7.162  1.099 20.926 19.864 
 0.513  9.915 18.524 15.946 11.249 33.316  4.999  2.548 16.752  3.662  6.665 
-2.646 36.187 12.126 23.388 -12.435 19.738  5.851 -2.395 10.788 -0.954 27.318 
15.902  5.242 19.787  2.798 14.800 17.582  9.499 17.438 -8.228 -8.774 -3.847 
-0.556 -4.697 15.397 13.893 -3.404 16.903 -4.767 -8.332 11.703 17.645  2.160 
10.607  5.873  9.832 -4.775 -1.452 -3.264  3.081 16.192  2.998 -5.571 -3.733 
 8.720 -2.146 12.205 10.644 14.227  0.204 13.873 23.344 16.337 29.399 20.424 
11.681  9.971 15.345 -3.310  7.503 -1.799 12.392  5.414  3.510 10.771  5.787 
 6.161 18.678 12.199  0.298 -1.800 12.189  6.959 -10.728 -4.193  0.002 -8.613 
 7.134 14.120  5.990 21.487 12.706 -6.092  4.016 13.399  3.884 15.120 22.125 
31.162 16.751  4.135  0.153  6.764 -11.363  5.262  6.599 31.462  2.262 13.635 
-8.320  5.240 13.414  3.550  4.550 14.860 20.149 -0.999 20.502 -5.422 -14.044 
21.171 -0.786 17.364 13.069 13.423 -2.224 -7.897 -2.232 11.206  0.779 15.983 
12.837 -20.023 13.789 -2.113 -3.593  3.543 15.131  0.249 13.081  2.072  7.737 
 1.140 15.733 10.174 23.142 15.691  2.243  2.564 14.932  1.421 19.421 13.540 
16.372 12.129 19.078  1.940 10.816 37.798 15.097 10.916 19.565  9.431 12.333 
11.806 21.185 -0.524 27.935 -11.954 15.619 17.848  7.454 -6.774 18.269 -6.899 
16.933 21.277 20.585 -5.114 13.955 -0.028 -10.698 12.326 -6.117  7.279 -0.261 
17.785  4.174  7.479 15.090  3.076 29.355  5.728  7.095 12.768  2.494  8.240 
14.483 -0.342 15.319  6.785 10.463  4.316 24.242 -10.542  7.254 18.305 -4.350 
 9.773 -1.162  8.952  2.897  6.942 10.259 14.773 -1.362 -2.185  4.067  8.031 
-5.951 14.301 15.708 10.960  8.974  9.011 16.347  3.536  9.443 -2.471 12.654 
16.954  8.939 14.465  8.402 13.577 -3.246 18.229  3.694  6.311  8.976  6.366 
 6.504  1.706 -1.046 19.154  8.862  8.383 20.430 -7.420 13.304  4.611 27.665 
24.156 -13.788 30.525  8.310  6.527 -2.426 32.840  4.796  0.375  2.432 -7.594 
25.779  0.009 10.779 -0.976 11.354 12.386 -7.595  4.958 16.318 23.633 14.740 
21.933  6.046 23.179  8.099  0.119 21.684 15.470  8.725 15.874  4.679  3.725 
15.771 -2.548  6.080 26.423  3.289 -2.740  2.464 14.225 12.431 -2.905 15.017 
13.476 25.750  2.214  7.073 -9.070 -11.935 10.318  0.422 19.491 -7.823  3.262 
27.337 26.948 14.213 14.414 -22.832 -1.788 -1.636 -6.812 18.927 14.922 11.946 
22.545  1.237 21.424 11.579 15.182  1.196 -0.040 23.363 22.083 18.696 12.385 
 7.499 -5.091 15.390 17.867  6.258 -10.754  6.584  4.468  7.462 -4.701  3.542 
 8.056 16.512  7.701  6.556  1.578 11.097 -6.714  1.353 27.222  0.385  0.953 
21.301  5.056  8.960 14.459  5.407  0.862  7.546 22.919  9.787 13.109  0.089 
-11.465 12.929 -4.430  3.494 10.725 -5.427 21.496  8.430 -7.678 17.713 13.262 
22.820 15.370 11.386  3.462 17.500 -2.316 -4.903  5.650 -4.702 17.586 33.354 
 7.473 10.470 -0.559 -20.787 -1.955 -6.755 15.827 -6.203 11.718  9.598 18.424 
 5.204 19.469  1.807 10.236 11.812 -12.155 14.025  3.294  8.669  8.770 17.000 
-7.506 24.779  9.049  6.531 13.532  4.330 15.067 20.486 13.600  6.512 27.328 
-8.794 25.842 14.222 11.778 -6.944 15.682 -4.400 17.608 -11.578 15.939  5.104 
-0.638 13.820 -16.064 14.479 29.802 16.480  4.387  4.361  3.082 13.247 11.657 
 6.624  4.336 -4.344 20.141  1.988 -16.680 15.898 14.428 20.299 16.834 -3.596 
 7.966 17.423  6.310 10.401 31.694 21.975  2.607  9.136  1.206 16.693  9.122 
15.787  3.359  7.898  1.291  6.357 -0.146  4.266 -2.373 18.619  9.212 12.204 
 9.528  5.450  7.810 -1.241  5.020  9.327  4.209  4.107 10.389 10.014 -4.922 
-1.618  1.887 11.469 19.822 -6.123  8.148 -0.339 -0.797 11.860 -1.968 13.116 
10.930 -18.232 22.107 24.155 15.472 -0.649  9.483 -5.961 -7.367 19.480  6.476 
 9.099 13.525 21.908  9.258  9.408  8.846 10.419 -0.739 20.395 -7.154  6.792 
-4.712 10.955 23.955 21.651  5.687  9.875  0.733 18.921 21.827  3.279 14.064 
-4.418 15.893 11.801 12.327 11.371  4.690  6.404  9.028  6.881  2.182 -1.096 
 4.023  7.627 17.761 16.058  7.218 11.731  9.965  5.421 18.879 -0.498 18.001 
 3.791 13.758  6.716  4.112  8.092  4.785 17.248  8.261 14.559 23.442 21.285 
15.394  8.488 -2.087 -2.999  6.796 -4.595 -0.184  3.794 11.081 -12.720 -16.169 
-1.476  1.455 16.079 16.273 12.556 21.116 20.898  8.676 -8.515 -0.115 14.354 
 6.596  4.228  1.830 20.494 14.840 17.655 11.288 -0.406  1.250 -4.179 13.795 
 8.266 -2.819 -0.448 -6.328  0.596 13.009 18.440 31.083 22.924 15.630  3.428 
12.830  2.577 12.821  9.161  0.919  7.959 21.754  8.302 -10.454 -2.013 -7.270 
15.264 16.580  8.864 -10.436 15.660 28.371 23.755  4.819  5.978  4.033  7.141 
 8.195  9.105 -6.523 23.477  3.597 -11.750 13.688 -9.077 14.567 10.828  4.848 
18.316  1.847  5.451  1.306 15.453  9.160 -5.082  0.263 12.314 -4.632 28.680 
21.306  2.016 14.254 -10.307  7.828 -8.801 10.572 24.370 -1.815  2.858 17.020 
19.542 10.771 15.614 19.667  2.688  6.671 18.239  0.220 11.779  6.571  9.099 
-8.664  1.382  2.266 25.159 23.464 22.235 -2.188 12.931 13.926  6.967  6.373 
25.077 18.036 10.973 -2.627 18.762 -5.543 -2.103 -0.905  3.228 20.013 -1.567 
-5.428 -1.655 -7.341 -3.831 -0.502  2.793 12.536 -3.264 -8.768 -7.959 12.663 
14.137 -3.411 15.285 26.893  2.820 14.371 17.872 -5.609 11.940  3.160  6.496 
 4.751 14.536  5.740 31.058 11.106  7.811 -5.808 18.611 10.142 22.007  5.352 
 8.020 11.633 24.605 -10.076  0.401 15.185 -20.068  6.367 -16.848  8.455 -6.556 
24.629 -4.999 15.221  3.679  4.955  6.403 12.696 -0.263 12.081  3.437 30.367 
 7.428 12.050 23.921  4.211  0.499 16.285  0.366 11.029 14.306  6.276 15.471 
-0.748 13.854  7.306  8.334 20.221  2.312 16.996 -25.341 12.557 13.971 20.686 
13.949 -0.069 -12.747 10.039 14.058 23.186  1.301  4.343  7.639  3.970  7.560 
 6.261  6.473 14.091  7.152 21.826 15.129  9.187 10.226 10.322 -10.741 19.728 
 5.135 -6.962 12.408 13.999 19.897 15.772 15.620 24.676 19.480 24.398 -2.385 
30.952 23.774 20.552  0.961 -1.965  9.410  5.198 -5.065 10.139  5.005 13.836 
-11.552 -9.484 -0.400 14.464 14.187 -3.589  7.675 -2.704 16.763 14.032  9.147 
 3.503 13.870 18.018 18.571 26.328  5.098 -1.928  8.412 10.292  2.939  2.695 
16.215  7.915 16.597 14.836 -7.728  5.419  1.395 17.498 14.730  9.541 21.861 
 8.091  0.089 21.298 -0.353 16.517 15.193 27.673 -5.734 16.116 18.840 10.828 
 6.975 -0.092  3.159 15.868 21.893 12.582  3.415 -10.829  2.882 -7.999  4.713 
24.059 19.891  7.205 22.059 19.473 -7.404  7.490 28.707  6.816  6.353  8.938 
16.446 13.083  5.672  7.006  1.765 16.707 13.733  2.366  0.010 22.886 -1.895 
15.920 13.220  3.442 19.682 25.543 25.216 -0.719 -2.312 13.253  8.834  3.141 
 0.921  9.267  0.946  1.440 11.993  4.825  7.340 -6.718 18.692 -9.963 15.893 
 3.064 -5.603  5.566 -5.031  8.267  7.390 -7.980 16.926 -13.588 12.526  8.484 
 3.315  1.809 10.464  3.044 12.694 18.693 -1.345 18.107  4.720  3.413  1.895 
19.022 19.632  5.041  8.644  5.409 12.718 13.422  7.403  3.810 17.948 14.457 
 9.565 19.962 11.428 -3.437 13.414 14.221  1.911 -2.285  2.229 -19.195 14.564 
16.033 23.593 15.440 11.899 18.329  0.429  0.075 -4.650  3.209 11.517  4.217 
25.745  4.145 26.931  6.375 13.366 -4.194 18.198  1.689 -3.400 16.220 -0.353 
12.270  4.799  6.036 11.653  0.519  0.705  7.360  0.339  4.137 11.636 -0.321 
16.106 12.514 17.998  2.353  3.442  5.558 10.126 -2.832 -6.786 13.787  1.710 
12.588 -5.410  3.551  1.875 -0.053 13.338 14.827 20.244 15.953 23.039 11.796 
14.180 15.613  0.604  4.831 -0.476  9.252 -6.841 23.205  8.899  8.486  0.046 
 6.228 13.285 -1.425 17.304 -7.901 -8.488 -15.286 -8.768 -12.134 13.419  6.028 
 6.539 20.490  2.240 14.462 10.450  7.022 -7.452 -11.518  6.623 14.009 -3.937 
12.509 -2.667 -0.600 -5.183 24.984 -19.769 13.915 14.239  0.989 11.025 11.571 
12.802  3.397  2.764 17.263 16.563 10.856 23.329 14.115 12.654  1.412 15.247 
 2.454 14.738  2.825 -1.362  8.565  3.372 -10.637 20.554  7.494 25.540 27.566 
 6.126  0.506 -4.459 10.533  5.867 10.177 12.860 -9.576  4.890 20.696  8.229 
-0.796  8.740  0.594 17.510 11.182 -0.586  8.600 -2.519 -3.645 -2.543 12.611 
20.759 14.267  9.410 -2.118 -1.606 17.404  4.432 23.951 17.720 -7.335 10.048 
-8.866  6.040 25.861 21.075  7.816 16.546 11.030  2.881  2.861 11.242 17.409 
-18.930 10.101 16.149 13.589  0.662  5.235 19.864  6.575  1.917 16.473 19.849 
37.857  7.275  5.803 24.487 24.810 -11.196 -0.821  0.343 11.408 -2.166  5.762 
23.914 44.799 24.459 12.398 20.411  5.074 11.932 23.215 14.430 29.552 11.033 
-3.614  3.861 20.923 -0.921  0.826 14.762 12.770  0.447  0.759 21.641 -4.090 
 5.509 -5.299  7.698 14.819 -4.533  4.779  6.858 10.899 19.672 10.609 16.676 
16.724 -14.435  0.107  9.259 13.407 24.233  7.825 11.386  6.225  7.321 19.282 
16.866  1.774 26.619 20.835 14.545  5.554 10.951 19.353  0.821 -17.424 17.710 
 0.752 16.653 14.383 22.113 -4.934 -0.460  1.646 10.477 -1.500 -0.811  3.760 
13.493 18.036  4.348 -13.131 12.500 -9.004 22.416 -6.809 15.651 17.294 -0.011 
25.991 24.165  3.906 14.532  9.187 10.773 21.403  8.794 22.939 -2.666  9.903 
 7.278 -1.819 33.902  1.140 16.182 -0.378 -0.771 -2.633 20.545 -6.941 16.400 
 2.523 19.320 28.404  2.523 13.191 19.971 15.904 -5.994 22.690 14.338  0.954 
14.139  3.813 -3.834  4.838 19.168  7.960  6.262 -0.997 11.565  7.749 24.665 
 7.448  9.791 10.257  0.389 -11.993 17.129  6.005  5.023 41.710  7.232 31.343 
13.801 27.386 22.766 19.434 19.618 -7.859 -1.872 -0.911 23.508  6.146 16.419 
 4.318 16.632  2.410 22.242 17.103  8.581 -7.524 12.435 29.798 -1.556 -14.362 
 6.461 26.203  5.215  0.422 12.197  0.813 16.529 25.385 11.284 22.320 13.404 
 3.699  7.429 10.505 28.339 -1.483  8.796  2.837 18.642 14.186 16.372 10.217 
26.937 -9.435 10.879 13.211 11.573 10.282 13.742 21.044  7.664 -11.198 14.866 
-0.250  7.595 11.504 20.185 -7.182 11.633 17.589 29.347 10.485  8.001 15.326 
-2.764 -10.924 -0.419 18.398 21.096  4.145  3.693 -14.935 13.960  4.359 13.904 
12.009 21.954 23.560  9.486 25.680 12.985 15.023 12.202 13.936  7.564 17.652 
 9.648 16.174  4.564  7.372 -2.817 10.775  2.203 17.645 11.833 18.152 -1.963 
 6.168 -3.922 18.461  6.125 16.409 16.745 11.128  0.122 13.166  3.139 -6.394 
-1.795 20.031  8.859 -0.386 -11.215  6.243  0.268 -4.823  7.491  3.985 24.574 
10.405  8.909 -3.968 -1.194  1.588  1.929  1.735 27.138 13.671  3.262 11.160 
-4.582 -3.799  1.991 19.537 -1.217 11.683 20.512  5.757  6.109 12.710  2.327 
15.216  9.372  0.062 11.624  0.029  7.764 -11.123 -1.077 22.914  1.132  4.827 
13.290 14.897  3.199 16.405 -3.327  6.746 23.160  3.146 21.461  6.710 -1.236 
14.519  8.834  7.559 25.774 14.837  2.918 11.851  4.757  3.102  1.943  7.372 
 8.883 17.571  9.443 -12.841 -10.930  7.389 -4.826 12.558 10.439 18.811 20.586 
-5.909 -8.226  1.637  9.644 13.471  4.045 21.909 23.503 19.457  7.063 31.140 
11.873 10.924  5.621  1.938  2.779 18.035 20.995 22.863 19.836 24.659  6.421 
24.830 21.556 -8.234 -7.753  7.936  4.953  3.210  0.220  1.271 28.486  6.508 
24.859  9.346  1.201  2.471 15.547  3.081 14.164 36.305  9.499  4.568 17.801 
-16.481 10.876  6.642  8.931  4.014 -2.322  5.804 32.535  4.390  2.617  9.243 
 3.698 -2.352  4.983  8.808 13.271  5.357 -7.192 -5.322 21.745 25.263 -4.651 
16.306 -2.465 -1.042  7.636 12.687 13.427 14.021 26.488 -8.411 14.495 11.453 
-6.361  6.636 13.984 14.225 13.398  5.613 -0.146 12.667 15.660  7.835  5.383 
20.008 10.206  0.075  4.115  6.090  4.709 11.082 -10.677 14.391  6.064  9.018 
 0.634 -6.088  4.018  2.130  5.354 -11.310 -6.253  9.399 19.783 15.754  7.605 
-7.857 -0.207 22.642 -7.011 16.450 17.443 12.161  6.944 -12.840 14.568 23.074 
12.972 22.531 11.672 16.792 11.775 -4.079  9.895 24.305 12.500 -0.016  8.867 
10.092  7.482 -0.364 10.359  1.080  9.642 -2.893 16.543 -2.621 11.533 -3.508 
13.800 12.568  9.469  8.735  5.129  1.106  1.408  5.510 10.325 16.754 -3.133 
20.394  8.319 10.857  5.056  7.759 -2.115 13.395 -2.275 20.119 15.516  5.571 
 1.580 -1.297 18.277 -15.966 22.678 13.597 10.963 26.403 10.432  0.687 16.658 
21.498  5.162 14.959  2.376 -3.662 -8.252  9.959 15.245  4.912 20.107 16.127 
-7.565 19.238  7.812  9.443  4.813  4.557 26.633 -10.279 14.802 -1.767 20.240 
-0.285  2.573 20.332  0.535 12.218  3.552  8.140 -3.465  9.335 14.084 23.354 
18.712  5.264 15.916  7.553  4.176  4.969  7.179 -8.838 15.383 -0.319 -5.528 
12.473 13.434 -6.479 -5.099 24.358 13.866 19.554 -2.509  1.948 12.088  6.080 
24.477 11.329  2.910  4.640  6.614  5.931  2.884 -7.177  9.599 12.977  2.840 
12.107 -1.661 13.951 -3.904 11.590 16.254  2.045  1.413 -4.951  0.048 14.322 
 5.482 13.956 16.159 38.332 20.116  1.392  4.492 13.989 14.487  7.796  6.088 
 5.252 14.823  2.447 26.945 12.284 10.264  3.985 16.386 -4.083 12.401 -5.393 
 7.890 12.945  9.101 19.064 17.574 17.957 27.167 11.117 -4.553  1.297 27.119 
 2.853  1.352  8.222 -3.106  0.678 -5.513  3.272 -1.285 13.885 22.183 11.581 
11.953  4.178  6.812 23.116 -6.351 14.656 -7.548 10.807 12.499 -2.614  7.297 
 6.340 12.949 30.612  0.407  3.679 -7.429 19.226  4.592  6.744 20.693 25.886 
 9.917  6.646  4.205 13.254 17.747 13.149 11.458 14.387  3.980 17.020 17.819 
43.118  6.238 -0.132 13.835 27.676  9.523  5.519 -5.445 19.511  2.208  1.496 
15.595 19.976  0.678  0.347 -4.584  2.605  3.376 13.139 -6.292  5.467 15.629 
12.330 -2.169  7.902 21.421 -2.660  5.095 -21.988 -22.649 -1.427 -0.000  0.844 
11.438 -7.819 11.638  0.851 14.382  5.123  9.170 -0.327 15.361  8.465  9.978 
 7.683  1.986 37.508  3.251 -2.688 13.208  5.185 -13.094 15.466 -2.440 17.715 
17.393 -14.575 21.062 14.548 21.250  1.349 23.084 12.187 -7.819 27.146 11.187 
-14.942 16.548 19.660  6.768 26.000 19.095 -2.767 -6.889 14.064 14.286  4.117 
34.871 -11.797  3.953  1.921  9.706  3.178  6.821  5.105  8.390 26.237 -2.141 
11.571 -7.366  5.051 15.503 -4.754  9.750 -6.809  7.596 -14.265 33.087 13.784 
19.691  3.295 20.867 10.671  4.951 -3.590 20.437 -11.700 -14.804 25.721  9.266 
-1.909  3.390  3.246 13.115 21.101 -6.477  4.774  8.462 12.084 -1.665 21.491 
 7.383  2.593  8.096 32.750 11.406 13.748 14.337 19.522  9.657 16.095 -6.884 
17.334 19.021  5.345 -1.561 -4.698 10.203 -6.366 21.922 -3.156 12.718 -0.481 
 6.862  5.604 -4.581 -1.347  3.319  4.336  1.223  6.077 15.082 26.381 -4.588 
22.630 19.107 14.153 -0.451  1.288  2.540  1.023 -0.630 26.247 -11.479 15.750 
10.487  5.773  5.414  8.486 -6.181  6.761  0.377 12.382 11.287  6.522 14.300 
-5.561 15.059 -7.783 20.140 17.104  9.822 -10.590 -3.039  3.182 -2.839  0.420 
-1.877  0.813  8.866 11.533 22.750 14.885 -6.780  5.098  4.750  0.779 27.020 
10.290 15.130 -0.101  6.902 24.421 -2.659  1.093 11.008  1.467  0.623 11.131 
14.994 19.386 -13.013 11.085  1.179 -9.051 13.113 22.904  1.242 25.775 25.001 
13.413 12.858  0.709 -0.941 11.062 -2.810  6.791 -11.210 16.054 -0.467  7.247 
 2.070  0.761  6.793 17.370 -3.634 -4.196 -10.888 17.684 15.528  7.543 -8.684 
12.252 10.297  6.066 14.082  3.495 12.761 20.540 11.330 11.325  8.598  1.181 
 6.379 12.844 10.920 -2.744 17.700  1.925 10.182  1.928 -7.097  6.950 11.176 
19.494 15.312  2.028 13.916  0.542  3.782 11.628  8.282 21.774  2.070  4.036 
 2.653  3.742  8.918  9.563 11.009  0.923 16.478  5.613 -8.363 10.065 -5.052 
22.661  5.679  8.197  9.851 20.092 -6.081  2.529 27.943 13.141  8.246 12.182 
14.961 11.306 15.868 14.406  4.275 -3.695 20.884  4.411  5.470 13.882 10.715 
13.342  9.470 31.765 -2.377 14.826  0.547 -5.185  7.555 14.158 10.169 15.562 
 8.480 11.326 11.323  3.946 15.686  8.903 -0.352 23.324 11.653 19.162 12.654 
25.086 -14.621 23.382 17.751 29.495 20.200 -2.756 10.029  0.314  5.460  8.155 
28.878 24.458  3.222 19.751  0.415  3.690  8.233  6.343 -0.616 25.801 11.231 
15.074 16.423  7.042  6.501  4.652  0.944 22.813 21.418  5.711  9.230  2.646 
20.900 -16.625  8.887 11.311 -1.738  4.155 -13.184 13.016 16.393 -7.262 25.655 
10.926  4.812 -4.253  1.112 21.021  5.991 -5.203  9.478 10.193 12.527  2.230 
 8.621  6.520 -6.606  7.294  7.020 20.346 14.609  7.088 38.041 13.803 11.093 
-0.252 10.403  3.148 10.310 11.790  4.152 -6.344 14.614  8.471 -1.689  6.246 
26.014  2.215 -3.548 23.980  8.823  8.248 -25.044 10.600 -3.387 20.430 24.388 
-2.064  0.706 -0.429 -11.666 16.328 -4.423 -3.386 -10.505  6.278 -2.392  5.555 
-9.905  5.004  2.705 20.836 -0.867  9.795 24.345 -2.416 12.632 10.031  5.629 
 8.089 -2.965  6.574 -5.206 -3.773 22.487 23.822 -1.793 11.843 12.981  6.683 
 6.551  6.159 33.460  1.707 -5.814 11.038  2.667  4.538 13.108 18.680 15.241 
11.972 35.915 26.533  6.809 11.268 20.653 -6.356  1.456 -4.494  2.496 -1.568 
13.770 -3.015 11.171  4.282  7.865  1.539 12.131 11.081 22.253 10.693  8.016 
-1.267  8.576 17.347  0.542  0.580 16.556  4.887 13.436  7.185  9.651 22.186 
-1.098  6.673  3.040 14.000  4.507 -0.675  8.831 15.832 -4.571 -18.483 12.330 
-7.864 13.296 13.535 -6.110 -4.855  6.927 12.860 -0.101  9.421  4.812 14.639 
 8.659 15.538 10.939  0.456 10.425  9.714  6.349 -0.202 -0.246 12.764 -2.986 
17.991  6.426 15.287 15.601 17.843  2.408 14.093  5.286 15.802 -12.565 19.493 
 0.233  4.880 -5.058 14.845  5.172 16.733 17.481 19.218  3.952  1.007 11.411 
17.554 -0.060 10.575  4.062 21.167 -0.660  7.218 -6.362  5.112 13.322 -6.385 
14.910 -0.282 31.265  7.231 17.238 20.851 -2.528  3.735 11.260 -4.683 11.690 
21.144 17.942 -2.869 22.010  5.272  9.834 23.865 23.731 10.806 11.936 -1.156 
-3.131 17.983 10.424  0.177 20.534 -6.393  5.246 13.513  8.534 11.793 16.777 
 5.918 15.623 10.690 -2.449 22.316 23.314 -0.974  8.375 32.399 -6.670 11.697 
-0.186  9.728  8.431  0.939 -12.432  2.045  0.017 -1.972 10.063  8.880  7.089 
27.601  3.405 15.585  9.984 13.429  3.362  8.855  4.116  5.621 -2.189 -4.157 
 6.539 16.280  7.843  5.415  4.067 16.123 -1.883 -1.593 10.812  4.240 19.698 
14.441  7.968  6.807 -2.908  9.300 15.208  5.304 12.926 18.524 15.245 11.421 
-0.251  4.324 -6.600 -5.674  3.633 32.262  3.512  8.076 20.369 14.625  0.068 
 4.060 12.300 11.080 17.629 -7.095 -11.157  2.555  3.044 -2.163 -0.562  4.541 
14.732 23.061 -6.769  9.406  5.023 17.717 -1.976  0.944  3.011  1.270 24.413 
-1.002 13.548 -1.678 16.754 16.372 10.824  3.724 15.614 11.220 11.078  3.852 
-1.035  5.907 -5.020 14.369 -0.192 34.477 22.203  0.185 13.497 -8.306 -1.378 
19.056 -4.884 -7.863 -1.790 13.657  4.217 18.716 12.785 -2.427 -4.323 14.576 
24.414  8.905 24.928 -2.045  5.315  0.653  2.483  0.738  1.543  8.219  9.111 
 5.247 19.401  9.701 29.471 19.291 12.408 -4.778 17.105 18.871 14.223 -13.577 
 8.460 24.128 17.067 17.011 31.803 -15.640  9.716 16.151  2.678  8.096 13.739 
11.902 28.960 15.969  1.301  7.621 23.969 11.515 20.417  9.101  2.128 -2.310 
-8.539 11.580 -0.596 22.750 -1.150 10.265 14.722  3.435 11.308  5.780 21.435 
30.247  3.481 16.745 -11.020 30.844  5.583 -3.661 -4.511 15.458 33.092 -13.145 
 3.563 18.143  7.155  2.631  2.856 19.725  4.607 14.327 12.647 16.233 -17.776 
 6.157  3.194  4.539  3.795  0.455 15.241  2.192 15.337 25.873  9.840 21.814 
-3.891  8.213  8.409 -4.289  7.529  6.757 25.395  0.161 -2.631  2.995 19.297 
 5.905 -6.041  2.218  7.049  9.661  9.373  7.846 10.389  8.769 27.033 -2.661 
 1.632 27.253  5.384 24.141  2.064 14.029 17.608 20.656 25.327 17.291  3.750 
22.841 21.255 22.846  3.478  5.110  5.076 22.621 -1.495 10.350  3.511  7.146 
16.938 10.781  7.384  1.697 15.016  6.417  6.928  5.420  4.496 -6.298  4.597 
13.912  0.195  2.321  5.874 -7.447  1.083 -11.028 28.024  4.910 17.965 13.838 
16.459  6.785  4.848  5.044  5.148  4.518 -15.773  6.571  2.863 13.380  5.853 
18.065  0.572 27.122 -0.075  3.034  6.577 -18.034  9.537  2.894 -7.257 10.720 
-2.393  2.974 -4.394  9.850 20.860 26.867 -6.162 -7.475 15.841 29.275  6.259 
12.518 -2.278 23.027 21.532 -6.983 -9.870  0.437 16.031 -3.944  0.843  3.948 
 5.421  5.971 14.096 -5.143 -5.893  6.726  0.744 12.667 -7.249 -4.870  6.281 
19.632 15.564  7.249 -15.280 -4.139  5.299 -1.434 14.069 17.998 -8.342 -5.187 
-9.998  9.887 -3.906 15.950 -5.154 22.012 12.601 -5.694 11.798 -2.984 13.270 
 8.401  8.028 10.649 11.789 30.089  0.455 11.807  2.289  2.429  5.373 18.526 
18.144  7.422 21.604  8.950 -3.624  7.531 15.405 -9.555  9.964  7.994  0.188 
23.858 13.928 32.081 15.694 11.734 10.466 10.969 13.561  9.403  6.154  7.895 
 4.015 11.055  9.094 14.905  2.100 10.871  2.984  6.969  6.003 -1.442 11.180 
17.289  8.826 -14.945  9.733  1.183 24.578 -0.667 -8.772  8.147  0.628  5.251 
17.955 23.570 22.292  0.760 14.072 17.155 10.940  1.194 -2.895 10.722 -4.385 
 6.736 27.836 12.909 -19.674 22.881 14.262  3.583  6.978 -5.034 16.537 15.458 
30.734  5.936 18.616 16.202 14.896  4.727 11.373 21.428 -9.716  4.417 12.283 
12.997 -0.866 18.219 19.567 13.817 13.958 -0.933 21.880 13.374  4.913  3.922 
22.504 18.689  0.443 -7.626 14.532 11.649 -14.646 22.925 -0.475  1.328 -1.131 
 9.174  6.616  3.571 -2.690 10.426 13.374 -12.355 -4.053  2.443  9.737 -6.406 
24.156 -3.298 16.805  9.794  4.933 16.200  1.966 10.502 24.031  4.262  1.769 
10.825  4.896 -3.947 26.203 -4.264 -8.500 11.811  8.991 14.631 12.625 25.191 
 4.972 -15.646  6.357 24.728  5.729  2.462  9.067 20.864  8.836 12.544 11.242 
18.894  0.277  2.611  1.399 11.663 -10.187  0.879 10.472  1.978 -11.592  2.191 
 9.652 20.213  1.772 25.960 21.237 17.036 19.127 -5.985  7.572 10.892 -14.716 
16.736  8.645  6.248 23.698 -2.401 26.271 -0.856  3.744 15.303  7.268 20.282 
-0.801  4.688 12.727  2.572 33.042 -1.604  4.407 -0.123 12.790  7.032 -1.649 
19.920 12.586 17.021 -0.606  3.356  6.251 16.516  7.873 25.558  4.268  8.025 
 9.703 11.523  3.400 -2.408  7.454  3.683  6.351 -1.408  3.653 -0.119  8.286 
 5.589 20.769  2.607 -1.441 -6.182  3.003 -10.317 21.299  8.473 23.463 -2.913 
 5.389 27.584  5.716  3.898 -2.835  6.701 -1.815 -2.698  8.533 -20.632 21.453 
 9.825 12.917  6.488  7.036  0.431 11.201 24.851 29.183  8.048 15.286 10.282 
25.358 13.608 16.715  0.417 11.803 -4.342  0.985  6.413 19.585  1.015 19.562 
 3.480 32.395 20.432 15.893  9.612  7.211  6.150  6.809 21.717  8.034  8.211 
 4.648  0.604 10.560 10.074 16.171 -0.807 10.905 22.698  1.491  6.454 10.696 
10.083 18.165 -14.986 15.951  3.647  3.423 -16.005 12.642 16.627 -2.784  3.352 
14.589 18.050 26.895  5.331 10.768  2.870  7.968  3.908 19.258  3.838 -0.539 
 3.750 15.661  2.597  5.888  0.872 12.035 -0.590 -5.157  5.583 12.023 26.678 
12.427 20.791 20.344 15.003  3.124 -15.277 16.922 30.680 22.163 25.848 -5.170 
 9.788  8.021 16.011  2.567 -1.572 -1.719  4.615  2.530 16.236  6.489  3.169 
 6.425  3.022 10.229 -0.551 11.171  7.650  3.043  6.054  9.579 15.428 15.272 
31.115 12.078  8.674 14.762 12.757  8.376 15.059 14.826 14.215 -5.603  6.619 
15.829 26.289  5.549 -3.995 11.838 10.973  3.429 -12.301 13.714  3.712 -9.645 
13.088  1.623 14.574  9.783  9.434 14.169  8.650  5.476 -9.348 33.730 19.070 
16.810  0.282  6.518  2.358  9.980 -5.089 20.141 11.283 20.670 28.743 -8.383 
 0.007 16.821  1.465  0.768  0.649 -7.205 18.277  5.672 -15.399  6.964  9.276 
14.781  0.651  3.586  6.118  4.065 -2.184 -12.809 11.132 -12.390 -11.698 17.503 
 4.322 19.389 10.448 11.515  5.555  0.669 22.162  9.769 -2.523 24.184 -0.741 
 6.995 12.048  4.030  1.383 21.790 14.780 -0.075  8.060  5.649 29.051 13.891 
 5.360 24.108 -4.530 14.247 10.809 -14.758 12.865 -8.441 32.653 15.718 16.838 
11.187 18.032  3.207 13.575  3.659 15.515 18.248  7.376  6.609 48.718  7.791 
12.263  3.932  6.118 10.847  1.097  6.435  9.501  8.756 -1.379 11.363 -0.461 
11.830 -0.949 -4.249 -7.007 14.208 10.845 30.408 -1.985 14.906 10.237 16.678 
 8.251 21.692 10.028  6.140 -14.824  8.543  4.725 17.612 11.932  6.015 11.129 
12.622  9.652 12.504  7.532  7.266  6.799 -15.498 17.860 10.586 10.596 -3.589 
 1.756 12.052  7.764 15.817 33.277 10.606 -12.089 10.057 19.705  3.875 22.970 
 5.060 17.512 19.667  5.299  2.927 13.663  5.213 -6.576 25.363  5.599  6.870 
33.502 13.139  1.839 -0.548 16.133  9.640 10.285 -7.420 19.347 -7.997 -2.053 
10.479 14.186 19.923  8.103  2.045  7.771 -2.896  9.258  5.369 10.328 16.527 
 9.795 20.490  5.515  3.965 13.532  3.819 11.202  0.855  8.013 10.632 19.664 
15.405  1.527  8.096 14.314  5.604 12.821 -1.281 20.135 13.744 -5.814  3.024 
16.498  6.329 11.618 16.116  7.999 16.316 10.128 12.770 18.457 12.637 -1.573 
27.027 -3.171 14.897 -5.676  2.849 17.823  7.849  2.501 -10.573  0.135 -7.238 
16.903 -5.477 33.822  1.399 23.506 17.684 -0.527  7.704 10.191 13.411 19.076 
29.031 -4.503  6.754  1.482  6.840  9.775 -0.335 17.920 14.733 10.765 27.383 
 1.807 17.815  7.435 11.837 -8.964 12.521  7.771 25.844 19.183 30.169  7.688 
10.032 -6.189  7.448 19.466 -1.715 11.457  7.248  7.229  5.592 11.746 10.523 
10.986 22.302  3.652 26.474  4.563  1.730  5.737 21.378  5.971 13.561 -8.499 
13.737 15.656  4.738 17.223  8.949  2.488 18.176  4.005 -3.768 -1.341 10.467 
15.599 16.412 20.241  8.460 -7.660 -2.185  4.848 20.679 -11.248 -7.991 15.149 
 4.669  9.604 14.722 13.766 -9.793 -6.347  6.298  2.024 19.940 16.111  2.196 
20.261 -1.656 -5.544 19.154  4.608 -2.242  5.181 13.273 14.252 22.840  9.799 
16.733 13.253 10.934  0.054  4.206 15.039 28.561 21.982  8.499 13.068 10.864 
10.523 16.735  1.644 -8.202 17.308 24.034 -9.917  1.776 -13.529  0.779 11.109 
17.931  8.809 11.803  5.643 13.133 13.507  7.833 21.767 -2.435 11.864  0.868 
11.755  8.326  1.828  0.890 29.118 22.325 13.177 21.770  8.248  3.675 13.250 
 2.109  3.572 -4.070  0.620  7.715 12.154  2.975 17.589 20.629  8.684 30.561 
15.303  4.414 14.450 14.514  9.981 18.699  9.549 -1.938  8.882 -3.316 -8.838 
 1.350  0.865 16.523 14.436 23.727 -1.553 10.245 10.048 31.764 -6.954 17.379 
 3.898  8.929 -5.838  8.580 13.107 -4.192  4.654 13.628 -8.495 -5.786  6.998 
 1.943  7.006  9.494 21.349 16.088 18.625 13.285 11.755 13.963 -4.931 18.989 
10.296 -1.539  4.087 -15.896 -0.761 17.149 -7.959  2.185 22.748  3.187 22.456 
 2.988 15.097 21.881  4.224 -8.644 14.634 12.986 11.435 10.544 -4.842  5.261 
-5.400 12.030 -0.376  3.894 14.713 30.094 -5.755  9.571 22.380  3.246 -3.270 
 5.246  5.570  8.932  3.628 14.113  4.677 -1.839  3.233  6.787 -5.097 -9.440 
15.030  3.833 18.911 13.147 -3.236 -7.740  0.217 -1.555 13.422 10.300 28.953 
 2.340 19.653 -0.122 19.561 20.357 -7.076  7.958  9.350 -7.089 17.983 -2.575 
 5.138  6.930 13.039  8.441  1.039 13.955 -2.505 16.828 13.612  5.788  7.657 
15.288  9.714  8.201 13.421 -1.888  6.900 -0.421 13.698 16.095  4.353  2.490 
 6.431 27.026 -1.026  7.396  9.816  6.358 -0.088 13.840 -3.231 -5.982 23.130 
16.179 34.146 -0.735 -8.987 12.504 12.779 25.076 24.000 10.026 13.714 17.834 
10.201 18.914 24.797 12.963  3.417 -2.499  5.933  2.691  8.384  7.824 25.043 
18.461  7.058 19.092  6.261 11.165 20.652  6.358 18.928 -2.308 14.407 27.021 
 3.940  6.915 -4.528 19.818 15.025 10.543  9.486  2.990  9.326 12.280  0.522 
 1.987  4.244 28.133  7.388  6.560  9.417  5.918  5.465 -9.024 -7.728 25.468 
 3.297  2.838 20.616 -8.618  6.107  8.317 12.626  3.947  5.739  2.781 11.593 
 5.474 33.152 14.736  4.322 12.467  1.309 20.541  3.932  5.558 11.441 -11.242 
-3.828 23.555  4.616 17.993  7.201 19.496 -0.784  3.264 17.303  1.830  1.747 
-2.290 -5.053  7.071 22.374 -4.339 18.048 15.923 -1.436  4.302 12.502 12.272 
-0.219  9.687  2.029 11.027  5.578 -7.682 -4.058 24.997 17.202 23.526  5.551 
25.586 11.879  4.185 -2.405 32.286 15.821 11.457 -0.322  9.829 -14.945  5.849 
 2.552 14.116 25.372 -9.620  8.817 12.458 22.722  8.900 17.654 11.412 -13.735 
 6.895  7.425 14.351  7.073  2.082 16.917  0.017 15.042 10.469  2.491 10.167 
 6.933  6.477 -5.526 -7.892 26.425 14.556 11.605  0.087 16.360  6.842 12.090 
14.409 24.998 24.532 22.896 -0.566 -5.693  4.979  5.094  5.634 -3.385  0.608 
 4.733  4.161 11.156 10.989 19.446 -9.185 -0.855 18.245 13.153 -1.558  6.494 
 9.460 19.298  5.365 13.801 -4.318 -17.259  5.425 18.369 -13.420 -9.301 -0.629 
17.239  6.649  2.907  2.787  6.283 10.595 -14.773  4.135 21.580 12.548 15.457 
 1.942  6.300  1.864  8.244  8.306  4.641 10.071 -7.911 13.791 26.655 16.472 
-14.379 18.319  6.704  3.381 -9.695 26.157 11.758 13.798 16.406 -18.955 -0.953 
14.697 -14.010 18.541  3.295 -5.345  7.427 13.347  1.407 18.346  3.342 -3.258 
-2.560 14.426  1.271 11.492  0.845  0.423  1.656  2.093 21.018 -1.447  6.295 
 5.494 18.553 16.056 -0.260 27.704 11.202 -5.131  8.806  4.646  8.278 21.944 
16.881  1.494 17.130 17.158 -16.528  3.384 -2.902  1.146  8.864  4.648 11.025 
21.111 12.128  2.525 -12.922 17.582  4.849 35.744  2.208 24.617 19.584 -7.022 
 5.653  8.409 -3.093 21.565  9.481  9.875 13.700  6.898 17.406 28.981 -3.074 
-6.502  9.006  9.441 -0.051 -6.479 -3.274 -5.876 17.869 -0.902 11.856 13.588 
16.199  8.564  9.291 12.381  2.801 16.227 12.856  9.786  5.170 10.982 10.466 
15.407  8.385 -7.765 14.227 16.818  5.730  2.706 -1.800 -6.304 11.777  1.759 
17.245 -5.741 19.856  5.306 23.872 -2.917  9.635  7.214  4.151 21.287 -1.302 
 0.952 18.471  1.406 11.511 -7.720  0.147  8.859  4.852  7.534 11.457 25.542 
 7.987  7.119 17.452 11.532 14.691 -6.847 15.641  3.939 15.365  6.007 19.513 
 1.595  9.501 16.961 14.377 -2.832 11.136 -4.327 -8.148  7.732  4.412 16.982 
 4.357 16.618 -3.768 14.273 13.996 19.482 14.812  4.094  0.693  2.114 21.369 
 2.951  2.779 -6.588  4.596 11.110 18.013 14.957 -2.034 10.320 20.249 -6.998 
12.138  7.126  8.953  4.132 -8.852  2.389 26.067  6.319  3.384  9.116 19.929 
-8.945 16.187  6.831 -2.694 -3.555  5.622 -5.798 -1.751 -9.870 14.508 -3.814 
 4.914 24.667  6.122 10.088 15.535  3.152  7.685  4.273 14.112 23.888 16.833 
23.317 21.982  0.728  5.554  0.676  2.500  9.780 13.893  1.643  7.483 11.206 
19.567 24.956 -1.574 18.286  7.733 17.623  1.906 24.323  9.447 -10.752 11.126 
-0.442  1.467 13.513  8.891  7.344 -2.524  8.277 -0.450  0.088 10.609 12.941 
16.322 -0.838  8.856  2.495 21.534  9.512 -3.486 -11.416 -6.798  7.229  7.687 
14.911  0.490  3.559  7.109  4.041 -6.917 12.307  3.072 10.345 24.026  5.284 
 2.386  9.371  4.790  5.425 -9.087  3.298 24.368 13.264  1.992  0.828 14.401 
15.560 -2.929 -2.716 11.873  1.700 -10.806 16.886 -4.412  1.701 40.219  0.384 
-11.699 12.668 -8.874  4.689 12.374 18.010  6.072  7.241 15.935 22.380 29.068 
-3.362 19.749 20.719 16.763 -12.349 12.051  4.153  4.789  3.747  2.471 11.155 
19.162 -16.170 20.799 11.128 11.090 -1.775 -5.131 12.712 11.688  6.683 33.066 
17.711 20.412 -3.541 17.505 -7.983 -0.499 42.404 -1.481 12.421 11.298  2.515 
 0.703  2.579 20.386 -4.762 -7.952 -10.135 -7.944  6.431  8.915 29.043 15.191 
16.721 10.225  6.937 13.139 13.902 12.347 15.287 15.821 10.744 -10.340  2.620 
 1.272 10.649 15.925  7.368  1.706 25.322 12.743  3.339 13.715  5.525 19.727 
13.407  1.156 15.506  9.064 14.354 -9.516 10.878 -0.066  1.405 12.583  0.637 
-3.566 24.622 11.584  2.033  7.991 17.812  7.033 10.239  4.297  8.704 -11.271 
19.980  7.047 -0.447  7.181  0.322 12.615 -2.453 21.849 -4.464  4.369  4.174 
25.120  5.222 -8.005 -10.096 18.768  4.472  3.107 11.363  6.995  8.594 26.858 
18.748 -1.574  7.397 -5.340 12.890 -0.485 16.385 -11.319  1.055 30.161  9.335 
-13.788 -9.858  1.737 -7.642  8.591 -1.645  8.255  2.063 10.663  7.646  8.881 
 9.031 -2.941 11.110 20.323 23.512 13.187  2.557 -8.421 17.440 18.680 11.684 
 3.971 19.324 27.514 13.649 -8.861 -2.229  8.729 -0.533 -3.226 17.523 11.783 
 2.677 11.294 16.590 14.570 -3.091 16.653  8.369  9.652 12.760 -1.162 16.290 
-6.760 11.855 25.308 -12.695 10.803 10.724  4.155 17.860  9.101  7.531 14.366 
17.848 12.246 -4.498 -10.466  8.135 19.909 11.359 22.699 14.529  0.238 31.882 
10.333 21.474  4.382  6.967  3.419  4.329 -7.990 11.834 14.407 11.885 -0.058 
10.638 11.485  9.014  5.088 -0.414  5.038 14.832  1.851 13.745 32.826 13.780 
 0.481  1.654 30.991  9.194  9.811 10.904 11.344 10.284  0.854  0.044  8.885 
23.436  6.391 12.269  9.444 10.046 12.132 22.247  3.090 -7.082  2.889 12.848 
19.865 -4.143 14.406 -1.717 14.208 -2.171  0.704 27.812 34.113  6.667 14.671 
-3.886 19.212 17.927 20.588 41.549  4.066 -0.350  9.455  6.752  6.603 15.034 
-10.949 23.085 -4.790  4.504 -4.042  2.245 -0.615  6.020 10.251  2.061 15.148 
22.144 22.516  1.828 11.567  5.132 -14.502 13.051  3.424  4.517 10.031  9.431 
 0.658 19.047  4.651 -4.214  1.803  7.611  1.595 22.576 10.517 17.375 12.547 
17.120 17.229 18.382 -5.757  7.496 14.438 -1.972  2.611  6.991  4.757 11.753 
27.882 19.223 15.971 17.291  3.936  3.479 25.399 29.112 13.336 14.337  3.657 
 8.461 21.884 -10.158  6.105 -4.851 14.790  4.029 -13.767  0.572  7.395  2.413 
 5.703 20.936  9.314 -4.006 21.666 -5.586  7.295  6.996 11.749 12.910  0.621 
19.926 11.820 15.643 13.319 -8.530  7.778 -1.250 13.818 -10.108 23.632 17.563 
 2.375 -10.305 15.515  7.599 -1.577 11.106 -3.296 10.730  6.872  9.971 17.326 
 9.618 26.843 12.794  4.268  8.286  8.499  2.174  1.768 17.502 15.729  9.898 
-4.448  0.858  1.452 12.078 19.081  6.044 14.566  5.122  5.511 -11.465  4.763 
12.187 -3.903  5.329 10.215  4.772 -6.684  9.201 29.579 11.232  3.323 24.819 
 2.102 23.439 18.698  6.729 12.307 10.773 -2.316 11.421 -1.248 -2.959 -7.521 
-0.365  8.296 14.833 -8.187  6.100 18.767 -2.776  0.851 15.351  7.749 26.067 
 9.819 15.925 19.637 -11.754 -6.930  5.740 -7.003 13.975 -5.668 17.114 -0.360 
 8.350 -1.868 -4.750 13.305  5.462 -10.252  8.870  7.678  1.904 -0.581  3.999 
 3.199 21.327 -3.723  3.527  6.415  3.272  3.787 -3.650 -2.096 15.019 21.125 
15.191 13.561 -16.648 28.719  4.648 31.646  7.169 18.609 11.134  7.316 18.355 
23.604  4.949  4.118  5.773 -6.380  0.622 19.723  5.834 11.282 -0.057  4.731 
-4.142 21.431 -5.349 16.249 17.185 23.752 -0.221  5.865 13.197 23.311  6.940 
 4.787  9.644  6.815  5.881 11.613 18.630 10.281 14.071 14.752 18.410 12.839 
 8.731  0.840 12.530 13.077  6.796  5.119 15.503  8.519 31.750  3.013  0.932 
 5.590 10.332  6.785 13.349  2.148 24.838  8.959 -9.422 -16.139 18.964 -3.139 
13.079 14.028  9.686 -2.262 11.238 10.152 12.348 14.698 14.988 -6.646 13.082 
 6.034  3.188  7.800 15.330  6.013 -14.141  4.122 -1.904 13.925 -13.838  5.211 
26.345  7.696 -7.504 -14.117  3.848 12.557  4.994 -20.080 25.416 17.041 20.286 
12.487 19.309 14.291  4.962  2.422 29.831  0.380  0.468 -7.838  9.375  2.866 
 5.527 19.396 13.327  5.237  4.684 -3.381 -7.978 14.256 -4.059  6.169  9.202 
25.951 13.700 -3.483 -5.929 13.451 12.879 15.994  9.506 12.716 -8.636 12.028 
 6.568 32.742 10.505  3.998 -6.544 -1.437 21.047 13.601 -1.494  5.763 15.108 
26.780 -3.472 15.060 17.168  3.819  9.651 20.517 -3.200 14.080 13.810  8.590 
17.211  0.294 -2.306 18.831 14.513 -4.136 28.760 -10.780 -9.755  6.559  7.078 
14.337  2.737 -3.697  1.776 -3.375 15.837 11.490  1.950  8.868 18.605 12.570 
 7.346  9.305 11.074 14.967 16.199  9.899 32.863  3.166  2.995 -11.620 34.877 
-2.257 10.112 24.061 13.769  7.106  5.314 -7.834 21.775  6.599  8.136  6.574 
20.678 -5.921  3.767  4.695  5.941 20.328  3.688  6.738 10.549 -4.228  6.949 
23.810 -3.276 17.866  5.946 22.669  7.161  4.004 10.903 -6.112 -2.469 19.513 
 8.085 -3.726 18.979  5.655  1.854 28.402  9.079 -1.966 12.080  8.841  9.808 
23.130 10.986  2.057  7.907 19.383 21.084  8.929 12.701 23.424 -8.685 21.173 
15.016 10.571  8.581  6.637  2.422 11.484 -2.696 16.629 11.635  6.139 -2.364 
-9.351  6.508  2.320  7.287 11.516  0.010 -3.572 20.445 11.523  8.175  2.680 
15.451  5.139 24.312 14.102  1.572  4.940 10.481 16.765 24.122  5.694  7.814 
13.669 -7.295 -1.014  7.015  6.248 13.785 33.398  9.801  8.002 23.529 26.881 
25.270  2.484 -3.507  7.463  6.233 -5.224 16.738 27.691 12.036 15.142  0.150 
 4.906  4.176  8.290  9.942 16.008 11.363  3.339  3.236 17.602  7.350  6.046 
13.975  0.928  5.136 -3.789 -2.182  4.785 18.291 14.488 10.609 -0.236  0.116 
 8.536 18.982 10.051 -4.002  0.526 23.787 24.628  8.812 -0.545 14.402 12.484 
-7.932  3.903 -4.968  5.281 10.058 -9.058  3.400  3.241 21.776 22.943 15.838 
 5.487 12.202 13.376 14.805 18.364 10.965 -0.227  5.359 -2.277  7.130 13.909 
10.804 11.417 11.055 15.367 20.397  8.123  0.810  7.663  4.230 -1.849 11.878 
11.730  4.215 20.365 15.638  1.944  5.472 10.541 -2.799 18.815 30.121 -1.196 
