 0.974  1.263  3.854  4.501  7.511  7.408  8.755  9.697 10.524 14.499 15.479 
-0.737  1.134  1.600  4.435  6.418  7.647  7.182  9.715 11.966 13.690 12.837 
-0.070  2.074  2.329  5.531  5.963  7.937  8.065  8.653  9.793 12.615 13.964 
-0.246  1.746  3.157  3.221  5.634  5.722  7.077  9.857 11.439 12.021 13.555 
 1.379  2.948  2.488  4.996  4.932  7.360  7.660 10.283 10.236 12.114 13.169 
-1.253  1.891  4.674  3.598  5.464  9.166  7.798  7.537 12.370 12.529 14.329 
-1.711  0.781  2.362  6.278  5.587  7.354  8.383  8.792 11.561 12.653 12.377 
-0.021 -0.695  2.224  3.116  4.019  6.662  6.909  9.976 11.763 12.202 15.597 
 0.354  2.161  2.778  2.638  5.216  7.614 10.372 11.307 11.618 12.221 14.740 
-0.470  1.390  0.846  4.224  7.648  7.756  9.185 10.889 11.779 12.334 16.501 
 1.601  2.965  3.115  5.214  6.293  7.613  8.600  9.600 12.916 12.281 14.848 
-1.160  1.407  2.645  5.610  5.092  7.655  8.881 10.319 12.934 12.142 13.951 
-0.364  1.267  3.203  3.297  5.940  9.143  8.567  7.925 12.542 12.862 12.683 
-0.370  2.992  1.048  2.845  4.507  7.643  7.944  9.324  8.936 11.929 13.243 
 1.642  1.489  2.894  3.778  4.221  7.804  9.478  8.843 11.450 13.459 14.208 
-0.243 -0.555  3.209  5.095  3.789  8.271  9.024 10.808 12.418 12.608 13.753 
 0.232  2.176  1.720  6.007  4.880  6.266  7.690  8.080 11.444 13.671 14.214 
-0.396  3.183  3.632  4.814  6.015  8.439  7.728 11.435 10.216 12.812 16.180 
-1.776  0.825  2.952  4.282  6.225  7.893  6.935 10.282 10.990 12.435 15.543 
 0.351  1.468  3.217  4.666  4.854  8.097 10.364 10.817 12.403 12.688 15.786 
-0.810  2.120  1.742  4.071  4.905  7.177  8.586  8.516 11.815 12.850 13.866 
 0.532  0.364  3.042  4.808  5.855  8.324  9.582 10.383  9.415 14.138 11.859 
 0.881  1.452  3.998  3.583  6.210  7.082  6.459  9.751 11.999 13.044 14.703 
 0.298  1.263  2.496  3.442  4.219  6.589  7.393  8.605 13.405 12.929 15.201 
 0.500  0.959  2.199  4.157  2.974  7.198  9.585 10.082  9.890 13.531 14.002 
-0.474  2.317  3.762  4.755  6.399  6.064  7.523 10.131 11.904 14.703 14.358 
-0.246  1.879  2.944  3.284  5.480  5.542  8.956 10.450 10.945 12.409 15.333 
-1.539  4.006  2.858  5.054  5.949  6.932 10.221 11.159 12.245 13.074 15.129 
-1.376  2.087  3.951  4.947  6.002  7.043  8.269  9.685  9.659 12.455 14.293 
 0.450  2.985  3.834  4.198  5.321  7.244  9.013 10.513 11.541 13.582 14.670 
 0.849 -0.360  2.756  4.795  4.924  7.376  7.113  9.751 10.707 11.923 15.207 
 0.295  0.958  2.313  2.371  6.491  7.064  7.709  9.716 11.313 13.346 13.275 
-1.358 -0.008  3.297  5.569  6.883  9.309  9.876  8.539 10.468 13.875 14.043 
-0.181  1.075  1.887  3.583  4.381  8.031  9.139  8.819 11.467 13.480 14.937 
-0.036  0.427  4.592  4.422  4.424  7.207  9.228  8.707 10.526 12.548 14.060 
-0.616  1.062  3.407  2.180  6.998  7.702  9.411 11.638 12.299 14.274 15.423 
-0.764  1.144  2.871  3.446  7.186  5.434  9.954  8.820  9.754 14.019 15.198 
 1.251  2.077  4.026  4.931  4.365  7.118  9.484  9.747 11.466 12.768 14.868 
-0.684  1.092  1.910  3.321  5.998  6.462  7.290  9.806 11.463 11.451 14.863 
-0.915  1.931  0.502  4.724  4.859  7.236  9.410 10.877 11.640 13.595 15.401 
-0.395  0.713  0.830  4.886  4.299  6.612  8.245 10.541 10.806 13.367 12.677 
-1.367  2.149  2.972  5.163  4.484  7.482  9.297  9.625 11.421 13.299 13.379 
-1.224  1.449  0.732  3.684  5.544  8.813  8.159  8.603 11.674 14.086 12.954 
-0.020  1.001  3.650  4.258  5.875  6.940 10.252  8.891  9.643 11.634 13.786 
-0.704  1.591  3.639  5.621  5.931  6.666  7.606  7.476 12.737 12.592 13.869 
-0.221  0.629  2.887  7.128  6.412  6.654  9.355 10.061 11.959 13.097 13.945 
-2.405  1.108  3.135  4.281  5.274  7.798 10.352 12.128 11.218 12.546 15.944 
 0.563  0.513  4.215  5.235  6.054  7.199  8.944  8.930 11.571 13.117 14.354 
 1.040  1.122  2.247  5.229  5.768  6.575  8.518 10.845 11.770 14.180 12.908 
 1.205  0.429  2.548  4.425  5.898  6.876 10.115 11.062 11.058 10.985 13.045 
 1.172  2.030  2.424  5.184  4.580  6.765  7.306  8.936 12.276 12.850 14.726 
 1.079  1.001  2.610  4.891  4.028  8.170  6.581  9.715  9.744 12.476 12.306 
-0.891  1.136  4.389  3.520  3.922  7.405  9.188  9.192 10.621 12.405 12.855 
 2.572  1.856  3.054  3.068  5.494  7.636  7.692  9.810 11.574 10.959 14.666 
 0.312  1.112  2.780  5.479  6.091  5.837 10.060  7.929  9.931 13.765 14.782 
-0.432  2.066  1.203  3.896  5.541  7.627  9.555 10.106 13.661 11.653 15.850 
 1.390  0.953  3.583  5.110  4.864  6.848  9.271 12.353 10.857 13.392 14.059 
 0.727  3.112  3.591  4.094  6.228  6.492  7.852  9.098 12.215 11.861 13.094 
-1.129  3.062  1.399  4.813  5.520  6.151  8.179  9.436 10.279 14.920 13.020 
-0.651  0.780  2.383  4.460  5.692  5.626  7.623 10.569 10.650 12.426 14.326 
 0.647  1.907  3.121  3.752  6.574  8.639  8.811  9.362 11.179 12.206 14.280 
 0.718  1.636  4.109  5.165  4.795  7.775  9.333  8.023 12.429 11.962 13.839 
-0.636  2.697  5.901  4.116  5.233  5.568  9.301 10.926 12.052 13.007 13.952 
-0.168  2.069  2.014  4.486  5.563  7.917 11.126 11.155 12.445 13.603 15.274 
-0.560  1.633  4.040  4.741  6.042  7.537  7.298  9.553 11.037 12.263 14.683 
-0.591  1.244  2.606  4.504  5.880  5.819  8.534  8.851 12.556 13.351 13.957 
 1.129  3.933  1.879  4.401  6.159  6.941  8.686 10.384 12.140 11.727 13.088 
 0.736  1.185  3.777  4.479  4.860  8.104  8.489 11.923 11.914 14.172 14.451 
-1.324  2.207  2.425  3.345  4.633  5.694  8.790  9.901 12.398 12.365 11.392 
 1.676  1.680  1.727  4.859  6.323  8.866 10.238  8.408 12.168 13.105 13.330 
-0.029  1.096  3.108  4.408  6.091  7.291  9.408  9.043 10.212 12.275 14.904 
-1.254  2.220  2.184  5.450  6.197  6.523  8.313 10.506 12.856 11.711 15.963 
 2.113  2.201  3.782  3.706  7.129  7.181  7.962 10.346 10.527 14.322 13.983 
-0.684  2.312  2.909  5.317  4.790  6.216  8.212  9.862 12.159 11.913 14.775 
 0.333  2.062  2.417  5.845  4.785  6.694  8.041  9.857 10.201 11.371 14.906 
 1.548  0.913  3.631  3.916  7.832  5.883  8.703  9.692 10.410 13.492 13.607 
-0.621  2.755  3.305  3.894  5.763  6.841  8.885  9.233 10.689 11.344 13.644 
 0.855  1.341  1.905  4.376  7.175  7.617  9.626 10.205 11.940 13.790 13.201 
-0.719 -1.821  1.391  3.405  7.199  5.779  7.416 11.432 11.720 13.357 15.809 
-0.400  1.146  3.926  1.436  5.735  5.931  7.039  9.068 13.331 12.877 14.168 
-0.346  0.452  3.638  3.730  5.283  7.158  7.498  8.338 11.182 13.384 13.396 
 0.379  2.044  3.675  3.598  6.487  5.884  7.879  8.710 12.404 12.340 13.300 
 0.751  2.736  1.277  4.652  6.951  6.443  9.822  9.646 11.457 14.250 15.799 
 0.870 -0.024  1.617  5.865  6.844  6.632  7.470 10.483 12.239 11.318 11.574 
 0.892  2.515  3.775  4.877  4.519  7.407  9.458 11.314 10.954 12.504 15.068 
 0.082  2.670  1.427  5.692  5.219  6.871  9.914 10.358 10.107 11.740 12.754 
-0.205  1.401  3.141  4.617  5.174  6.811  8.213  7.657  9.517 14.394 14.005 
 0.359  0.764  3.043  3.611  4.682  6.040  7.380  9.133 11.589 13.519 13.829 
-0.300  2.556  2.633  4.448  4.951  7.819  8.957 10.674 12.072 12.108 14.053 
 0.670  2.943  4.539  3.949  6.845  8.319  7.414 10.375 11.475 10.821 13.594 
-0.727  0.843  0.236  3.843  5.136  7.812  7.627  9.835 12.011 12.348 14.823 
-0.443  2.263  2.388  3.263  5.109  6.930  6.919 11.061  9.915 13.362 12.858 
 0.648  0.178  1.881  4.183  5.071  6.478  8.835 11.090 10.679 12.911 12.420 
-0.682  0.797  1.744  4.507  5.058  8.053  8.912  9.699 11.560 13.642 14.067 
-0.384  0.778  2.039  3.732  4.902  6.488  7.906 10.290 10.886 11.814 13.009 
 1.638  2.203  1.688  1.886  6.636  8.508  7.641 10.149 11.787 12.797 14.546 
 0.353  0.880  2.920  4.383  4.756  7.464  8.518  8.904 13.157 13.470 12.637 
 1.221  1.658  3.686  5.433  6.472  5.848  5.434  8.206 10.404 14.663 15.159 
-0.400  0.139  5.558  2.716  6.423  8.503  7.831  9.566 11.117 13.334 12.995 
-0.404  0.357  4.092  4.261  5.221  7.310  7.568  9.851 10.267 13.994 13.170 
 1.171  1.176  4.694  5.048  7.148  7.652  7.300  7.991 11.828 10.697 13.120 
 0.764  4.694  0.661  5.649  2.846  7.018  7.486  8.213 12.127 13.196 14.299 
-0.124  1.427  2.797  3.183  5.998  8.094  7.988 10.188 11.735 12.791 14.022 
-1.682 -0.187  2.720  2.786  4.995  7.360  7.098  9.315 10.766 11.984 14.081 
 0.039  3.497  2.675  4.354  6.574  6.772  8.990 10.021 12.048 11.160 13.578 
 2.352  1.070  3.668  3.787  4.487  6.110  7.435  6.826 11.023 12.192 13.566 
-0.394  0.971  3.495  5.195  6.356  6.719  9.113  9.627 11.026 14.152 11.935 
-0.500  2.037  3.048  4.664  4.803  6.887  9.140 10.428  9.159 13.440 11.918 
-1.074  0.523  3.959  4.668  4.744  7.334  9.711  9.640 10.667 11.455 14.919 
-2.667  2.941  2.887  4.663  8.091  6.872  9.255  9.431 10.741 13.193 14.039 
 1.365  1.717  2.438  3.445  4.881  5.657 10.582  9.987 12.659 13.366 13.842 
-0.032  2.189  3.513  3.732  5.573  8.679  8.782  8.632 11.558 13.072 14.623 
-0.017  1.213  1.615  3.754  5.303  8.024  7.808 10.693 12.860 13.336 13.952 
 0.421  0.907  2.947  2.107  5.370  8.130  8.812 10.299  9.805 14.248 16.166 
-1.229  1.411  3.428  3.581  6.931  8.653  6.562 10.500 10.106 12.501 14.799 
-0.015  2.277  2.511  4.567  4.536  6.679  9.096  9.250 12.030 13.174 14.798 
 1.147 -0.430  1.831  5.239  3.535  8.151  6.100  9.820 10.900 12.753 15.015 
-1.019  2.017  1.954  4.147  4.405  6.473  8.205  7.848 11.075 12.915 13.279 
 0.067  1.198  2.533  2.367  5.266  7.010  7.763  9.558 11.705 12.882 12.784 
-1.889  2.171  2.478  5.460  5.161  7.465  8.029  9.995 11.601 13.836 15.315 
-0.591 -0.341  3.912  4.418  5.159  5.700  8.528  9.437 10.013 12.596 13.828 
 1.616 -0.065  2.556  5.387  5.703  7.098  8.773  9.021 11.516 12.203 11.319 
-0.634  2.522  3.018  4.100  6.050  8.103  8.887 10.229 12.449 11.569 13.297 
-2.237  2.714  2.771  2.927  6.188  6.870  7.750 10.655 11.214 12.806 15.417 
 0.439  1.914  2.638  4.106  6.432  8.007  9.949  8.841 12.596  9.402 12.920 
 0.070  0.492  2.889  4.015  5.958  6.699  8.286  8.937 10.227 12.577 13.221 
-0.964  1.654  2.539  5.923  5.253  4.989  9.897 10.257 12.690 13.377 14.365 
-0.461  1.656  5.410  5.429  6.175  7.515  7.604 10.915 11.750 11.908 13.292 
-0.905  1.123  2.350  2.447  6.808  6.693  9.496  8.705  9.851 14.076 13.942 
 0.333 -0.063  3.255  4.052  5.363  5.670  9.092 10.581 10.793 12.862 13.526 
 0.313 -0.039  1.782  5.004  5.614  5.741  9.136  9.054 10.234 12.812 14.218 
-0.790  1.234  2.758  3.879  5.847  7.511  7.467  9.586 11.030 11.796 14.244 
-1.691  1.712  1.801  4.351  4.164  7.412  7.251  9.630 12.517 12.358 14.962 
-0.591  0.370  3.980  5.348  5.711  5.072  7.804 10.050 11.147 10.905 13.707 
 0.721  2.252  2.000  4.303  5.158  9.592  9.136 10.998 11.898 14.679 13.413 
-1.499  1.552  2.257  4.445  6.884  7.749  7.630 10.069  8.586 13.388 13.125 
-1.153  2.313  1.807  3.496  5.215  6.317  7.331  9.406 11.345 11.551 14.874 
-1.178  1.525  2.956  5.570  4.419  7.941  6.764 10.246 11.654 11.933 13.500 
-0.017  2.408  0.852  3.708  4.590  5.101  8.562  9.248 12.454 13.438 13.755 
-0.365  2.588  1.782  4.687  3.557  6.533  9.734  8.761 12.429 12.336 13.786 
-0.580 -0.436  3.540  4.121  5.565  6.986  8.330 10.249  9.892 10.983 14.530 
-0.482  0.009  3.808  3.803  7.151  6.405  9.435 11.371 11.461 13.395 14.434 
-0.983  2.670  2.207  3.094  6.289  8.214  8.592  8.936 10.181 11.462 14.490 
-0.671  1.609  2.207  5.100  8.752  6.508  8.649 10.003 10.954 12.798 14.984 
 0.093  0.719  2.273  3.536  5.652  5.493 10.169  8.816 12.683 12.887 13.516 
-0.899 -0.546  2.399  3.180  5.186  6.299  8.433  8.524 11.581 13.400 15.418 
 1.098  1.798  3.569  4.535  5.548  9.354  7.248 10.178 11.384 11.881 13.630 
-1.149  1.191  2.907  4.813  5.725  8.179  9.638 13.275 11.576 13.278 15.182 
-0.339  0.398  2.535  6.038  5.273  5.677  8.938 10.883 12.212 12.784 15.598 
 1.640  1.236  3.472  4.937  4.809  5.946  8.996  8.997 11.058 11.930 13.786 
 0.356  0.921  1.836  4.898  5.519  7.766  5.597 10.940 11.099 13.337 13.804 
-2.452  3.044  2.542  3.650  5.872  8.701  8.728 10.764 10.219 11.706 14.293 
 0.054  0.799  2.174  5.855  4.959  6.375 10.548  9.935 11.346 11.809 14.678 
 0.748  1.214  2.909  5.875  5.205  6.842  7.697 11.289 10.673 11.892 13.693 
 1.669  2.303  2.813  4.513  4.090  8.062  9.477 11.211 11.340 12.688 14.900 
-0.418  0.798  4.581  3.683  6.551  5.677  8.916 10.523 11.082 11.879 13.943 
-0.090  1.371  3.189  3.887  6.683  6.274 10.107 11.569 11.073 12.569 13.686 
 0.151  0.138  2.259  3.608  5.172  6.670  9.356 10.298 10.592 12.553 14.192 
-0.869  2.317  2.279  4.441  6.636  4.645  7.525  8.543 10.532 11.485 15.031 
-2.611  1.368  2.152  3.853  5.554  6.885  7.023  8.263 11.902 14.594 13.810 
 0.430  1.532  3.848  4.656  6.819  7.174  8.560  9.244 11.219 10.856 12.485 
 0.879  1.423  3.159  4.654  2.331  8.009  8.540  9.509 12.768 11.366 13.772 
-0.673  1.323  1.508  3.713  3.460  6.358  8.720 11.282 11.535 13.084 13.013 
 0.771  3.875  1.213  4.680  6.106  6.459  8.674 10.037 10.891 13.296 14.235 
-0.711  2.670  2.250  5.021  5.421  7.638  8.223 11.680 12.345 12.417 14.019 
-0.240  0.443  3.349  5.177  4.786  8.553  8.657 10.182 11.179 11.044 14.560 
-1.228  2.372  1.558  4.401  4.864  5.747  8.970 10.192 10.433 13.724 13.794 
 1.122  0.672  2.048  4.332  5.269  5.019  9.520  8.915  9.098 12.818 12.173 
 0.236 -0.753  3.261  4.182  5.770  8.854  7.608 10.613 11.741 10.865 14.180 
-0.051  1.274  2.405  5.398  5.844  6.360  7.711 10.735 10.558 11.418 13.826 
 0.896  1.867  3.194  2.831  4.625  6.008  8.315  7.055 12.072 13.436 15.972 
-0.200  1.338  2.525  3.729  4.127  6.961  8.101  8.434 11.141 12.799 12.546 
-1.149  0.935  4.889  4.293  4.915  6.665  8.471 10.184 10.459 12.764 14.368 
 0.487  1.440  1.695  5.809  5.840  6.309  9.180 10.181 11.444 10.804 14.250 
 1.718  0.675  3.502  3.332  5.893  8.135  7.983  9.608 10.390 12.202 14.527 
-1.034  1.241  1.610  3.993  3.364  9.378  6.019  8.767 10.640 11.324 15.030 
 0.057  0.948  2.929  3.910  6.221  7.535  8.250  9.976 12.033 13.678 12.918 
 0.313  2.324  2.841  5.189  4.323  6.973 10.020 10.932 11.711 13.659 13.011 
-0.311  0.609  3.903  3.760  6.024  6.125  8.742 10.892 11.914 12.352 13.208 
 0.499  1.522  2.839  2.154  4.312  7.621 10.342  9.587 12.261 13.786 12.478 
-1.754  1.137  3.972  3.283  6.288  6.520  8.958  9.112 11.474 12.081 13.510 
-1.383  1.451  1.753  4.160  5.354  7.956  8.777 10.678 11.830 12.300 13.106 
 2.634  1.314  3.578  5.187  5.191  6.186  8.936 10.880 11.832 13.689 13.192 
 1.600  2.739  1.320  1.681  6.086  7.334  7.335 11.884 10.085 11.920 14.375 
-0.632  1.302  4.934  3.907  6.887  7.816  8.081  9.180 11.108 13.600 15.556 
-0.499  2.094  2.946  5.447  4.891  7.521  7.841  9.124 11.033 14.685 15.297 
-0.245  2.131  2.622  3.389  5.356  5.428  9.466 10.199 12.425 13.385 14.168 
 0.167  1.965  2.026  5.767  5.294  6.823  8.660  9.261  9.512 12.551 13.915 
 0.773  1.501  5.430  4.415  5.170  7.647  8.206  9.990  9.336 12.232 14.311 
-0.319 -0.750  1.928  5.720  6.406  7.135  9.713 10.862  9.971 13.866 12.861 
 0.604  2.476  3.324  4.616  5.565  6.824  8.748 10.949 11.971 12.291 15.103 
-1.902  0.155  2.165  4.372  7.003  6.775  8.404 11.003 11.219 12.375 13.055 
 0.311  0.865  2.516  3.946  5.124  8.236  6.690 10.258 11.230 13.920 16.971 
 0.594  0.894  2.925  4.619  5.211  6.859  8.602  9.632 11.934 12.436 14.764 
 0.181  0.892  1.239  5.962  5.954  6.361  8.318 10.367 10.474 13.243 13.637 
-0.326 -0.020  4.592  2.693  5.582  8.129  7.987  9.710 11.788 13.967 13.308 
-0.005  0.265  3.812  2.590  6.308  5.484  8.337  9.703 11.312 12.450 13.918 
-0.037  1.176  2.113  5.519  4.421  7.359  7.762  9.976 11.728 12.927 13.125 
 0.670  3.610  2.725  4.223  5.710  8.177  9.521  9.267 11.109 10.985 15.181 
 0.855  2.464  3.888  2.672  5.804  6.252  8.870 11.702 11.599 12.451 13.629 
 1.119  0.797  2.827  4.325  6.599  4.945  9.888 10.669 11.291 12.280 12.355 
 1.027  0.447  2.505  4.337  5.837  6.240 10.023  9.712 10.919 11.966 15.089 
-0.757  1.667  3.394  3.053  5.064  8.455  9.646 10.018 10.529 13.693 15.622 
 0.075  1.412  1.465  4.921  5.460  7.459  8.117 11.612 10.941 11.333 14.151 
-0.073  3.703  3.993  4.199  4.851  7.833  8.641 10.079 11.630 12.960 14.820 
-0.967  2.868  4.490  2.745  7.743  7.222  8.767  8.880  9.436 12.183 14.392 
 1.582  0.716  1.225  3.781  5.985  7.273  8.661  9.774 11.667 12.424 13.912 
 0.753  2.144  6.076  4.732  4.058  7.294  7.742  9.413 10.842 12.004 11.758 
 1.395  0.012  2.189  5.337  6.197  5.834  8.916  8.161  9.901 11.909 13.131 
 0.699  2.169  3.999  4.134  5.903  6.027  7.849  9.326 10.521 13.496 12.651 
-0.273  2.882  1.061  4.036  6.390  8.686 10.116 10.644 12.184 11.213 14.356 
-1.392  2.213  0.990  3.934  6.750  6.734  9.134 10.096 10.993 13.156 16.145 
-1.473 -0.279  2.017  3.683  6.808  6.390  8.437 10.424 12.044 12.716 13.417 
-2.179  1.623  1.944  4.269  6.427  6.598  8.092 10.707 12.091 12.257 15.321 
 1.460  0.902  1.078  2.953  5.406  6.143  9.423  8.574 11.581 11.234 14.839 
-2.149  2.542  1.677  3.526  6.473  7.362 10.162  9.185 12.673 12.369 14.149 
 0.849 -0.642  1.892  4.808  4.562  6.119  8.445 10.164 11.154 11.477 12.506 
-0.762  1.306  1.904  2.676  5.652  6.261  6.132  8.930 11.782 12.785 13.986 
-1.974  1.032  4.267  3.741  5.763  7.359  9.410  8.657 10.604 12.242 14.293 
 0.986  2.073  4.319  5.038  4.910  7.788  8.457 10.703 12.081 10.865 16.049 
 0.810  1.015  3.042  4.867  7.138  5.111  7.714  9.551  9.174 10.840 13.941 
-1.857 -0.893  2.771  3.467  7.113  8.241  7.181 10.195 11.545 13.182 14.384 
 0.134  1.419  2.296  4.574  5.611  6.190  9.104 11.065 10.602 12.749 15.094 
-0.965  0.387  1.831  4.384  5.079  8.061  6.788  9.208 11.058 12.680 14.548 
 1.113  0.870  2.971  3.601  7.139  9.929  6.913  9.318 12.047 11.960 13.700 
-0.842  2.061  3.811  6.615  5.396  8.511  8.421 10.323  9.943 12.543 13.507 
-0.546  3.867  2.303  3.339  5.031  8.016  7.073 10.227  9.643 12.639 13.712 
-1.227  0.087  3.979  4.377  6.983  7.467  8.315 11.041 11.006 12.873 14.121 
 1.309  1.399  3.884  3.109  4.532  6.310  9.155  9.396  9.963 14.230 13.729 
 0.147  2.810  2.652  4.490  6.554  8.971  7.237 10.039 11.013 11.451 14.295 
 1.361  1.849  2.642  4.264  6.141  8.834  9.345 11.040 12.219 11.804 13.670 
-0.937  3.165  2.645  5.100  5.694  8.317  7.253 11.318 10.664 13.527 14.253 
 1.475  2.405  1.342  5.758  4.736  5.585  9.708 10.207 12.065 11.695 14.796 
-1.030  1.789  4.639  5.063  4.746  6.726  9.550  9.596 10.959 13.967 12.137 
 0.839 -0.032  3.381  5.272  5.526  7.790  8.723  9.254 11.515 13.856 14.081 
 0.468  0.775  2.767  4.853  5.476  7.512  6.845  8.373 12.574 12.315 15.605 
 0.038  3.215  1.916  4.886  5.798  7.863  9.296  9.164 12.265 12.867 15.568 
-0.525  2.522  2.990  4.292  5.316  6.640  8.886 10.419 10.998 11.818 13.507 
-1.295  3.052  1.548  2.687  6.282  7.108  8.992  9.361 10.753 12.784 14.280 
-0.629  1.258  2.662  4.457  4.517  6.983  9.605 10.526 10.428 11.201 14.549 
-0.262  0.532  3.061  4.918  6.583  6.425  8.549  9.385 12.455 12.371 14.302 
 0.910  1.306  2.435  4.167  7.448  7.573  8.492 10.030 10.002 12.045 11.943 
 0.122  1.866  3.708  3.820  4.989  7.638  8.768  9.878 10.540 13.196 12.981 
 0.748  2.195  2.083  3.280  6.230  5.661  9.690  9.063 12.323 13.424 14.957 
 0.567  2.573  2.036  5.424  6.548  5.189  8.274  8.363 11.298 11.517 16.153 
-0.571  1.913  2.796  5.830  3.216  8.773  9.158 10.274 12.811 13.996 14.935 
-0.316  0.302  3.924  5.036  4.894  7.116  8.803 10.297 10.699 12.726 12.671 
-0.233  0.527  2.381  4.460  5.609  6.994  8.536 10.114 11.634 13.475 14.085 
-2.214  2.251  1.910  4.058  5.329  6.690  9.316 10.859 11.734 12.257 15.810 
 0.993  2.381  3.718  5.042  4.961  7.243  7.803  9.366 10.394 12.259 14.826 
-0.398  2.867  3.008  2.770  6.603  6.891  7.909 10.844 12.056 11.689 16.324 
-0.489  0.308  2.580  4.268  6.089  7.357  7.665 10.791 12.438 13.183 13.575 
-0.853  1.257  3.327  4.742  5.668  7.581  9.441  9.137 14.399 12.182 14.300 
 1.582  1.515  2.960  4.962  5.171  6.587  8.406  9.844 11.206 11.858 15.867 
 0.932  1.582  3.509  3.497  3.819  7.949  8.473 11.298  8.890 13.245 13.515 
 0.092  2.375  4.628  4.485  6.567  5.740  8.777  9.190 12.433 13.245 12.182 
 0.198  1.997  2.811  4.647  6.056  5.662  6.882  9.095 11.869 13.064 13.354 
 0.986  2.141  2.780  6.461  6.185  7.253  9.090  8.834 10.995 13.612 14.977 
 0.383  1.953  2.308  3.196  4.373  7.962  7.708 10.410 12.226 11.012 13.664 
 1.268  1.607  2.859  4.344  4.725  5.748  7.668 10.311 11.648 12.005 14.088 
-0.640 -0.996  2.916  3.687  3.392  8.801 10.467 10.546 11.691 11.053 15.802 
 1.218  0.413  4.049  4.473  5.280  6.041  9.567  9.390 11.223 13.205 14.981 
-1.654  1.048  2.319  4.311  7.327  6.718  8.720 10.936 11.080 11.627 14.743 
 1.092  1.655  2.173  3.529  5.354  6.703  9.196 10.354 13.167 11.198 12.302 
 0.127  0.802  2.824  4.666  5.722  6.162  8.738 12.223 12.998 12.570 14.804 
 0.589  1.047  2.109  3.687  4.067  8.133  7.972 11.006 12.717 11.453 15.825 
-0.321  0.283  2.786  4.482  6.173  6.941  8.385 12.116 12.841 11.675 14.409 
 0.382  3.583  4.186  4.068  6.736  8.478  9.509  9.002 13.027 12.196 14.513 
 0.092  1.772  3.251  3.705  4.058  6.422  8.066  9.648 10.416 11.546 14.795 
 0.526  0.554  3.609  5.236  6.158  7.346  6.978 10.552 10.177 13.992 14.096 
 0.063  1.519  1.927  3.517  5.743  7.824  9.194  9.889 10.011 13.562 12.538 
 0.606  2.577  2.526  6.539  5.433  6.527 10.340  8.398 12.039 10.929 12.283 
-0.010 -0.579  2.974  6.666  5.437  8.503  7.153 10.020 11.786 12.637 13.283 
 0.759  1.211  2.737  3.356  5.482  8.480  8.344  9.076  9.909 14.374 13.834 
 2.789 -0.676  3.137  6.137  5.445  7.004 10.863 10.383 10.421 10.724 13.035 
 1.177  1.239  4.176  4.917  3.841  6.088  7.723  9.139 10.611 12.646 13.340 
 0.964  1.044  3.532  4.602  4.838  5.325  7.827 11.013 12.002 12.172 14.120 
 2.604  1.345  3.128  4.502  6.319  5.383  9.235 10.416 10.441 12.418 13.124 
 1.556  0.425  2.123  3.904  5.801  6.285  8.858 10.003 10.883 11.655 12.264 
-0.107  1.619  2.813  3.193  4.183  4.189  6.329  8.290 12.149 13.570 13.142 
-1.895  1.764  1.133  2.891  6.459  7.275  7.555 10.198 10.584 11.758 13.948 
-0.049  2.036  3.634  5.045  4.678  7.138  8.071  9.920 10.602 14.446 12.211 
-0.045  1.655  3.075  6.039  6.783  5.084  8.959 11.207 11.023 13.463 14.453 
-0.591 -0.772  2.574  5.135  4.038  7.907  8.194  7.726 11.028 13.412 15.309 
-0.790 -0.307  2.543  5.386  6.910  8.014  9.718 10.305 12.545 13.321 13.629 
 0.927  1.803  2.786  2.830  4.735  6.865  8.709  9.552 12.147 12.347 14.760 
-1.227  1.903  1.170  4.392  4.446  6.960  7.565 10.215  9.078 12.312 13.609 
-0.538  0.623  3.139  4.314  6.203  5.919  7.306  9.957 11.692 12.581 13.637 
 0.732  1.858  3.095  3.621  8.574  6.798  9.411 10.354 14.048 12.087 13.656 
-0.554  2.480  3.324  3.847  4.699  7.135  7.262  9.397 11.804 13.707 13.727 
-1.203  1.749  2.092  3.978  2.720  9.540  6.467  9.123 12.482 12.883 14.557 
-0.422  2.929  3.433  3.856  6.848  6.709  8.106  9.036 11.429 12.145 14.952 
-0.446  3.521  3.919  3.154  7.545  8.692  7.616  9.615 11.316 11.971 13.402 
-0.125  1.787  1.747  3.565  5.494  8.318  8.650 10.007 10.488 13.953 13.459 
 0.697 -0.016  2.794  4.649  5.882  6.742  9.288  8.181 13.237 12.153 16.001 
-0.110  2.171  4.333  3.824  4.747  5.534  7.600 10.451 12.438 12.951 14.061 
-0.902  1.731  4.261  4.529  6.207  6.071  7.270 11.367 10.680 12.751 15.300 
-0.601  2.305  1.601  5.219  3.879  8.790  6.750 10.566 11.646 11.348 14.854 
-0.297  2.109  2.649  5.033  4.347  9.869  7.663 10.388 10.172 11.589 12.972 
 1.894  2.237  4.365  5.459  6.080  7.771  9.867 11.478 11.060 11.001 14.522 
 0.302  0.274  0.956  3.872  6.235  7.500  7.820  8.779 10.835 12.313 12.161 
 0.305  1.531  2.982  4.383  4.735  7.933  7.986 10.136 11.295 12.313 15.505 
-0.754  1.009  3.384  5.084  5.393  6.257  7.105  9.340 11.380 13.496 14.831 
 0.269  0.947  1.688  4.947  5.694  6.587  9.748 11.107 10.860 13.374 13.962 
 0.422  0.647  3.201  4.083  4.760  6.677  8.622 10.261 11.721 11.897 13.256 
-0.464  1.589  2.962  5.877  7.304  6.902  7.642  8.703 10.513 14.046 10.390 
-0.960  1.747  3.269  5.172  5.783  8.026  8.907  9.214 10.073 13.314 15.195 
 1.702  1.926  2.883  4.005  6.436  7.368  8.928  8.274 13.065 11.008 14.711 
-1.299  0.406  3.202  2.812  6.768  6.349 11.680  8.997 11.890 12.679 15.633 
-0.149  0.932  2.964  3.876  5.856  7.590  8.538 10.095 10.535 11.734 15.527 
-0.820  1.804  1.582  4.705  6.830  4.420 10.640 11.183 10.512 13.637 14.085 
-0.515  4.313  4.626  5.911  4.987  6.540  7.839 10.324  8.410 12.964 13.116 
-0.272  1.587  4.144  3.665  8.083  7.555  8.858  9.157 11.377 13.194 12.589 
-0.129  2.086  2.271  4.739  6.337  6.460  7.737  9.891 11.684 12.647 15.403 
-0.581 -0.325  2.807  4.059  6.705  7.299  9.441  9.805 12.022 10.304 14.030 
-0.194  0.681  2.647  4.244  5.813  8.739  7.928  8.043 12.085 13.130 14.320 
 0.671  1.915  3.238  3.575  6.039  5.936  9.784 10.897 12.148 11.033 14.316 
 1.413  1.998  2.590  2.837  6.531  6.489  8.010  7.471 11.351 12.776 14.320 
 0.408 -0.831  3.596  2.157  6.304  6.584  8.548 11.414 10.892 13.685 13.798 
-0.242  1.742  4.207  2.264  5.515  7.421  7.362  8.595 11.332 11.137 13.141 
-1.377  1.771  2.736  4.552  6.126  5.866  7.405  8.875 10.497 12.791 14.812 
 0.009 -0.434  3.310  5.048  4.485  7.492  9.434  9.106  8.525 11.337 10.997 
-0.297  1.732  5.333  4.640  3.651  7.605  7.690  9.279 10.741 11.483 14.084 
 0.331  1.845  4.279  3.893  5.319  6.407  7.699 10.424 10.430 13.436 13.240 
 0.818  3.007  2.572  3.245  6.125  6.880  9.398 10.225 11.768 13.055 13.849 
 1.337  0.973  4.546  3.788  4.338  5.974  9.212  9.726 12.408 14.495 12.760 
 0.703  1.555  1.972  4.132  5.786  7.068  7.917  9.996 12.157 11.710 12.148 
-0.013  3.817  3.131  4.039  6.698  6.702  6.992  8.993 12.103 13.312 12.041 
-0.364 -0.246  1.360  3.869  4.933  6.019 11.181  8.532  9.984 11.812 14.148 
-0.037 -0.031  3.177  4.302  5.995  5.999  8.197  7.188 11.313 13.422 14.302 
-1.263  2.367  3.009  3.094  5.902  7.868  8.856 10.319  9.862 13.253 13.571 
-1.362  2.863  0.947  5.726  7.833  6.288  7.940 10.686  9.981 12.619 14.792 
-0.892  1.131  2.854  4.069  8.511  8.977  8.711  9.641 11.997 11.952 14.729 
-0.095  2.220  2.447  4.236  5.867  5.855  9.999 10.892 11.350 13.230 15.697 
-1.070  1.124  4.131  3.516  6.912  7.513  9.290  9.833 10.239 13.167 14.715 
-0.042  1.203  2.150  5.167  5.642  7.535  8.724 10.033 10.702 12.736 13.760 
-1.124  2.054  3.095  3.641  7.797  8.303  8.304  9.515 12.890 13.011 14.397 
-0.204  1.703  4.459  4.895  5.336  7.949  8.462 10.450 13.680 12.085 15.438 
-2.224  1.417  3.457  5.094  6.511  7.070  7.193  8.647 10.657 10.608 14.324 
 1.388  2.238  2.987  3.000  5.900  8.744  9.448  8.542 10.947 12.889 13.423 
 0.666  0.956  1.513  4.012  6.846  6.614  8.238 10.250 12.357 11.796 13.184 
-0.301  1.228  2.810  5.951  6.982  7.621  8.366 10.019 10.745 12.204 13.428 
 0.954  0.335  5.529  6.407  6.089  5.720  9.559  8.431 10.963 12.238 11.428 
-0.708  2.463  1.413  3.035  5.655  8.440  9.260 10.056 11.610 13.193 15.790 
 0.440  1.054  3.762  4.242  5.115  5.471  6.888 11.139 12.280 15.215 12.451 
 1.725  1.286  4.090  6.379  6.887  7.174  8.243 10.643 10.116 13.373 13.021 
-0.017  1.041  2.373  5.213  7.032  7.972  9.779 10.038 10.879 11.593 14.718 
 0.153  1.392  4.694  2.112  5.861  8.615  7.656 10.233 12.227 12.476 13.360 
-0.607  2.054  2.040  3.657  6.347 10.456  8.062 10.414 11.768 13.659 14.047 
-0.017  0.834  2.571  5.234  5.289  5.943  7.691  9.003 10.684 11.919 13.469 
 0.875  0.271  4.312  6.137  4.024  5.262  8.476  7.104  9.375 13.833 14.809 
 2.459  0.724  2.709  2.482  5.819  6.984  9.935 10.318 13.051 13.282 14.690 
 0.656 -0.289  1.152  3.771  5.852  7.172  9.048 10.528 11.527 12.873 15.157 
 1.020  0.232  1.385  3.869  7.151  8.175  9.409 10.703 11.487 11.643 13.863 
 0.829  2.714  2.095  4.194  3.995  5.635  7.876 11.186 10.695 13.181 14.378 
-0.417  1.304  1.483  4.572  4.838  6.670  6.435 10.779 13.149 10.739 12.554 
 0.026  1.419  4.146  5.095  4.900  8.520  6.590  9.354 12.434 13.300 13.195 
-0.346  0.918  3.619  5.379  5.711  7.838  8.968 11.160 11.530 13.044 13.705 
 0.120  0.213  1.802  5.204  6.164  8.554  8.529 11.877 11.749 13.590 13.565 
-1.135  2.954  4.247  5.202  5.081  7.812  6.941  8.718 10.281 13.140 14.481 
 0.584  0.485  3.562  4.701  5.229  6.409  7.312  9.994 11.465 13.611 15.203 
 1.160  0.689  1.572  4.882  6.027  5.141  9.278 10.141 10.380 11.596 16.131 
-0.407  2.220  4.189  3.807  5.058  7.272  7.700  7.736 11.387 14.930 14.666 
-0.340  0.783  3.409  5.749  4.738  7.033  7.678  8.834 11.274 12.255 13.075 
 1.388 -1.082  3.144  2.819  5.539  9.514  9.871  9.410 12.127 12.391 15.553 
 1.737  0.698  3.633  3.847  6.189  8.415  8.807  8.784 10.396 12.958 14.094 
 1.004  2.271  1.862  3.853  6.936  7.020  7.567  9.063 10.750 12.985 13.577 
-0.714  0.992  3.077  4.084  5.804  6.914  9.764  9.514 10.656 14.486 15.247 
 1.167  1.111  3.723  3.895  5.743  7.327  8.155  9.800 10.782 13.172 16.345 
 1.788  1.475  4.238  4.541  6.372  6.305 10.661  9.496 11.535 12.859 13.451 
 0.369  1.378  2.712  3.919  5.753  7.507  7.402 10.846 11.524 13.091 15.133 
-0.085  0.265  2.959  5.313  5.636  4.673  8.729 10.752 11.044 12.039 14.518 
-0.131  2.231  4.129  4.614  5.666  6.129  7.167  9.580 11.613 13.044 13.648 
 0.438  1.775  2.326  4.124  3.705  6.475 10.720  9.870  9.937 13.484 13.583 
-1.660  1.768  2.199  4.116  5.934  6.418  9.778 11.604 12.822 11.935 15.172 
 1.046  0.272  2.515  4.107  4.119  5.742  8.724  7.907 11.618 12.885 15.093 
 1.443  0.341  3.738  2.302  5.916  7.652  9.140 10.309 12.035 11.393 13.473 
-0.063  1.388  1.714  2.854  5.775  7.468 10.226  9.692 12.661 13.448 14.222 
 0.022  0.089  3.215  4.876  5.258  8.070  8.284 11.391 12.048 14.776 14.771 
-0.979  1.658  4.025  3.097  5.593  6.599  8.967  9.059 10.901 12.793 13.890 
-1.323  2.217  2.627  5.209  5.515  7.529  9.991 11.167  9.806 13.415 13.248 
 0.416  1.217  2.697  4.241  4.778  7.606  7.667  9.640 10.127 11.612 13.391 
 0.110  0.806  3.254  4.939  4.763  6.945  8.122 10.806 11.033 13.850 12.324 
-1.170  0.532  2.353  3.760  5.060  6.999  9.656  9.061 12.064 13.719 14.075 
-0.651  0.199  2.725  5.184  5.985  7.130  8.414  7.837 11.443 11.695 13.816 
 1.388  0.495  4.031  4.485  6.501  5.932  8.803  9.644 10.845 10.747 14.607 
-0.487  0.298  3.503  2.638  6.340  5.667  6.810 11.299 11.861 14.086 14.826 
 0.293  1.000  2.140  4.305  4.875  8.447  9.013  9.268 12.149 11.161 14.328 
-0.619  0.786  0.865  1.915  5.599  6.351  7.750 10.452 11.615 12.645 13.218 
 1.346  0.872  1.944  3.058  5.593  6.932  6.257 11.163 10.124 12.869 12.976 
-0.265  1.614  2.386  4.122  5.876  6.834  6.600  8.933 10.201 12.372 14.790 
 0.660  2.431  2.272  5.050  5.013  7.259  9.212  9.693 12.036 13.869 15.602 
 0.117  2.397  4.677  5.768  3.360  8.379  8.203 10.274 12.283 12.341 13.257 
 1.422  2.300  4.296  4.420  6.705  6.766  7.944 11.190 11.690 13.144 14.329 
 1.309  0.001  1.416  4.436  6.386  6.196  6.969 13.235 11.612 12.557 15.444 
-2.798  1.273  3.623  3.383  4.481  7.733  8.863 10.686 12.011 13.138 14.674 
 1.364  2.864  3.078  5.047  4.720  7.050  8.380  9.919 12.182 13.979 12.275 
-0.992  1.474  3.514  4.190  6.974  6.737  7.576  8.974 11.168 13.955 15.378 
 1.265  1.382  1.391  4.544  5.427  8.986  8.928  8.584 11.497 13.587 13.149 
-0.018  1.033  3.652  4.317  4.497  8.060  7.813  9.993 12.450 12.776 14.687 
 1.840  1.443  1.610  5.526  5.565  5.481  7.486  8.787 10.308 11.966 14.630 
 0.259  1.118  3.436  4.971  4.814  7.194  8.895  8.774 10.514 12.636 13.698 
 0.997  1.988  3.048  3.744  5.486  6.574  6.054 10.747 11.408 13.565 13.271 
-0.290  2.489  2.853  3.640  5.128  6.475  9.096 11.181 11.038 11.323 13.889 
-0.038  2.237  1.904  4.557  6.840  7.643  9.600  8.979 11.395 12.083 14.087 
 0.167 -1.009  1.313  4.291  4.850  7.355 10.344  8.128 10.781 13.747 14.174 
-0.830  0.842  4.202  4.012  5.267  5.469  7.830 11.497 11.701 13.940 13.046 
 0.262  2.329  1.454  3.222  6.110  9.230  8.766  7.689 11.875 14.282 14.065 
-1.517  2.443  4.351  4.816  4.880  7.057  9.804  8.028 10.739 13.232 12.528 
-0.072  1.209  1.935  3.694  2.986  6.697  7.875 10.220 11.909 10.874 13.102 
 0.923  1.061  2.195  4.759  4.836  6.705  9.502 10.501 12.479 12.943 14.515 
-0.117  0.327  2.344  3.480  6.215  7.107  7.901 10.460  9.515 12.113 14.724 
 0.008  1.206  3.057  4.436  6.661  8.261  7.605 10.479 12.266 12.686 15.706 
-0.383  1.241  2.526  3.457  5.637  7.009  6.985 10.823 13.383 13.699 15.534 
 0.148  0.678  1.242  4.833  5.398  6.277  7.007 12.053  9.365 12.790 14.435 
 1.537  0.486  1.691  4.823  5.887  7.859  7.177 10.686 11.214 13.196 12.943 
-1.017  2.776  1.545  5.396  4.552  6.290  9.462 10.166 13.371 11.990 14.217 
 2.483  1.328  2.756  3.803  6.605  8.295  8.222 10.780 12.009 11.657 12.665 
 0.218  2.177  2.282  2.936  6.300  8.235  8.136  9.547 11.509 12.201 13.206 
 0.189  1.070  3.999  3.015  6.188  6.092  7.816  9.523 11.330 13.708 13.924 
-0.782  2.773  2.977  4.789  5.952  6.749  7.904 10.150 11.081 13.098 15.449 
-0.339  1.260  2.337  4.819  5.561  8.205  8.733  9.868 13.231 12.793 13.661 
-0.403  0.153  1.389  2.842  5.566  7.532  7.841  7.792 10.227 13.900 16.532 
 0.020  1.292  3.281  4.189  6.077  6.637  6.939 10.207  9.486 12.199 15.157 
-0.320  1.839  2.980  4.561  6.645  5.661  8.677  9.248 10.591 13.660 14.349 
 1.395  3.441  3.541  3.172  5.500  8.741  8.224 10.362 10.412 13.124 13.389 
-0.902  1.646  2.289  4.728  7.149  7.298  6.198 10.425 10.607 11.896 13.128 
 1.204  0.892  3.167  3.530  6.461  7.278  9.774 10.138 11.422 12.664 14.171 
-0.050  2.306  2.577  4.783  6.146  6.207  8.804  8.296 11.827 13.825 13.368 
-0.308  0.276  1.762  4.530  3.988  9.503  8.675  9.688 11.200 12.433 12.965 
-0.265  2.324  0.918  1.205  4.070  6.622  8.829 11.774 11.987 12.780 12.496 
 0.046 -0.038  4.046  5.134  8.010  7.228  9.551 10.363 11.812 12.640 13.654 
 1.242  2.384  3.687  4.752  6.969  6.067  7.570 10.723 10.200 12.369 15.780 
 0.626  2.387  2.017  5.525  4.967  7.545  9.008  9.654 12.904 13.087 13.876 
-1.201  1.465  3.073  3.366  5.270  7.792  8.037  8.452 12.182 12.266 16.737 
-0.403  2.880  2.639  6.267  4.545  6.733  8.047  9.078 11.059 11.795 15.325 
 0.167  0.807  2.935  4.311  4.920  8.839  8.197  8.383 10.148 12.972 14.906 
 2.674  3.090  3.771  4.837  4.881  7.212  9.953 10.057 10.685 12.076 12.913 
 1.095  1.575  2.786  3.641  6.846  7.494  7.309 10.417 11.919 13.227 14.552 
-0.233  2.537  2.500  4.018  8.029  8.272  8.210  9.150  9.950 11.753 15.607 
 1.400  0.653  1.889  3.832  5.120  7.618  7.216 10.868 12.010 12.665 14.540 
 0.326  0.302  0.984  5.411  6.024  7.385  6.907  8.823 13.074 12.731 13.710 
 1.225  1.176  1.703  4.110  6.380  5.201  6.401  9.785 14.282 13.014 13.891 
-0.907  1.456  3.652  2.626  7.657  7.512  9.140 10.681 13.065 13.959 14.074 
-1.984  2.896  3.374  5.449  4.641  7.158 10.316 10.613 11.775 15.240 13.476 
-0.526  2.131  1.301  5.508  6.700  7.125  9.342  9.737 11.425 13.515 14.516 
 0.311  0.202  3.443  4.248  5.170  5.602  8.510  9.456 10.281 14.056 14.031 
-0.665  1.683  2.206  5.322  6.172  6.952  8.220 10.532 11.936 12.893 13.505 
 0.719  2.056  3.886  3.477  8.447  8.374  7.850  9.573 12.516 13.940 13.947 
-0.602 -0.386  3.054  4.328  4.011  6.719  9.134 10.292 11.418 10.961 13.933 
 0.436  1.795  2.889  2.996  6.187  7.802  9.628  8.867 11.418 12.601 14.069 
 0.906  0.942  3.489  4.074  4.951  6.509  8.341 11.410 12.931 12.699 15.690 
 0.614  2.066  2.864  3.642  5.000  7.646  9.114  9.499 10.689 13.404 15.146 
-1.462  4.029  1.958  3.337  5.402  6.252  8.158 10.080 11.288 12.094 14.811 
-0.086  0.570  1.936  4.188  5.496  7.082  7.198 10.590  9.694 13.269 13.519 
-2.015  2.277  5.071  4.026  5.773  5.321  9.415 10.684 11.032 13.261 14.104 
 0.321  0.895  3.600  3.905  7.498  7.615  8.509  9.495  9.636 13.036 13.743 
-2.182  1.135  2.860  5.634  5.031  5.895  9.574 11.008  9.089 12.565 11.989 
 0.459  1.370  1.221  4.338  6.131  7.060  7.747 11.630 11.171 14.613 14.432 
-1.103  1.264  3.939  4.824  5.288  8.834  9.408  9.734 10.919 13.668 14.934 
 1.214  2.321  2.860  4.574  4.848  7.514  8.833  8.408 12.542 12.107 14.672 
-0.805  0.554  2.475  5.309  5.379  4.531  7.448 10.755 11.220 13.666 14.633 
 1.081  1.601  3.452  5.269  4.795  7.041  8.520 10.375 12.107 11.893 14.745 
 0.207  1.215  3.325  3.069  6.974  7.754  7.946 10.482  9.893 12.225 14.277 
 0.859  2.200  2.276  4.052  7.140  5.946  7.958 11.052 12.085 12.293 15.433 
 1.183  0.947  3.706  3.327  6.061  8.190  7.220  9.803 10.601 13.071 13.421 
 0.465  1.231  3.208  4.987  5.903  7.889  6.623 12.726 12.695 12.485 15.844 
-0.456  0.036  3.130  3.460  4.090  5.903  8.838 10.494 11.995 12.205 13.724 
 0.818  3.385  4.084  4.288  6.293  7.793  8.368  8.633 13.259 12.653 14.880 
 0.096  0.288  3.392  4.594  5.338  8.082  8.798  8.973 11.459 13.461 14.479 
 0.577  0.972  2.981  3.637  5.001  7.600  7.740  7.833 10.788 12.114 12.625 
-0.551  1.571  2.778  2.834  6.680  8.781  9.869 10.430 12.269 12.665 13.374 
 0.306  0.620  1.806  4.081  5.535  5.991  8.807  8.629 11.546 12.819 14.663 
-1.338  1.620  2.392  5.214  6.772  5.811  8.620 10.813 10.369 12.677 13.065 
 0.365  1.371  2.144  3.895  6.754  7.896  7.474 10.205 14.283 13.350 13.054 
-1.337  1.968  3.705  3.494  6.376  6.037  7.099  8.194 11.257 13.894 15.941 
 0.093  1.014  2.732  4.287  7.312  6.365  9.250  8.070 11.063 12.827 14.572 
-0.049  1.249  2.415  5.293  6.467  6.716  8.964  8.879 10.413 11.678 14.418 
-0.276 -0.535  1.376  3.302  4.647  7.142  8.327 10.404 10.129 12.402 14.461 
-0.862  0.169  2.643  2.653  3.853  7.020  8.103  7.861 11.479 13.634 15.190 
-0.052  2.494  4.243  3.482  6.121  7.157  9.023  9.467 11.028 12.093 13.206 
-0.320  0.528  2.343  3.922  5.557  7.291  8.865  8.274 11.213 11.128 14.404 
-1.390  0.405  3.515  5.033  5.636  8.660  8.104 10.558 12.480 13.788 13.713 
-0.371  1.563  4.128  2.802  5.415  7.407  9.009  9.544 11.819 13.072 13.906 
 0.937 -0.238  3.184  4.801  4.532  7.359  8.487  9.177 11.201 11.656 14.516 
 0.734  2.192  2.365  4.186  7.435  7.121  8.922 10.427 12.065 13.638 14.649 
-1.299  2.448  2.685  2.916  6.308  6.589  8.565 11.588 12.664 11.248 15.075 
 0.284  1.948  3.411  4.523  5.449  6.518  8.822  9.992 10.439 13.454 14.739 
-0.339  2.244  3.027  3.730  6.177 11.141  9.148 10.009 10.979 14.407 15.118 
-0.478  1.179  2.108  4.883  7.757  7.988  7.868  9.703 10.728 13.034 16.332 
 0.737  0.897  3.661  3.064  7.341  7.212  8.112 11.198 11.412 11.639 12.674 
 0.219  3.792  1.767  3.567  5.570  7.063 10.365  9.343 11.480 11.368 11.860 
-0.346  2.688  3.993  2.269  6.368  7.289  7.504  9.237  9.207 12.723 15.499 
 1.213  0.436  0.641  4.821  6.667  4.917  7.284  7.232 11.686 12.807 14.565 
 0.195  3.109  4.209  3.942  5.211  6.519  8.529  8.100 11.438 12.822 12.970 
-0.881  2.505  2.438  3.623  6.181  6.588  9.370 10.308 12.134 13.991 15.289 
-1.930  1.894  2.992  3.265  6.087  8.018  9.779  8.938 10.023 12.806 14.383 
 0.421  1.919  3.069  5.490  5.566  5.102  6.945 10.821 11.771 11.761 13.814 
-0.410  1.349  1.729  3.201  2.902  8.699  8.585 11.086 12.019 12.732 15.685 
-0.147  0.469  3.423  4.429  5.169  6.509  6.958 10.112 11.146 13.435 15.262 
-0.830  1.391  3.797  4.271  7.156  8.682  8.870 10.367 11.510 12.113 12.471 
-0.851  0.640  3.465  4.163  4.577  6.800  7.608  9.873 11.637 11.294 12.592 
-1.196  1.087  3.934  4.280  6.822  7.299  8.554 10.017 12.168 12.789 15.706 
-0.241  1.528  2.293  4.937  4.425  5.795  7.863 10.871 10.996 11.414 13.404 
-0.068  1.118  2.556  4.583  5.107  5.611  8.771  9.865  9.896 11.236 13.976 
 1.451  2.998  2.773  4.591  6.170  8.322  8.337  9.597 12.365 12.805 12.572 
 0.857  0.987  3.926  4.618  6.826  5.414  7.084  9.137 12.883 12.351 12.192 
 1.294  1.211  1.644  5.264  5.770  7.772  8.616 10.623 12.738 13.563 14.059 
 0.873 -1.113  2.506  3.125  4.628  6.614  8.692  8.851  7.930 12.958 14.005 
-2.058  1.571  1.731  5.511  5.560  7.332  8.574 10.561 11.007 12.976 15.090 
-1.611  2.059  2.023  4.727  7.296  7.202  6.834 10.773 13.459 11.959 14.219 
 1.383  2.804  2.205  5.050  5.076  6.946  9.139  9.988 11.854 11.293 12.561 
 1.253  0.384  3.545  4.159  4.328  6.570  9.067 10.995 12.118 12.321 13.060 
 1.707  1.575  1.974  4.283  4.554  7.289  8.962 10.078 11.365 14.028 11.263 
 0.536  3.427  2.623  4.123  5.628  7.319  7.356  9.772 11.398 12.809 13.271 
 1.038  1.710  2.992  5.864  4.989  7.172  8.055  9.460  9.661 11.932 14.206 
 1.073  3.261  2.192  4.714  6.596  6.196  8.512  8.043 10.526 12.432 12.658 
-2.098  1.658  3.209  4.865  6.041  5.986  7.136  9.042 12.156 13.327 15.245 
 1.287  1.130  3.905  2.217  5.361  8.329  8.337  8.986 11.656 13.847 13.438 
 1.127  0.590  3.201  4.127  5.226  6.855  6.250 11.359 10.473 13.729 12.415 
-0.670  0.441  1.250  4.695  7.324  7.436  8.018 10.357  9.622 14.873 14.929 
 1.801 -0.045  3.626  5.166  5.772  7.359  8.766 11.035 11.136 13.673 13.857 
 0.603  2.128  3.100  6.181  6.622  8.098 10.952  9.853 13.189 12.243 12.776 
-0.945  0.302  4.389  4.377  5.358  6.221  8.409 12.165 10.999 12.568 14.174 
-0.974  1.831  2.746  3.571  5.554  6.363  8.006  8.556 11.147 12.228 12.225 
 0.297  2.351  3.721  4.794  7.109  6.789  6.708  9.368 12.248 13.756 15.033 
-1.026  0.007  3.662  4.387  4.990  7.471  8.963  9.135 11.957 10.698 15.738 
 1.600  0.754  1.784  4.543  5.969  7.443  8.714 10.347 12.201 15.123 14.813 
-1.199  0.363  2.571  4.451  4.942  6.662  6.589 10.575 10.897 12.810 12.949 
 1.072  2.148  3.550  2.638  5.151  7.591  9.323  8.821 12.493 11.947 14.992 
-0.368  2.421  3.128  5.095  6.133  5.915  8.831 11.289 12.077 11.734 13.336 
 0.390  0.529  2.410  4.915  4.933  7.479  9.703  8.389 11.907 11.615 15.182 
 1.027  1.020  2.813  3.487  5.467  7.374  7.949  9.032 10.639 11.675 12.136 
-0.493  1.777  3.290  3.295  4.520  5.901  9.097 11.682 11.469 14.345 12.916 
-0.517  1.287  1.329  5.251  5.311  6.695  9.046  9.353 10.827 13.178 14.919 
 0.426  0.300  2.818  4.700  5.585  5.533  7.620  9.027 10.042 12.736 15.087 
-0.501 -0.063  2.920  4.533  7.134  5.453  7.998  8.745  9.721 13.169 12.758 
-0.035  0.679  0.849  5.328  6.202  5.165  7.991  6.751 12.753 13.264 14.922 
 0.521  1.145  2.310  4.942  3.454  8.591  9.362  8.957 11.436 13.326 15.654 
-1.054  1.251  2.470  3.395  5.086  6.307 10.823 10.064 11.621 12.418 13.737 
 1.477  1.743  3.492  4.488  5.629  6.726  8.528  9.965 10.157 13.383 14.314 
-0.744  1.387  2.446  4.526  8.107  7.266  6.766  8.107  9.718 12.875 13.515 
 0.366  0.705  2.101  2.451  4.524  7.340  8.600  9.540  9.929 12.141 11.886 
-0.769  2.094  2.423  2.921  6.333  7.414  8.646 12.178 11.154 14.804 14.859 
-0.215 -0.728  2.198  3.481  4.179  8.299  9.644  9.849 11.163 14.087 13.876 
 0.058  1.817  2.791  2.396  4.952  9.108  7.795 10.335 12.008 12.456 13.795 
-0.244  0.845  3.299  4.473  4.239  6.435  8.022  9.849 13.750 13.547 14.939 
-1.574 -0.108  3.452  4.172  7.077  7.793  8.046 10.304 10.884 12.028 14.792 
 0.390  1.886  2.665  2.217  5.729  6.466  9.577  9.082 11.570 12.211 15.854 
-0.428  1.909  2.742  4.751  5.520  6.990  9.861 11.265 10.881 11.186 14.232 
 0.657 -0.161  1.517  5.039  5.227  6.349  7.961  9.767 11.239 11.544 13.901 
-0.377  2.517  2.480  4.404  4.727  6.469  7.739 11.528 12.227 12.910 14.997 
-1.060  1.950  2.514  4.184  4.922  5.468  8.518 10.447 10.349 12.997 14.360 
-0.379  3.385  1.727  3.383  5.641  7.514  8.255 10.120 12.746 14.373 14.453 
 0.168  2.112  1.199  3.179  5.908  9.860  8.635  9.343 11.054 11.459 12.967 
-0.909  1.596  2.052  3.224  4.141  4.975  8.732  8.640 10.028 12.591 14.094 
 0.550  2.306  3.469  4.257  4.571  7.335  7.321  8.011 10.499 13.252 13.496 
 0.721  1.959  1.371  3.983  6.125  5.942  5.862  9.160 10.498 13.326 13.087 
 0.022  1.357  3.535  3.288  7.210  7.822  7.774  9.606 10.721 11.679 14.292 
-0.997  2.314  1.897  3.081  4.393  7.923  6.566 10.350 10.340 12.044 14.160 
-0.241  3.846  3.441  3.467  6.804  5.799  8.763 11.046 10.292 11.607 15.482 
-0.635  0.462  2.546  3.548  4.560  7.049  8.795  9.058 11.722 13.999 13.702 
 1.260  2.710  3.617  4.857  5.110  4.927  8.232 10.186 11.388 12.013 14.040 
 0.537  0.433  1.548  3.038  5.393  4.963  8.557 10.562 10.158 12.863 14.259 
-0.657  0.823  3.475  3.282  5.585  6.503  9.783 10.979 11.520 14.381 13.602 
 1.955  3.010  2.459  4.212  6.591  6.248  7.710 10.346 11.636 13.212 13.918 
 0.254  0.861  3.679  4.543  5.648  5.424  6.215 10.771 10.857 12.770 14.134 
-1.369  0.158  5.842  3.411  5.490  5.457  7.827  9.196  9.575 12.378 14.458 
 0.271  1.249  2.103  3.504  6.703  6.558  7.521 10.911 12.257 13.741 13.517 
-1.107  2.278  2.695  5.881  7.715  7.326  7.715  8.802 11.887 13.724 14.052 
-0.734  3.394  1.107  3.680  4.511  6.949  9.042  9.702 10.589 12.045 14.314 
-0.472  0.327  2.839  4.751  4.023  7.311  8.390 10.461 10.702 11.613 12.307 
 0.045  0.780  3.391  2.862  5.836  6.935  8.359  9.572 11.882 11.938 14.362 
-0.191  0.986  3.057  3.880  6.319  7.747  9.695  9.863 11.992 13.563 13.978 
-1.681  3.571  2.262  3.973  6.611  6.088  6.689 10.006 10.453 12.771 15.704 
 0.891  1.566  4.107  3.051  4.190  6.575  9.763 10.581 12.604 13.189 13.157 
-0.843  3.718  1.353  3.971  5.684  7.101  9.174  8.651 11.118 14.541 13.825 
 0.537  1.229  1.015  4.567  5.900  6.821  8.931  9.864  9.914 13.644 14.061 
-1.016  1.903  2.374  5.156  4.719  7.294  9.359  9.841 11.143 12.559 14.687 
-2.206  2.296  2.214  2.899  5.417  7.528  9.159 10.195 10.520 13.067 14.237 
-0.068  0.986  3.890  4.119  6.325  7.091  9.630  8.465 12.155 12.258 14.237 
 1.486  0.951  3.108  3.833  5.796  6.038  7.820  7.972 12.760 12.240 14.369 
 1.454  1.414  1.461  4.812  5.305  7.907  8.556  9.861 11.975 10.979 15.460 
 0.824  1.100  2.398  4.169  7.137  7.029  7.380  8.053 13.387 13.116 13.374 
 0.038 -0.685  4.428  4.646  6.687  6.389  7.863  8.993 11.824 12.832 14.947 
 0.063  2.082  4.423  4.426  4.875  8.943  9.308 10.962 11.406 13.472 12.188 
-0.048  2.110  2.351  5.283  6.200  6.766  7.469 11.650 11.627 12.378 13.434 
 1.886  2.298  2.003  5.002  5.967  6.675  8.643  9.263 10.479 12.387 13.253 
-0.432  1.938  3.325  4.155  4.764  6.480  8.676 12.511 11.224 13.592 15.121 
 0.992  0.081  2.294  2.121  5.094  6.849  9.985  9.853 11.161 12.472 14.589 
-1.097  2.805  4.613  5.079  6.076  6.211 10.099  8.066 12.725 12.907 13.849 
 1.292  0.860  2.766  4.184  3.835  6.719  8.760 10.647 11.606 11.302 13.768 
 1.373  1.880  4.200  5.842  4.038  8.179  9.081  9.854 11.589 11.937 14.256 
 1.009  3.328  3.380  4.976  6.671  6.934  8.368 10.257 11.066 11.973 15.003 
 0.170  2.388  1.801  4.405  6.307  7.560  7.203 10.106 11.665 13.452 12.901 
-0.589  0.632  3.068  3.350  4.439  5.080  8.880  9.607 12.494 11.907 13.820 
-0.096  2.918  2.750  4.821  4.442  6.713  8.943 10.292 11.725 13.379 13.772 
-0.368  1.583  1.910  4.704  4.322  9.366  8.812 10.877 12.407 13.441 13.397 
 1.079  2.422  2.534  4.140  6.117  7.479  8.664  8.888 11.714 13.880 12.683 
-0.932  0.599  2.797  3.602  5.129  8.538  9.862 10.768  8.759 12.692 15.069 
 1.025  1.436  2.926  6.027  6.055  6.476  9.157 10.180 10.166 14.054 14.593 
-1.104  2.806  2.900  3.782  5.297  5.163  8.451  9.363 10.228 13.113 14.859 
 0.555  2.891  3.450  5.666  6.148  5.861  8.970 10.041 10.963 13.383 13.559 
-0.990  1.621  4.699  3.960  5.721  6.089  7.351  9.311 11.169 13.167 15.138 
-0.796  1.510  0.203  4.888  5.540  7.050  7.060  8.315 11.452 12.330 12.357 
 1.356  1.113  4.175  5.055  6.887  6.396  8.258 10.801  9.716 14.216 11.862 
-0.785  1.944  3.108  5.360  5.262  7.080  7.618  9.690 12.380 13.296 12.333 
 0.095 -0.111  2.425  3.708  6.993  7.604  7.720  8.492 12.957 11.903 12.334 
 1.755 -0.092  2.733  4.684  6.708  9.663  8.532 10.436 11.090 12.247 16.278 
-0.058  0.814  1.033  4.697  5.150  6.346  8.529 10.917 12.203 11.087 14.676 
-1.721  2.183  4.039  4.894  4.489  5.722  7.701  7.801 10.709 11.146 14.481 
 0.473  2.781  4.507  2.758  4.793  8.210  8.408 11.524 10.507 11.951 15.925 
 1.104  1.148  5.105  3.479  7.679  7.516  9.000 10.099 10.012  9.876 13.416 
 1.294  0.965  5.599  4.206  6.190  6.027  8.533  8.805 12.189 11.813 13.496 
 0.955  1.391  2.319  4.993  3.782  6.907  6.620 11.682 11.701 12.002 13.262 
-0.344  1.081  2.036  5.037  8.046  6.296  7.322  9.921 11.001 12.172 15.167 
-1.605  3.075  2.717  4.630  5.343  6.841  8.292  8.750 10.890 13.223 13.290 
-1.498  2.619  1.463  5.533  5.935  7.098  9.812  8.909 10.568 12.835 15.478 
 0.264  0.191  1.913  4.028  5.344  6.208  8.216 10.918 10.927 14.133 13.132 
 0.593  1.648  4.720  4.708  7.658  8.036  7.948 11.017 10.108 16.036 14.483 
-1.161  1.787  2.664  3.939  5.376  7.415  8.564 10.026 10.678 12.658 14.495 
 0.159  1.635  2.293  4.631  5.484  7.509  9.056 11.415 11.648 14.619 13.108 
-0.807  0.612  1.612  4.066  5.460  6.472  6.670  9.297 10.820 15.025 14.048 
 1.611  0.180  3.493  5.700  6.084  7.121  6.961  7.670 12.717 12.468 14.644 
-2.135  1.626  2.891  6.282  6.020  7.714  8.603  8.741 10.848 14.613 15.722 
 1.315 -0.530  2.030  6.193  6.741  8.324  8.799 10.376 11.019 12.366 13.680 
 0.947  1.596  2.354  4.615  4.991  7.946  7.176  8.869 10.741 16.530 14.396 
 0.261  0.328  0.770  5.576  3.990  6.946  9.085  8.649 10.474 13.760 13.879 
 0.352  2.606  1.876  4.579  5.887  5.570  8.232  9.499 10.201 14.137 13.698 
-1.493  1.239  2.835  3.383  5.532  7.247  8.813  8.635 10.944 11.481 14.628 
-1.979  0.312  2.222  3.968  8.338  5.528  8.655  8.997 11.919 13.394 15.845 
-1.065  2.176  3.225  3.039  5.504  6.118  7.612 11.134  8.898 14.088 14.155 
-0.634  2.653  2.461  4.315  6.603  5.573  9.592 12.130 11.372 10.336 13.602 
-0.789  1.705  2.950  3.651  5.180  6.272 11.118  8.063 11.332 11.866 11.686 
 0.550  1.451  2.361  3.515  5.228  7.833  7.245 11.237 10.731 12.523 15.551 
-2.048  1.186  0.095  4.907  7.679  6.216  8.275 10.285 12.689 12.872 14.621 
 0.437  1.816  1.753  4.131  5.207  8.084  8.114  9.986 12.940 11.562 15.184 
 0.680  1.365  3.720  4.533  7.456  6.035  9.314 10.992 10.977 13.173 15.825 
-0.489  0.921  3.896  4.327  6.543  7.234  7.584 10.266 11.997 11.944 15.878 
-0.527  0.069  2.531  4.829  5.178  7.773  9.778 10.074 10.112 11.730 12.562 
 0.932  1.509  1.018  2.504  4.895  6.143  9.066  9.852  9.597 14.662 13.052 
 0.727  1.894  4.096  4.549  6.329  7.263  9.022 10.504  9.830 13.704 13.599 
-0.451  0.826  1.517  3.963  5.892  7.375  8.840 11.556 10.936 12.241 12.560 
 2.222  1.287  2.458  4.710  6.570  8.551  7.256  9.382 10.816 11.015 12.856 
 0.756  1.562  3.517  5.493  5.521  6.372  9.234 10.604 11.993 14.101 14.098 
-1.736  0.143  3.146  4.202  5.788  6.753  9.040  8.650 12.666 12.161 14.266 
 0.686  1.592  3.905  4.365  3.888  6.564  6.693 10.793 11.947 12.007 13.258 
-0.688  2.444  3.271  5.587  5.577  6.896  8.266  9.851 10.416 13.646 14.003 
-0.522  2.621  3.729  2.939  6.021  7.625  7.897 10.494 10.852 12.126 12.444 
 0.576  0.770  3.660  3.788  5.062  7.614  7.582  9.414 11.751 13.029 14.588 
-1.001  2.411  3.509  5.630  6.861  8.014  8.443 10.595 10.532 11.624 15.486 
 0.944  0.723  3.839  4.598  5.341  5.934  8.694  8.652 11.324  9.311 14.185 
-0.308  2.326  2.234  2.313  4.143  8.412  9.919  6.836 12.963 12.462 14.689 
 0.532  1.843  3.081  4.915  5.183  8.090  8.629 10.749 10.019 12.858 13.937 
-0.871  0.454  4.317  4.027  5.684  6.545  7.893 11.419 10.839 12.510 13.046 
 0.312  0.383  3.676  3.194  4.913  7.992  7.856 11.332 10.074 12.602 13.936 
 0.088 -0.344  3.779  1.491  6.968  6.502  8.554  8.005  9.891 14.208 14.104 
 0.262  1.671  2.207  4.309  6.566  7.589  7.824  9.420 10.100 11.373 12.719 
 0.744  0.739  2.369  5.907  7.510  7.678  6.557  9.387 10.938 11.403 13.983 
-2.792 -1.112  5.208  4.577  5.790  7.555  8.718  9.274  9.109 11.315 14.160 
-0.817  1.576  2.102  4.816  5.439  8.935  9.137 11.460 11.130 11.841 14.430 
 0.706  0.565  1.757  4.104  5.837  5.723  8.205 10.560 11.896 11.455 15.692 
-0.863  3.366  4.734  3.524  6.566  5.839  8.361  9.407 11.232 12.099 13.223 
 0.264  2.736  2.279  3.935  7.117  8.659  8.750 10.567 11.477 12.775 13.439 
 0.021  1.576  3.326  3.513  6.593  7.450  7.933 11.080 11.464 12.200 13.440 
-0.260  0.276  2.270  3.354  7.226  8.852  7.927 11.766 11.046 12.996 12.935 
-1.122  2.684  1.642  4.482  5.817  8.190  7.471  8.853 10.931 11.635 15.185 
-0.628  1.234  1.832  4.181  4.604  7.719  8.243  9.178 12.167 10.497 13.576 
-0.334  0.691  2.245  4.614  5.788  4.884 10.261 12.241 11.251 11.863 15.109 
-0.219  2.245  4.064  5.482  5.049  6.406  9.087  8.845 12.718 11.444 14.287 
-0.130  2.929  1.690  4.319  6.704  8.658  8.750  9.913 10.760 14.151 14.506 
 1.114 -0.865  0.277  2.034  5.231  6.058  8.724 10.212 12.149 12.807 13.586 
 1.371  3.017  3.288  3.785  4.698  5.051  9.489  8.818 12.254 11.530 15.644 
-0.282  1.016  2.584  5.445  4.396  7.942  8.982  9.092 10.867 13.113 13.948 
 0.185  1.738  1.768  2.126  4.851  5.977  7.971 11.526 12.044 13.063 12.973 
-0.074  1.167  3.002  3.113  5.925  6.682  9.547 10.558 10.522 13.783 14.755 
-0.131  1.097  1.863  3.528  5.711  8.953  9.234 11.771 11.268 11.722 13.486 
 0.321  3.745  1.304  5.026  6.317  8.219  7.587 10.302 11.946 13.406 15.225 
-0.006  0.738  3.609  6.442  5.506  8.847  8.003  8.831 10.551 11.714 13.394 
 0.323  1.220  2.317  3.356  4.071  6.935  8.815  9.743 10.629 13.541 13.251 
-2.770  0.995  1.537  5.250  6.360  7.772  6.822  8.765 10.571 11.652 13.901 
-0.224  1.508  2.790  5.259  5.610  6.600  6.432  9.356 11.040 12.105 12.742 
-0.100  2.552  2.170  3.252  4.731  6.625 11.243  9.650 12.005 12.191 13.122 
 1.013  2.417  2.890  3.443  5.078  6.355  7.339  8.661 12.266 13.358 13.722 
 0.564  0.837  2.365  3.002  6.061  6.121 10.285  9.410 10.844 12.909 14.882 
 0.785  1.607  1.100  3.992  5.469  6.091  8.510  9.438 10.505 12.896 15.958 
 0.257  1.944  3.686  5.495  5.490  6.651  7.287  9.306 10.411 13.127 13.812 
 0.233  1.424  2.616  5.186  5.377  6.909  7.087  9.200 10.463 13.680 12.492 
 0.308  2.084  2.635  5.040  5.335  6.268  8.782 10.394  9.828 11.895 14.481 
-1.568 -0.432  3.094  5.719  5.769  7.054  8.707  9.225 11.318 10.814 13.872 
 1.156  1.049  2.408  6.567  5.130  7.317  8.524  9.752 11.758 12.282 14.989 
 0.304  1.525  1.746  6.421  4.765  8.178  9.074 11.909  9.434 12.892 13.416 
-0.411  2.403  2.701  4.853  5.456  4.561  7.947  8.740 12.406 12.544 15.016 
-0.362  1.781  5.931  4.445  5.679  8.577  8.965  9.220 11.707 12.600 16.010 
-1.568  2.102  4.958  4.517  6.617  5.900  8.616  9.345 11.108 11.564 13.269 
 1.198  3.178  3.780  4.314  6.768  8.230  6.273  9.572 10.850 13.144 12.420 
-0.218  0.534  2.497  4.544  5.404  5.468  8.489 10.526 11.054 10.802 12.225 
-0.407  1.732  2.967  4.416  6.153  7.788  8.782 10.263 13.090 13.493 15.156 
 0.070  0.012  3.685  4.737  7.860  5.073  7.011 10.137 12.013 13.258 15.053 
-1.096  1.376  1.413  6.955  7.144  8.398  8.714  8.539 11.654 12.165 14.688 
-1.150  0.004  3.794  2.393  6.313  6.243 10.232  8.816 11.760 13.555 14.417 
 0.546  0.642  2.935  3.160  5.614  7.662 10.049 11.657 12.030 11.401 14.096 
-1.627  1.417  3.505  2.962  3.094  4.776  8.187 10.947 11.735 11.744 14.847 
-0.853  1.407  2.649  5.304  4.072  7.944  8.771  8.607  9.002 11.542 12.810 
-0.977  1.851  3.409  4.672  7.431  5.907  8.108 11.846  9.120 13.310 13.754 
 0.702  0.192  3.543  5.190  7.070  5.488  6.448  8.686 10.661 13.244 14.023 
 0.877  0.579  3.872  3.663  5.274  8.173  8.840  9.364 10.118 12.706 14.216 
 0.214  2.808  2.745  6.041  3.651  7.019 10.397 11.328 10.625 11.788 13.315 
 0.099  1.480  2.341  3.870  6.230  8.211  7.323  9.915 10.540 12.687 13.910 
 0.422  1.668  2.861  4.510  5.939  8.069  9.319 10.054 11.420 12.327 15.135 
-0.478  1.485  2.941  3.386  6.654  6.633  9.224  9.390 11.069 13.044 15.244 
 0.692  2.393  2.823  3.090  3.961  6.892  8.865 10.196 10.277 12.808 13.271 
-0.510  2.081  4.359  3.160  5.399  6.930 10.321 10.942 11.597 11.928 13.838 
 0.900  2.472  1.165  6.116  7.310  7.630  7.193  9.363 11.546 10.982 15.632 
 1.020  0.552  1.625  5.138  6.225  7.343  7.900  9.977 11.387 14.198 13.934 
-0.541  3.133  1.871  4.801  4.453  8.948  8.750  9.458  9.876 11.976 13.472 
 0.062  3.397  4.869  4.073  5.680  7.439  7.456  9.642 11.468 12.487 14.301 
 0.116  1.299  2.990  3.256  5.785  8.308  8.721  6.554 12.207 13.826 15.663 
 2.013  0.639  1.598  4.849  6.647  4.169  8.242 10.331 13.316 12.241 13.982 
-1.247 -0.197  2.440  4.732  5.466  5.943  8.771 11.881  9.370 13.689 11.796 
-1.880  1.506  1.961  5.689  5.804  5.874  7.557  7.545 13.621 12.174 13.085 
-0.755  0.452  1.951  5.445  5.181  8.131  8.007 11.239 12.230 10.486 13.293 
-0.546  2.637  3.264  4.016  5.795  7.925  8.421  9.231 12.114 12.597 15.929 
 0.572 -0.300  4.360  3.167  4.806  8.218  7.370  9.110 10.824 12.153 14.332 
-0.817  3.720  2.160  3.106  4.893  7.583  8.077  9.867 10.288 12.458 12.360 
 0.246  1.000  2.796  2.773  3.912  6.259  9.279  9.991 10.553 12.963 13.691 
-0.589  1.163  2.729  5.032  4.471  7.685  8.142 10.475  9.745 13.759 13.540 
 0.946  1.605  4.656  2.673  6.574  6.657  9.591  9.066 11.156 13.191 13.326 
 1.448  0.665  5.302  3.792  7.475  8.399  6.837 10.653 12.078 13.200 15.241 
-0.337  0.309  4.452  3.286  3.604  6.153  8.606  9.032 10.772 13.795 14.301 
 0.594 -0.510  3.573  4.552  4.136  6.727  8.633  7.741 11.135 13.057 13.378 
 1.436  0.619  2.139  6.000  5.802  8.847 11.248  8.255 10.703 12.919 15.834 
-0.328  2.152  3.288  2.606  6.219  8.728  8.909 10.492 12.343 13.897 12.948 
-0.800 -0.248  3.322  3.625  4.808  7.265  9.811 10.004 12.256 12.559 12.580 
-0.800  0.537  2.593  4.466  6.981  5.870  9.966  9.758 11.627 13.820 14.472 
 0.409  2.152  2.713  4.203  4.759  6.328  6.951  9.144 11.781 13.395 12.931 
 0.657  0.209  3.041  3.932  6.472  6.692  9.964  9.268 10.958 12.941 14.913 
-0.433  3.058  3.614  4.651  5.756  5.655  8.546  9.424 12.243 12.411 13.787 
-0.522  1.036  1.575  4.307  4.858  7.244  8.016  7.870 10.464  8.989 14.854 
 0.148  2.333  2.746  5.954  6.322  5.474  7.521 11.003 11.338 12.136 15.689 
-0.854  1.314  3.130  3.852  5.603  8.565  9.148  8.269 12.214 12.341 11.661 
 0.291  1.242  2.797  4.688  5.247  7.623  7.467 11.573 10.007 13.701 16.091 
 0.682  2.711  2.806  2.644  5.713  6.519  9.549  9.963 11.834 13.419 13.352 
 0.324  2.116  3.095  4.471  3.118  7.561  9.481 10.463 12.265 14.609 12.304 
-0.573  2.654  3.219  4.304  5.484  4.723  8.857  9.689 11.506 14.082 12.655 
 1.253  2.326  3.286  5.892  5.096  7.238  8.964  9.645 11.163 11.261 13.857 
-1.778  1.912  3.207  4.147  6.249  8.330  8.392 10.293 12.857 14.230 15.801 
 1.607  2.272  2.948  4.725  7.339  8.393  7.359  9.086 11.038 11.470 13.654 
 0.428  2.211  2.080  5.279  7.118  7.596  8.508  9.244 11.210 11.067 14.587 
 1.004  2.501  1.836  4.041  7.712  7.464  7.395 10.897 11.933 13.004 15.089 
 0.406  2.208  2.682  3.334  7.359  7.371  8.619  9.228 12.165 11.313 14.435 
 0.271  3.013  2.691  4.034  4.959  7.053  6.819 11.189 10.976 12.380 11.342 
 1.192  2.764  3.724  5.489  6.686  6.147 10.010  9.901 11.638 13.309 14.945 
-0.905  2.280  2.503  5.261  5.523  8.845  7.815 10.757 11.735 13.040 13.871 
-1.139  2.982  3.365  3.560  3.481  8.299  7.101 10.219 11.476 10.645 15.835 
-0.153  2.172  3.456  2.099  4.375  7.191  7.312 10.734 11.818 12.521 13.347 
 0.691  1.465  3.169  3.813  5.846  6.632  7.980  9.067 10.181 13.043 15.954 
 0.106  0.633  3.013  4.798  6.571  7.096  9.214 11.573 11.218 14.190 14.699 
 1.860  1.531  2.755  4.643  6.735  8.196  7.454  9.071 10.421 11.491 12.426 
-0.402  1.027  2.554  4.304  7.203  7.353  7.120  9.458  9.824 13.710 15.208 
-0.128  2.311  2.950  3.496  5.581  7.439  6.739  7.945 11.107 14.577 14.403 
 0.043  3.150  4.420  4.022  5.431  6.116  8.571  8.727 12.629 13.970 12.771 
-1.520  1.144  1.851  6.196  6.362  7.963  9.502 10.174 12.603 12.326 16.364 
-0.528  3.568  2.543  5.306  5.814  8.284  8.825  8.737 10.987 12.088 14.891 
-0.473  1.851  3.066  4.456  5.563  7.172  8.536  9.714 12.382 11.580 12.862 
-1.843  0.965  3.123  2.653  6.859  7.473  6.957 11.057 12.706 10.808 14.566 
-0.523  2.312  4.250  4.989  4.974  5.832  8.388 11.013 12.512 12.778 15.584 
-0.427  0.298  1.821  4.654  6.672  6.353  9.284 10.325 11.945 11.857 13.754 
 0.633  1.303  3.033  2.998  4.463  5.548  8.198  8.781 11.077 10.573 13.829 
 0.382  1.314  3.735  4.693  6.337  5.761  8.099 10.796 12.276 11.483 14.545 
 0.971  0.009  1.386  4.778  6.240  6.711  8.271  9.773 11.988 12.706 14.098 
-0.620  1.629  1.203  3.489  4.310  6.006  7.881 12.089 10.555 13.639 14.890 
 1.485  0.512  0.576  3.542  6.357  6.117  9.633 10.046 10.658 13.848 16.090 
 0.492  2.856  2.109  4.728  6.114  7.511  7.834 10.059 11.940 13.512 15.145 
-1.655  2.232  1.789  4.522  6.068  6.295  8.385 10.542 10.151 11.193 14.192 
-0.277  0.577  3.234  6.082  5.395  8.109  6.844 11.249 11.606 12.956 14.687 
-0.042  1.693  3.322  4.976  5.706  5.386  7.271 10.940 10.169 11.859 13.412 
 0.174  1.862  1.207  4.217  4.429  5.671  9.605 10.161 10.543 12.754 13.935 
 0.838  1.234  4.898  4.670  4.764  7.853  8.629 10.255 10.715 11.509 13.142 
-1.173  2.897  3.160  4.670  5.827  6.228  8.319 10.868 11.479 12.283 15.475 
-0.054  1.401  2.965  4.539  6.011  6.946  8.098 11.237 11.045 13.106 14.654 
 1.587  1.012  3.800  3.853  5.896  7.447  8.643  9.486 11.373 12.809 14.554 
 0.865  1.332  2.069  4.340  4.890  6.567  8.854 11.066 11.585 13.218 16.635 
-0.010  1.925  1.240  3.216  5.402  6.068  9.030 10.727 12.637 10.538 14.159 
-0.856  1.005  0.700  5.828  4.840  5.816  8.342 10.239 12.480 12.260 15.517 
-1.085  2.540  2.553  3.515  5.702  7.148  8.558  9.268 11.115 14.028 12.317 
-0.053  2.016  4.452  3.915  3.921  6.272  7.756 10.656 11.916 12.064 14.146 
-1.653  1.291  2.777  2.789  4.809  7.070 10.340 10.273 12.194 11.148 13.104 
 0.667  0.449  3.845  2.406  5.443  6.915  7.306  8.970 10.267 13.547 13.753 
 0.436  0.600  2.564  3.807  4.174  8.028  6.863  9.760 12.413 13.574 13.557 
 1.159  1.883  2.986  3.863  6.981  5.589  9.531 10.679 12.924 12.077 13.940 
 0.018  2.709  2.577  3.727  4.419  7.521  8.778 10.658 10.898 13.657 14.273 
 0.071  1.055  3.632  3.073  7.188  6.031  9.907  9.632 12.335 12.979 15.171 
-0.504  1.287  2.166  4.129  6.342  6.362  8.732  9.829 10.280 13.362 14.541 
-2.051  0.976  2.489  3.055  4.671  7.092  9.288 10.926 11.482 12.030 14.625 
 0.121  2.271  4.165  4.389  3.816  6.559  7.586 10.130 10.648 13.543 14.907 
 0.553  1.213  2.360  3.577  6.175  6.970  9.625 10.076 12.095 12.121 13.679 
-0.128  1.392  1.881  3.413  5.802  7.057 10.009  9.899  9.743 13.809 15.286 
 0.121  0.218  2.900  2.560  3.356  7.550  8.457 10.278 13.219 11.726 14.014 
-0.926  1.902  3.208  4.700  5.895  9.459  8.907 10.724 12.262 13.325 13.365 
-1.274  2.699  2.615  2.310  6.003  7.072  9.081  9.833 11.704 14.332 13.534 
-1.251  1.645  2.233  4.703  6.388  5.366  9.804  9.739 11.470 12.374 16.005 
-0.353  3.361  4.630  3.680  6.034  7.071 10.525  9.955 11.919 13.377 14.332 
 0.809  1.953  2.034  4.677  4.762  6.093  6.450 11.035 12.765 13.110 16.676 
-1.397  0.880  0.911  5.099  6.868  6.641  9.017  9.539 12.348 10.705 15.953 
 0.897  1.766  1.546  3.928  5.307  7.439  9.508  9.476 11.042 12.603 13.752 
 0.641  2.399  2.499  3.972  6.178  6.254  8.699  8.807 12.354 14.265 15.999 
 0.241  2.190  2.094  3.897  8.560  4.929  8.198  8.021 12.623 12.435 13.831 
 0.704  1.458  1.936  4.015  4.630  7.327  8.319 11.501 12.316 12.505 12.781 
 0.246  2.046  1.256  4.592  5.763  7.617  8.707  8.796 12.320 12.046 15.331 
 0.060  0.221  3.782  4.466  4.054  5.523  8.697  9.934 12.865 12.453 13.831 
-0.394  0.913  3.884  4.499  5.666  6.804  6.853  9.056 11.476 13.068 14.552 
 0.501  0.592  1.909  3.740  4.792  7.094  9.292 10.211 10.458 12.169 13.961 
 2.617  0.555  2.854  4.705  3.994  5.165  9.473  9.462 11.285 13.392 14.249 
 0.791  2.210  3.824  5.514  6.124  7.066  7.871  8.540 10.060 13.589 14.791 
 2.212  0.507  1.589  4.816  3.318  7.654  8.162 10.475 11.654 13.653 14.716 
 0.919  3.239  4.355  4.011  5.847  7.208  7.879  9.728 12.053 13.982 13.877 
-0.048  0.427  1.898  4.267  4.957  8.911 10.049  9.685 11.652 14.774 13.209 
 0.177  1.142  3.706  3.515  4.236  5.879  7.278  8.343 10.480 12.836 11.927 
 0.453  0.887  2.132  6.323  7.277  6.695  9.265  9.919 11.290 13.923 13.244 
-0.172  2.984  2.169  3.752  5.765  8.931  9.129  9.939 11.593 11.484 13.475 
-0.587  0.469  1.981  3.138  4.691  7.601  8.838 10.607  9.572 11.929 13.363 
-1.754  1.129  1.124  5.090  5.497  6.696  8.905  8.874 13.427 12.183 12.958 
 0.317  0.691  2.841  3.665  4.411  7.296  9.797  9.806 10.957 10.195 14.287 
 1.113  0.727  3.446  4.569  3.995  9.289  8.909 10.151 11.744 12.636 14.485 
-1.691  1.751  2.551  5.956  6.549  5.701  9.143  9.557 12.291 10.420 13.251 
 0.082  1.462  2.826  5.574  4.126  7.229  9.516  8.431 12.092 12.540 14.119 
-1.095 -0.146  1.584  2.149  5.736  6.129  8.505  9.944 11.448 13.755 14.544 
 1.367  0.321  3.611  4.258  6.237  7.436  8.638  9.325 10.628 13.608 14.159 
-1.155  1.059  1.996  4.666  4.690  7.566  7.668 10.099 10.615 13.150 14.588 
-0.583  1.080  2.761  4.119  6.507  6.209  8.766 10.530  9.879 13.208 12.917 
 0.918  2.129  2.387  3.940  4.939  7.395  7.640 10.273 12.339 12.559 15.389 
-0.485  3.226  3.040  4.385  5.442  7.589 10.483  9.925 11.004 12.611 13.901 
 1.988  0.594  4.425  3.278  4.806  5.246  8.906 10.754 11.793 11.686 13.924 
 1.544  1.401  0.862  2.762  5.360  7.117  8.714  8.441  9.764 11.854 15.457 
-0.973  2.514  1.197  3.655  5.089  7.141  8.354 10.050 11.514 14.614 13.698 
-0.077  2.670  3.676  5.432  3.387  7.537  8.836  9.518 10.589 13.944 13.026 
-2.259  0.519  3.834  4.327  5.291  7.260  9.338 10.572 11.602 13.657 12.197 
-0.803 -0.237  0.926  5.238  5.417  7.422 10.927  9.713 11.288 11.871 14.691 
 1.669  1.620  1.332  4.582  6.814  4.140  8.871 10.086 11.538 12.562 14.854 
 0.211  1.082  2.896  3.136  4.944  6.201  9.042  9.775 12.831 14.056 14.263 
-0.130  0.245  2.125  3.891  6.261  9.164  7.488  8.353 11.350 14.420 13.510 
 2.297  1.915  1.775  2.669  4.983  6.588  7.196  9.162 12.517 13.879 14.678 
 0.290  1.290  1.843  4.378  6.310  8.032  8.935 10.090 11.409 13.343 12.885 
 1.080  0.027  2.216  4.008  5.095  4.773 10.141 10.304 10.236 12.359 15.424 
 0.395  0.001  3.621  4.130  4.110  7.526  7.620 11.750 11.278 12.890 13.361 
 0.563  1.203  3.783  3.755  4.820  8.252  7.986  9.711 10.373 12.230 12.291 
-0.317  2.640  2.158  3.858  7.480  6.959  9.927 10.308 10.043 13.187 14.777 
-0.853 -0.138  3.466  3.509  7.171  8.988  7.858 10.318 11.163 12.497 15.272 
-1.004  1.569  0.980  5.474  5.488  7.151  7.913 10.234 10.224 13.098 13.408 
 1.359  1.871  3.870  5.815  5.416  6.880  8.494 11.590 11.415 13.213 14.358 
 0.390  0.827  2.573  5.595  4.819  6.425  7.977 10.406 10.867 12.764 15.906 
 0.978  0.200  3.908  4.302  8.663  7.047  8.461 10.566 11.384 12.973 14.072 
-0.769  0.496  2.307  3.558  5.877  5.361  7.472 10.120 11.713 12.094 13.706 
-0.364  1.310  4.659  4.416  5.752  6.008 11.269 12.307 11.392 13.522 13.266 
-0.033  3.080  3.640  4.596  7.574  7.308  9.376 10.084  9.787 13.307 13.870 
-0.039  2.438  1.686  4.834  5.820  5.004  7.626  6.737  8.934 12.212 13.424 
 1.148  0.771  1.328  3.980  4.957  7.245  8.739 10.579 10.723 12.997 12.186 
 0.205  2.150  4.555  3.926  6.063  7.360  7.760 10.253 13.063 13.058 12.611 
-0.792  0.649  2.598  4.242  5.429  6.760  7.710  9.239  9.265 13.110 15.091 
-1.152  2.277  1.528  2.388  4.648  6.448  8.060  9.877 11.917 14.261 14.297 
-0.552  1.303  2.728  2.540  5.695  7.107  8.568 10.114  9.655 14.177 14.117 
-0.059  1.951  1.602  5.307  5.861  7.966  8.444 11.023 11.543 12.602 13.631 
-1.412  0.186  3.708  3.794  6.177  5.759  8.417 10.556 10.585 12.977 15.484 
-0.006  1.126  2.217  4.471  4.013  7.174  9.771 11.327 10.704 13.007 13.046 
-0.768  0.814  1.105  5.217  6.319  5.491  7.982 10.402 10.998 13.087 14.288 
-1.309  1.273  2.567  5.910  4.625  8.250  8.497  6.592 12.756 14.340 12.751 
-1.212  0.864  2.016  2.429  6.058  8.206  8.689  9.302 12.150 11.617 13.921 
-0.121  3.024  4.429  2.639  5.791  6.576  8.491 10.783 11.625 13.182 14.764 
 2.680  2.575  3.702  3.089  5.296  9.647  8.187 10.771 11.168 12.776 13.028 
-1.104  3.237  0.890  3.096  7.985  8.022  8.461 10.198 12.071 11.652 13.317 
-0.531 -0.197  2.613  4.449  5.249  8.501  9.814  9.770 11.714 10.627 12.066 
-0.643  1.753  3.851  5.234  6.020  4.976  9.481  9.041 12.203 12.645 13.071 
-0.977  0.026  1.950  6.160  6.232  8.641  7.323  9.037 10.766 12.418 12.556 
-1.886  1.593  2.292  3.401  6.097  5.941  5.992  9.460 11.314 11.976 13.900 
 1.234  1.280  2.014  2.617  6.174  5.904  7.950 11.607 11.985 11.872 13.124 
-0.719  0.174  1.061  6.198  5.583  9.016  6.958  9.163 12.827 12.433 15.076 
-0.537  1.980  2.703  4.681  5.308  8.921  8.889  9.492 11.368 12.205 13.872 
-0.036  0.538  2.362  3.995  6.369  6.629  7.372 11.390 11.538 12.319 12.171 
-0.109  0.973  2.161  3.471  7.175  6.348  9.051 10.094 11.708 12.075 14.038 
-0.221  1.175  2.888  4.384  6.980  6.019  9.064 11.474 12.352 12.656 14.482 
 0.473  2.118  2.147  4.896  4.914  7.690  9.529  9.870 10.129 12.546 13.138 
-0.559  1.643  4.293  5.362  5.070  7.813  9.134 10.071 11.488 11.904 12.784 
 0.174  1.168  3.774  5.027  7.426  8.460 10.046  7.717 10.784 13.412 14.979 
-0.642  1.668  1.636  5.109  4.984  7.270  9.264 10.034 11.252 11.776 14.867 
-1.317  1.123  3.979  2.643  6.475  6.745  9.507 11.325 11.901 12.857 13.613 
-0.663  0.605  3.323  3.282  5.171  7.634  8.252 10.296 11.809 14.874 13.505 
-1.197  1.586  4.554  4.146  6.420  5.587  9.189 10.178 12.214 14.168 13.714 
-0.967  1.023  2.171  6.099  5.788  7.963  9.140  8.188 11.326 12.245 13.777 
-1.442  2.358  3.356  4.060  5.848  6.729  7.358 10.757 11.302 13.657 14.576 
-0.619  1.217  2.367  5.486  6.777  5.492  7.459  9.376 10.794 14.584 14.799 
 0.139  1.338  3.648  3.507  6.129  7.745  9.230  8.895 11.515 11.876 11.971 
-0.318  3.163  3.774  4.551  4.692  7.512  6.045 10.195  9.531 11.389 13.916 
 2.012  1.504  2.806  3.872  4.792  7.328  7.347  8.867 10.695 13.625 14.882 
-1.790  2.003  3.529  4.105  5.953  7.143  8.484  9.952 10.227 11.644 15.718 
 1.038  0.932  3.856  5.064  8.013  7.596  9.620  8.524 12.366 12.439 14.397 
-0.458  1.308  3.162  5.211  6.062  5.796 11.184 10.711 11.947 10.984 14.722 
-0.291  2.626  3.505  2.999  6.334  5.024  7.362  9.025 10.704 13.004 15.089 
-0.121  1.377  1.584  4.868  7.059  9.009  9.749  9.935 10.582 13.174 13.363 
 0.425  3.359  4.579  4.527  6.704  8.033  7.510  8.970 11.216 12.567 12.908 
-0.317  1.470  2.628  5.369  6.025  5.985  7.881  8.588 10.317 12.150 14.518 
-0.801  1.134  3.388  4.547  6.663  8.500  8.185 10.234 12.874 12.887 14.850 
-0.171  1.353  1.688  4.267  4.047  7.778  8.776  9.716 10.716 12.313 12.147 
 0.759  0.568  1.104  4.840  6.384  8.202  8.405 10.085 11.760 12.502 14.066 
-1.324  1.150  2.224  4.613  5.471  6.426  9.670 10.215 11.040 14.689 13.282 
 0.964  1.706  5.289  3.412  4.971  7.744  8.261 11.364 13.903 10.722 13.792 
 0.465 -0.100  3.776  2.480  5.934  9.040  9.225 10.841  9.683 14.815 14.334 
 0.074  2.271  2.418  3.106  4.777  7.863  8.505 10.669 12.703 14.642 14.513 
 1.195  1.721  2.572  4.404  7.142  5.805  8.934 10.645 11.177 11.831 14.387 
-1.450  1.361  4.739  4.203  6.286  7.742  8.483 10.690 11.885 14.349 12.836 
 0.868  1.297  3.751  5.154  5.550  7.460  7.158 10.672 11.865 12.093 14.547 
 0.033  1.522  1.275  4.285  5.703  6.699 10.269 12.376 11.185 11.904 14.542 
-0.291  2.737  3.113  3.743  5.037  7.862  8.223  8.820 12.217 12.261 13.388 
 1.875  2.152  3.996  2.596  7.304  6.705  6.533  8.930 11.218 12.999 14.979 
-1.687  2.942  1.161  4.219  6.223  7.466  7.095 10.384 11.133 12.889 16.039 
 0.251  0.656  1.823  4.629  5.455  6.237  8.923  9.357 11.967 13.699 13.921 
 0.072  1.510  3.792  4.975  6.973  7.191  6.750  8.648 10.860 12.679 13.769 
 1.568  0.454  4.558  2.611  5.026  7.731 10.483 10.557 11.372 13.629 15.206 
 0.531  1.073  4.754  4.513  4.565  7.223  8.568 10.611 11.857 14.511 15.461 
 1.633  1.374  3.037  5.982  6.091  8.412  8.907  8.387 11.428 11.932 13.927 
 0.501  0.544  1.658  5.225  6.646  7.211  8.642  9.231 11.066 13.345 15.440 
-1.456  2.854  2.436  3.988  5.880  5.486  8.275  9.060 12.472 13.304 13.123 
 1.097  0.577  4.057  6.406  4.542  7.633  9.217 11.249 11.035 12.340 14.916 
-0.901  1.209  2.916  4.322  5.400  8.466  9.982  9.544 10.505 12.079 15.724 
 0.634  1.977  5.321  3.832  5.604  7.254  8.183  9.336 11.825 10.832 14.452 
-1.436  3.530  3.309  4.909  4.556  8.941  8.208  9.088 11.398 13.449 12.975 
 1.165  0.243  2.988  5.139  5.811  7.354  6.977 10.555 11.866 12.165 13.882 
-0.486  1.862  3.347  3.372  4.494  6.732  8.492 10.828 11.559 12.068 12.564 
 0.267  3.461  4.345  6.419  5.790  6.729  6.634  9.890 11.293 13.235 15.496 
 0.043  1.554  4.751  4.872  5.857  5.949  8.549  8.160  9.966 11.545 14.450 
 0.356  2.302  3.496  5.043  4.179  7.670  9.142  9.711 11.385 13.137 12.912 
 0.273  1.989  2.919  5.115  4.669  9.056  7.869  9.055 10.976 13.806 13.592 
 0.602  1.561  0.961  4.506  6.263  7.852  8.193 10.518 12.841 13.178 14.268 
-0.518 -0.376  4.018  5.054  7.150  6.899  7.010  9.627 11.515 13.832 12.334 
 0.190 -0.415  2.682  3.201  6.675  8.065  8.020  9.840 11.253 13.015 14.629 
 0.036  1.014  2.854  3.862  5.547  6.764  7.988 10.596 11.018 12.719 13.197 
-1.194  2.803  3.872  6.288  6.130  8.881  8.807  9.646 12.316 13.218 13.631 
 0.575  2.796  1.883  3.496  5.405  6.752  8.903  8.510 12.959 12.243 13.546 
 0.289  0.857  2.399  4.650  5.872  6.943  7.439  8.576 10.005 13.087 13.047 
 0.346 -0.264  2.801  5.169  5.574  7.231  8.560  9.422 11.734 12.091 14.649 
 0.063 -0.108  2.171  3.763  6.149  8.921  8.034  9.085 12.098 12.992 14.429 
 0.755  1.014  1.516  5.254  5.698  7.650  9.228  9.627 10.664 12.884 13.866 
 0.312  1.454  2.005  4.704  6.026  7.268  7.485  9.646 11.166 15.030 14.421 
-0.029 -0.601  4.181  5.411  5.672  7.850  6.320  9.929 10.955 12.033 15.155 
 0.377  2.057  1.883  3.906  6.757  7.464  7.082 10.845 11.944 13.483 11.107 
-0.230  1.414  1.011  2.676  5.071  7.592  8.408  9.605 11.295 14.369 12.846 
-1.174  1.325  2.565  6.141  5.014  6.986  7.396 11.249 12.127 13.753 12.552 
-0.040  2.142  2.007  4.695  5.756  5.130  9.108  9.578 11.661 13.886 14.338 
-1.973  1.769  2.489  4.289  4.735  7.912  9.097  8.384 12.828 12.999 13.970 
-1.498  1.309  3.428  5.851  5.354  9.833  7.204 11.477 11.278 12.372 13.444 
 2.254  1.594  3.296  5.313  5.510  5.506  9.464  9.642 12.435 13.569 14.460 
 1.056  0.993  3.889  2.251  5.344  5.411  8.473 10.288 11.548 13.668 15.303 
-0.011  1.105  1.827  3.206  8.183  6.806  9.203  9.888 10.139 12.365 13.651 
-0.429  2.170  2.596  4.502  3.699  7.357  8.427 10.728  9.609 12.022 15.300 
 0.222 -1.660  2.504  4.655  5.905  6.607  8.403  9.709 10.173 12.769 12.457 
 1.354  0.316  2.420  5.236  6.020  6.922  7.050 10.661 12.883 12.151 13.092 
-0.737  0.497  2.189  3.540  3.951  6.183  7.588  9.942 11.818 12.154 14.524 
 0.055  2.497  4.249  5.322  5.557  6.184  8.940  9.989 11.425 12.818 14.473 
-1.596  2.373  2.572  5.833  7.206  5.577  9.311  8.139 10.683 13.068 13.935 
 0.552  1.256  2.327  4.372  4.429  5.559  6.508 11.307  9.949 14.162 15.010 
-0.205  0.277  3.028  2.834  7.709  7.229  7.550  8.828 11.102 12.162 14.433 
 0.191  0.144  0.430  4.614  6.254  6.482  8.466 10.175 12.580 12.959 15.706 
 0.162  0.147  4.562  3.877  4.743  7.293  8.123  9.008 11.731 12.900 14.565 
 0.951  2.043  3.771  4.165  5.278  7.087  9.534 11.348 10.349 12.112 14.318 
-0.229  2.972  3.645  4.409  6.334  7.388  9.464 10.346 11.646 12.800 14.324 
-0.199 -0.433  3.402  4.485  6.967  8.676  8.393 11.416 10.108 13.134 13.565 
 0.902 -0.011  1.948  4.421  6.207  6.300  7.915  9.282 12.840 14.038 12.866 
-0.506  0.081  4.293  4.652  7.897  6.849  7.664  9.590  9.811 13.421 14.865 
 0.205  2.067  2.734  4.874  8.055  8.735  8.897 10.840 12.270 11.336 13.958 
 0.441  3.413  1.821  4.025  4.559  9.925  7.985  7.470 11.689 10.632 11.915 
 0.874  1.796  3.468  6.916  4.923  6.848  9.580 10.568 12.757 11.096 13.314 
 0.520  2.127  2.397  4.452  4.002  8.476  9.435  9.061 11.926 12.573 12.854 
-0.788  1.864  4.465  3.770  7.075  7.821  8.690  9.730 12.265 12.555 15.485 
 1.792  1.768  3.665  4.347  5.479  7.398  8.190 11.768 10.415 13.432 14.448 
-0.151 -0.562  3.929  3.637  4.454  8.921  7.652  8.870 11.821 13.329 14.075 
 0.418  2.214  2.802  4.993  6.825  7.907  8.297 11.577 10.980 13.223 14.207 
-1.099  1.860  2.816  4.523  5.108  5.876  9.080 10.477  8.767 11.168 14.431 
 0.276  1.401  2.814  4.769  6.862  7.031  6.857 11.794 13.303 11.759 15.839 
 0.207  2.517  2.867  4.184  4.899  5.677  8.796  9.902  9.923 13.572 15.311 
 0.061  1.145  2.799  3.046  7.024  7.813  8.407  9.414 12.529 11.388 14.767 
-0.139  1.868  2.670  4.700  5.263  5.834  8.738  8.323 12.441 11.877 13.798 
-1.583  1.488  3.641  4.423  4.504  7.693  8.541  9.871 13.232 12.056 15.192 
-1.323  1.997  1.601  4.602  6.524  7.570  7.576 10.755 12.388 13.286 16.215 
-0.161  0.804  2.795  4.530  5.016  8.616  7.605  9.481 13.355 11.335 14.718 
-0.134 -0.643  2.637  3.637  5.264  7.647  9.125  8.938 10.533 11.813 14.100 
 1.042  1.240  4.245  6.001  3.832  6.059  7.142 10.919 11.054 13.727 14.921 
 1.525  1.194  4.034  3.171  6.105  6.200  8.940  9.753 11.289 12.419 13.495 
 0.753  1.952  1.763  6.010  5.653  6.423  8.809 11.408 11.174 13.825 14.150 
 0.243  2.097  3.583  2.743  4.997  7.767  9.057 10.468  9.708 12.127 14.035 
 0.114  3.311  5.567  5.252  6.322  6.759  9.035  9.863 12.936 13.725 15.326 
 1.280  1.090  4.065  3.932  6.835  7.101  9.160 10.682 10.890 12.550 13.533 
 0.583  2.166  4.351  2.352  4.609  7.286  8.111 11.849  9.087 13.175 13.242 
 1.051  1.927  0.215  3.000  6.592  5.794  7.582 10.067 10.851 13.988 14.718 
 0.500  1.328  3.001  4.144  5.599  7.214  7.221  9.617 11.242 11.829 15.951 
-0.191  3.294  4.612  3.834  7.056  7.158  8.631 10.152 11.382 11.492 13.745 
 2.085  1.059  4.059  6.010  5.013  9.241  8.800 10.658 12.042 10.647 13.764 
 0.656  2.932  1.979  4.674  4.965  6.350  8.312  9.555 11.168 12.229 14.324 
-1.318  0.835  3.424  6.254  4.677  6.521  8.223  8.272 11.794 13.774 13.780 
-0.779  1.305  1.628  5.059  5.079  6.476  7.704 11.381 12.312 11.392 14.030 
 1.155  2.833  4.193  4.737  4.235  5.847 10.800 11.882 10.169 12.327 13.336 
