14.154 12.779 11.187 10.017  8.627  7.164  5.638  4.270  2.750  1.462  0.066 
14.234 12.710 11.428  9.844  8.564  7.157  5.508  4.193  2.908  1.388 -0.075 
13.967 12.696 11.300  9.879  8.433  7.189  5.722  4.424  2.937  1.514 -0.006 
14.148 12.762 11.292  9.949  8.309  7.021  5.541  4.088  2.839  1.513  0.063 
14.111 12.725 11.266  9.936  8.491  7.029  5.568  4.400  2.977  1.507  0.056 
14.116 12.736 11.318  9.747  8.379  7.028  5.581  4.263  2.917  1.359  0.024 
14.169 12.698 11.345  9.841  8.383  6.985  5.526  4.387  2.864  1.501 -0.029 
14.175 12.610 11.431 10.001  8.584  7.047  5.552  4.176  2.737  1.403 -0.042 
14.252 12.733 11.236  9.967  8.496  7.222  5.595  4.237  2.780  1.261 -0.027 
14.012 12.719 11.355  9.964  8.601  6.982  5.706  4.265  2.721  1.537  0.020 
13.998 12.625 11.148  9.801  8.354  7.068  5.717  4.182  3.091  1.387 -0.207 
13.942 12.756 11.273  9.851  8.573  6.930  5.619  4.207  2.817  1.470 -0.040 
14.081 12.870 11.324  9.791  8.431  6.984  5.554  4.387  2.813  1.386  0.036 
14.098 12.720 11.171  9.723  8.334  7.100  5.649  4.295  2.776  1.463  0.090 
14.110 12.838 11.603  9.793  8.525  7.170  5.679  4.146  2.583  1.391  0.031 
14.021 12.832 11.295  9.858  8.400  7.077  5.751  4.322  2.912  1.282 -0.102 
13.981 12.650 11.329 10.038  8.482  7.170  5.689  4.356  2.872  1.268  0.032 
14.125 12.795 11.263 10.035  8.455  7.138  5.646  4.262  2.846  1.376 -0.069 
14.112 12.698 11.262  9.779  8.716  7.002  5.592  4.172  2.739  1.499  0.163 
14.198 12.629 11.407  9.958  8.531  7.169  5.744  4.173  2.948  1.407 -0.015 
14.194 12.754 11.270 10.080  8.443  7.076  5.613  4.248  2.739  1.389  0.018 
14.178 12.728 11.165 10.002  8.525  7.019  5.600  4.229  2.751  1.411  0.122 
14.179 12.762 11.298  9.830  8.425  7.048  5.503  4.259  2.783  1.627 -0.006 
14.197 12.576 11.232  9.751  8.476  7.160  5.706  4.247  2.882  1.437  0.045 
14.100 12.675 11.343  9.712  8.518  6.886  5.490  4.350  2.840  1.513 -0.018 
14.363 12.689 11.287  9.930  8.527  6.906  5.743  4.116  2.868  1.453  0.106 
14.173 12.699 11.351  9.722  8.488  7.011  5.877  4.168  2.738  1.487  0.124 
14.250 12.666 11.291  9.881  8.406  7.071  5.710  4.275  2.674  1.248  0.211 
13.938 12.558 11.251  9.731  8.476  6.992  5.896  4.197  2.914  1.255  0.005 
14.153 12.719 11.147  9.986  8.525  7.058  5.778  4.298  2.798  1.344 -0.096 
14.351 12.828 11.409  9.897  8.508  7.070  5.467  4.335  2.876  1.367  0.018 
14.178 12.577 11.045  9.803  8.602  7.089  5.562  4.316  2.918  1.506  0.056 
14.151 12.810 11.349 10.182  8.650  6.972  5.763  4.189  2.747  1.398 -0.181 
14.207 12.659 11.208  9.936  8.470  7.229  5.788  4.324  2.760  1.291  0.075 
14.161 12.728 11.326  9.887  8.440  7.193  5.701  4.312  2.598  1.210 -0.024 
14.279 12.868 11.439  9.936  8.470  7.089  5.803  4.178  2.904  1.372  0.105 
14.116 12.602 11.279  9.812  8.576  7.191  5.666  4.234  2.808  1.243  0.079 
14.173 12.726 11.294  9.945  8.517  7.036  5.666  4.229  2.817  1.642 -0.034 
14.210 12.789 11.249  9.944  8.557  6.999  5.539  4.272  2.862  1.329  0.054 
14.110 12.843 11.272  9.797  8.529  7.170  5.642  4.245  2.851  1.367  0.165 
14.121 12.950 11.318  9.808  8.334  7.049  5.488  4.239  2.805  1.333 -0.139 
14.343 12.658 11.325 10.097  8.527  7.036  5.566  4.133  2.891  1.356 -0.001 
14.253 12.595 11.329  9.894  8.667  7.198  5.779  4.134  2.638  1.296  0.050 
14.159 12.777 11.224  9.906  8.328  7.027  5.429  4.098  2.892  1.378 -0.071 
14.229 12.805 11.391  9.847  8.385  7.049  5.486  4.075  2.931  1.503  0.135 
14.126 12.805 11.193  9.980  8.554  7.222  5.434  4.206  2.747  1.508  0.134 
14.118 12.668 11.396  9.839  8.436  7.039  5.626  4.271  2.757  1.560 -0.019 
14.144 12.736 11.313  9.654  8.466  7.277  5.589  4.375  3.008  1.426 -0.017 
13.998 12.731 11.256  9.890  8.550  7.071  5.794  4.225  2.924  1.482 -0.126 
14.095 12.729 11.510  9.731  8.613  7.152  5.586  4.068  2.818  1.458  0.036 
14.069 12.890 11.039  9.798  8.478  7.156  5.625  4.158  2.824  1.483 -0.014 
14.264 12.878 11.322  9.883  8.477  7.118  5.572  4.115  2.892  1.488 -0.067 
14.101 12.762 11.379  9.854  8.564  7.045  5.619  4.072  2.968  1.323  0.078 
14.115 12.753 11.325  9.877  8.185  7.140  5.663  4.088  2.607  1.367 -0.053 
14.166 12.647 11.376 10.055  8.406  6.981  5.605  4.360  2.893  1.630 -0.029 
14.158 12.757 11.327  9.929  8.364  6.990  5.747  4.329  2.771  1.428 -0.112 
14.179 12.822 11.203  9.929  8.301  7.230  5.433  4.138  2.615  1.386  0.078 
14.112 12.782 11.343  9.883  8.473  6.908  5.610  4.474  2.697  1.557 -0.102 
14.016 12.809 11.400  9.753  8.374  7.220  5.721  4.351  2.948  1.423  0.026 
14.385 12.864 11.334  9.680  8.430  7.156  5.523  4.199  2.829  1.334 -0.038 
14.330 12.764 11.299  9.911  8.568  6.985  5.572  4.253  2.854  1.359 -0.071 
14.107 12.676 11.354 10.013  8.453  7.157  5.690  4.098  2.959  1.404 -0.082 
14.152 12.602 11.411  9.845  8.396  7.144  5.767  4.135  2.998  1.338 -0.140 
14.340 12.812 11.230 10.052  8.543  7.013  5.685  4.161  3.031  1.400 -0.112 
14.134 12.739 11.320  9.881  8.543  7.112  5.654  4.140  2.805  1.475 -0.003 
14.170 12.625 11.293  9.928  8.442  6.978  5.607  4.211  2.778  1.581 -0.114 
14.186 12.756 11.191  9.931  8.405  6.975  5.635  4.123  2.819  1.628  0.047 
14.094 12.885 11.418  9.787  8.521  6.989  5.755  4.225  2.788  1.185  0.071 
14.216 12.752 11.358  9.734  8.497  7.115  5.713  4.187  2.945  1.434  0.142 
14.241 12.728 11.308  9.878  8.464  7.186  5.472  4.306  2.668  1.312 -0.046 
14.336 12.680 11.178  9.746  8.410  7.198  5.730  4.010  2.889  1.399  0.007 
14.109 12.972 11.404 10.011  8.543  7.007  5.631  4.244  2.716  1.372  0.131 
14.137 12.893 11.424  9.762  8.520  7.106  5.710  4.193  2.817  1.308 -0.041 
14.128 12.648 11.442  9.930  8.533  7.062  5.574  4.150  2.708  1.592  0.182 
14.204 12.811 11.229  9.713  8.389  6.980  5.711  4.270  2.907  1.490 -0.004 
14.314 12.687 11.252  9.808  8.364  6.891  5.797  4.360  2.747  1.355 -0.203 
14.315 12.695 11.186  9.809  8.514  7.192  5.577  4.023  2.765  1.343  0.182 
14.042 12.603 11.243  9.843  8.517  7.106  5.547  4.246  2.968  1.602 -0.012 
14.334 12.764 11.248  9.863  8.738  7.034  5.674  4.205  2.879  1.390 -0.096 
14.229 12.762 11.266  9.914  8.623  7.167  5.529  4.149  2.965  1.371 -0.045 
14.267 12.518 11.363  9.988  8.366  6.935  5.524  4.341  3.000  1.460  0.037 
14.176 12.698 11.275  9.971  8.298  7.140  5.630  4.278  2.783  1.278  0.003 
14.121 12.687 11.448  9.818  8.541  7.076  5.731  4.228  2.940  1.444  0.044 
14.363 12.663 11.415  9.876  8.498  6.779  5.424  4.289  2.727  1.476  0.068 
14.128 12.939 11.352  9.815  8.492  6.878  5.592  4.224  2.775  1.463  0.164 
14.247 12.844 11.289 10.014  8.634  7.005  5.722  4.236  2.870  1.417 -0.024 
14.111 12.720 11.444 10.003  8.463  7.149  5.533  4.195  2.796  1.460  0.103 
14.138 12.764 11.196  9.793  8.616  6.918  5.783  4.081  2.907  1.631  0.101 
14.267 12.805 11.250  9.686  8.459  6.989  5.582  4.328  3.218  1.442  0.165 
14.254 12.863 11.367 10.045  8.385  7.200  5.726  4.263  2.728  1.414 -0.072 
14.174 12.731 11.222  9.882  8.375  7.163  5.655  4.408  2.837  1.386 -0.022 
14.184 12.706 11.294  9.807  8.550  7.155  5.720  4.361  2.827  1.479 -0.070 
14.134 12.770 11.129  9.819  8.516  7.193  5.683  4.169  2.817  1.657 -0.030 
14.153 12.699 11.327  9.881  8.519  7.086  5.627  4.250  2.798  1.398 -0.103 
14.205 12.792 11.285  9.842  8.363  7.110  5.722  4.258  2.962  1.299 -0.049 
14.063 12.738 11.315  9.918  8.560  7.111  5.622  4.205  2.974  1.179  0.085 
13.948 12.902 11.216  9.890  8.498  7.080  5.758  4.182  2.773  1.437  0.015 
14.192 12.773 11.233  9.887  8.638  7.090  5.680  4.197  2.903  1.587  0.001 
14.109 12.645 11.175  9.826  8.533  6.947  5.639  4.152  2.914  1.344  0.091 
14.197 12.848 11.143  9.823  8.627  6.988  5.676  4.242  2.640  1.378  0.087 
14.114 12.788 11.215  9.888  8.574  7.210  5.597  4.280  2.743  1.385 -0.173 
14.140 12.706 11.419  9.932  8.517  7.053  5.598  4.441  2.664  1.282  0.143 
14.137 12.647 11.510  9.895  8.515  7.070  5.760  4.269  2.786  1.327  0.076 
14.286 12.746 11.314  9.939  8.513  7.038  5.737  4.318  2.789  1.363 -0.113 
14.193 12.709 11.160 10.022  8.440  7.126  5.536  4.235  2.782  1.514 -0.183 
14.237 12.872 11.475  9.845  8.512  7.136  5.828  4.341  2.861  1.320  0.039 
14.213 12.703 11.339  9.841  8.629  7.023  5.657  4.145  2.752  1.390  0.039 
14.019 12.709 11.288  9.973  8.589  7.070  5.534  4.275  2.743  1.396  0.123 
14.011 12.755 11.336  9.787  8.538  7.065  5.645  4.000  2.714  1.332  0.066 
14.249 12.680 11.298  9.931  8.462  7.105  5.596  4.262  2.791  1.576 -0.042 
14.302 12.731 11.244  9.875  8.419  7.147  5.625  4.205  2.849  1.613 -0.085 
14.108 12.645 11.442  9.934  8.534  7.024  5.635  4.123  2.938  1.310 -0.002 
14.154 12.635 11.388  9.886  8.252  7.010  5.583  4.260  2.793  1.338 -0.338 
14.112 12.712 11.246  9.919  8.566  7.028  5.574  4.098  2.882  1.412  0.026 
14.083 12.725 11.337  9.811  8.336  7.402  5.507  4.155  2.757  1.390  0.095 
14.096 12.578 11.384  9.825  8.647  7.093  5.536  4.235  2.983  1.287  0.024 
14.079 12.860 11.202  9.756  8.450  7.000  5.776  4.329  2.808  1.474 -0.050 
14.408 12.690 11.473  9.961  8.554  7.172  5.715  4.170  2.853  1.318  0.196 
14.094 12.818 11.332  9.993  8.595  7.117  5.556  4.312  2.964  1.466 -0.158 
14.239 12.944 11.036  9.858  8.583  7.214  5.412  4.303  2.729  1.531  0.105 
14.237 12.653 11.333  9.857  8.333  7.141  5.489  4.344  2.923  1.614  0.063 
14.056 12.747 11.182 10.015  8.269  7.008  5.572  4.100  2.747  1.619 -0.114 
14.111 12.804 11.200  9.791  8.441  6.999  5.532  4.204  2.934  1.417 -0.033 
14.070 12.779 11.267  9.863  8.421  7.046  5.698  4.328  2.964  1.477 -0.150 
14.205 12.870 11.537  9.969  8.565  7.120  5.634  4.309  2.773  1.290 -0.046 
14.052 12.839 11.216  9.689  8.314  6.955  5.610  4.307  2.660  1.279  0.023 
14.167 12.671 11.320  9.849  8.471  7.111  5.725  4.284  2.800  1.521  0.066 
14.160 12.613 11.256  9.970  8.615  6.978  5.733  4.128  2.714  1.297  0.013 
14.139 12.737 11.438  9.788  8.468  7.026  5.759  4.000  2.770  1.549  0.114 
14.172 12.701 11.264  9.897  8.460  7.117  5.600  4.063  2.697  1.551  0.052 
14.091 12.476 11.375  9.950  8.285  7.026  5.578  4.095  2.788  1.522 -0.011 
14.348 12.727 11.179  9.811  8.436  7.086  5.571  4.341  2.929  1.370 -0.038 
14.033 12.729 11.271 10.021  8.427  7.015  5.596  4.106  2.906  1.462 -0.138 
14.064 12.565 11.403  9.946  8.341  7.058  5.517  4.322  2.789  1.407  0.061 
14.078 12.627 11.217  9.853  8.424  7.105  5.673  4.334  2.815  1.365 -0.016 
14.223 12.745 11.223  9.891  8.541  7.119  5.436  4.312  2.966  1.503  0.032 
14.181 12.733 11.424  9.881  8.444  7.232  5.529  4.279  2.741  1.392 -0.034 
14.074 12.781 11.227  9.834  8.433  6.942  5.793  4.221  2.800  1.503  0.063 
13.991 12.867 11.068  9.954  8.548  7.219  5.582  4.189  2.887  1.460 -0.039 
14.125 12.823 11.246 10.048  8.323  6.988  5.489  4.148  2.549  1.475  0.009 
14.213 12.826 11.436  9.864  8.584  7.297  5.675  4.250  2.932  1.476  0.011 
14.182 12.614 11.349  9.965  8.502  7.035  5.566  4.273  2.740  1.429  0.043 
14.237 12.678 11.255  9.892  8.426  7.143  5.572  4.319  2.811  1.487 -0.075 
14.132 12.877 11.500  9.833  8.413  7.054  5.740  4.172  2.708  1.362  0.058 
14.090 12.697 11.239  9.989  8.599  7.014  5.640  4.218  2.690  1.420 -0.039 
14.103 12.619 11.260 10.013  8.518  7.220  5.747  4.228  2.881  1.309 -0.213 
14.348 12.844 11.326 10.035  8.485  6.856  5.713  4.331  2.895  1.384 -0.031 
14.188 12.807 11.258  9.868  8.488  7.045  5.679  4.374  2.833  1.424 -0.121 
14.052 12.790 11.369  9.969  8.457  7.102  5.638  4.269  2.934  1.406  0.126 
14.188 12.809 11.388 10.073  8.506  7.138  5.705  4.256  2.783  1.493 -0.062 
14.259 12.853 11.320  9.850  8.513  7.041  5.700  4.362  2.563  1.407  0.050 
14.315 12.648 11.408  9.844  8.563  7.095  5.691  4.233  2.763  1.548  0.056 
14.328 12.937 11.106  9.992  8.481  7.013  5.852  4.106  2.873  1.381  0.015 
14.077 12.865 11.245 10.086  8.550  7.116  5.712  4.387  2.835  1.455  0.016 
14.145 12.837 11.411 10.190  8.457  7.078  5.549  4.273  2.791  1.476 -0.201 
14.029 12.778 11.363  9.848  8.477  7.123  5.573  4.292  2.777  1.392 -0.007 
14.206 12.726 11.368  9.977  8.395  7.052  5.782  4.407  2.762  1.470 -0.110 
14.235 12.564 11.304 10.004  8.291  6.891  5.564  4.114  2.821  1.592 -0.037 
14.085 12.652 11.339  9.977  8.395  7.068  5.632  4.130  2.729  1.625  0.023 
14.090 12.794 11.383  9.827  8.435  7.135  5.846  4.307  2.777  1.387 -0.031 
14.149 12.833 11.337  9.957  8.384  7.010  5.778  4.364  2.805  1.509 -0.191 
14.228 12.766 11.237 10.124  8.442  6.941  5.617  4.348  3.017  1.449 -0.014 
14.036 12.666 11.398  9.920  8.413  7.099  5.491  4.181  2.842  1.434 -0.079 
14.091 12.870 11.352  9.928  8.484  7.050  5.769  4.080  2.796  1.553  0.027 
14.042 12.699 11.377  9.854  8.550  7.097  5.506  4.195  2.633  1.605 -0.028 
14.407 12.830 11.192  9.958  8.516  7.006  5.657  4.004  2.724  1.499 -0.059 
14.023 12.639 11.275  9.862  8.548  7.063  5.686  4.081  2.956  1.374 -0.016 
14.226 12.574 11.192  9.774  8.353  6.946  5.492  4.288  2.818  1.439 -0.258 
14.269 12.763 11.226  9.893  8.482  7.077  5.620  4.169  2.792  1.493 -0.056 
14.087 12.776 11.429  9.913  8.307  7.108  5.682  4.223  2.757  1.443 -0.086 
14.166 12.839 11.082  9.923  8.604  7.067  5.669  4.414  2.872  1.228 -0.114 
14.028 12.829 11.331  9.787  8.390  7.082  5.679  4.283  2.855  1.372  0.080 
14.132 12.623 11.288  9.882  8.681  6.987  5.703  4.274  2.835  1.651  0.219 
14.131 12.701 11.508 10.078  8.476  7.049  5.494  4.224  2.869  1.392  0.190 
14.170 12.636 11.355  9.723  8.411  7.198  5.595  4.179  2.955  1.132 -0.172 
14.307 12.773 11.217 10.052  8.536  7.043  5.652  4.411  2.977  1.212 -0.003 
14.239 12.669 11.431 10.030  8.482  7.173  5.676  4.291  3.044  1.496 -0.151 
14.162 12.877 11.403  9.735  8.609  7.184  5.696  4.305  3.046  1.392 -0.004 
14.307 12.814 11.264  9.837  8.661  6.995  5.589  4.406  2.972  1.419  0.034 
14.056 12.691 11.386  9.780  8.522  7.017  5.602  4.220  2.785  1.321 -0.011 
14.291 12.665 11.397 10.064  8.469  7.112  5.598  4.171  2.842  1.510  0.013 
14.128 12.626 11.239  9.855  8.583  7.076  5.675  4.057  2.945  1.554  0.128 
14.238 12.878 11.297  9.887  8.420  7.142  5.641  4.327  2.794  1.650  0.175 
14.179 12.803 11.466  9.837  8.573  7.196  5.765  4.406  2.742  1.445  0.075 
14.045 12.774 11.364  9.873  8.396  6.852  5.556  3.973  2.829  1.386 -0.291 
14.228 12.737 11.395  9.732  8.668  7.183  5.425  4.053  2.804  1.548  0.201 
14.276 12.712 11.253  9.767  8.426  6.924  5.684  4.496  2.957  1.401 -0.028 
14.075 12.672 11.190 10.017  8.299  6.942  5.584  4.081  2.732  1.469  0.026 
13.999 12.665 11.380 10.066  8.575  7.004  5.766  4.351  2.790  1.332 -0.124 
14.276 12.736 11.396  9.949  8.511  7.210  5.509  4.256  2.623  1.439 -0.085 
14.122 12.424 11.128  9.981  8.499  7.006  5.763  4.126  2.610  1.289 -0.126 
14.126 12.642 11.325  9.834  8.573  6.976  5.702  4.130  2.726  1.327  0.135 
14.184 12.832 11.383  9.875  8.516  7.107  5.722  4.151  2.795  1.454  0.206 
14.208 12.823 11.513  9.836  8.315  7.252  5.563  4.219  2.836  1.343 -0.030 
13.994 12.754 11.250  9.737  8.458  7.031  5.636  4.271  2.860  1.405 -0.185 
14.101 12.782 11.349  9.789  8.643  7.156  5.722  4.201  2.867  1.456  0.018 
14.197 12.580 11.358  9.872  8.488  6.926  5.630  4.281  2.886  1.493  0.054 
14.091 12.574 11.322  9.779  8.590  7.257  5.729  4.178  2.829  1.380  0.091 
14.350 12.638 11.363  9.818  8.641  7.011  5.774  4.280  2.795  1.399  0.023 
14.296 12.851 11.269  9.927  8.534  7.086  5.717  4.167  2.888  1.353  0.009 
14.109 12.875 11.253  9.961  8.548  7.105  5.660  4.094  2.713  1.399 -0.113 
14.296 12.868 11.286  9.946  8.589  7.056  5.473  4.327  2.930  1.356  0.044 
14.157 12.753 11.253  9.769  8.436  6.985  5.734  4.311  2.837  1.445 -0.149 
14.296 12.636 11.103  9.938  8.488  7.081  5.700  4.194  2.924  1.524 -0.015 
14.210 12.743 11.361 10.048  8.555  6.991  5.732  4.214  2.988  1.168  0.019 
14.152 12.824 11.333 10.044  8.599  7.213  5.640  4.231  2.868  1.461 -0.149 
14.244 12.668 11.394  9.809  8.330  6.978  5.789  4.199  2.934  1.425 -0.057 
14.117 12.592 11.382  9.921  8.277  6.975  5.661  4.089  2.681  1.333  0.127 
14.028 12.755 11.339 10.114  8.373  7.082  5.511  4.419  2.621  1.530 -0.035 
14.243 12.579 11.351 10.027  8.248  7.032  5.692  4.276  2.796  1.254 -0.108 
14.302 12.785 11.072  9.892  8.549  7.066  5.730  4.199  2.797  1.337 -0.152 
14.087 12.903 11.308 10.010  8.412  7.056  5.642  4.167  2.696  1.465 -0.099 
14.266 12.702 11.303  9.950  8.442  7.201  5.685  4.162  2.861  1.501 -0.073 
14.267 12.805 11.338 10.059  8.547  7.095  5.618  4.396  2.737  1.307 -0.057 
14.101 12.627 11.346  9.752  8.519  7.017  5.668  4.149  2.843  1.452 -0.124 
14.282 12.578 11.276  9.782  8.573  7.196  5.577  4.301  2.829  1.351  0.013 
14.072 12.883 11.279  9.900  8.389  6.912  5.728  4.155  2.892  1.394 -0.103 
14.159 12.491 11.428 10.041  8.628  7.200  5.801  4.130  2.890  1.461  0.056 
14.161 12.685 11.214  9.880  8.338  6.866  5.653  4.130  2.825  1.313  0.081 
14.313 12.901 11.437  9.850  8.558  7.083  5.647  4.322  2.988  1.449 -0.041 
14.137 12.895 11.246  9.706  8.529  6.935  5.657  4.280  3.057  1.379 -0.087 
13.992 12.748 11.184 10.099  8.584  6.991  5.727  4.162  2.727  1.374  0.078 
13.962 12.800 11.413  9.913  8.555  7.000  5.565  4.344  2.788  1.574 -0.043 
14.201 12.785 11.367  9.845  8.464  7.099  5.603  4.231  2.967  1.458 -0.035 
14.218 12.631 11.522  9.812  8.577  7.208  5.759  4.175  2.827  1.522 -0.046 
14.265 12.613 11.169  9.905  8.362  7.116  5.754  4.196  3.012  1.566 -0.095 
14.194 12.745 11.332  9.720  8.649  6.884  5.663  4.229  2.954  1.276 -0.169 
14.020 12.726 11.149  9.898  8.455  6.853  5.810  4.116  2.796  1.218  0.082 
14.072 12.774 11.384  9.825  8.340  7.103  5.545  4.085  2.953  1.336 -0.144 
13.923 12.649 11.303 10.011  8.513  6.947  5.568  4.180  2.767  1.441  0.119 
14.149 12.633 11.364  9.740  8.550  7.029  5.605  4.167  2.731  1.604 -0.025 
14.252 12.677 11.295  9.845  8.551  7.066  5.613  4.349  2.642  1.498  0.041 
13.976 12.583 11.467 10.021  8.482  7.092  5.594  4.276  2.853  1.442  0.143 
14.165 12.725 11.398  9.843  8.531  7.073  5.748  4.151  2.767  1.351 -0.036 
14.003 12.772 11.459  9.752  8.449  7.144  5.619  4.026  2.927  1.437  0.052 
14.191 12.651 11.138  9.976  8.330  7.066  5.732  4.157  2.951  1.369  0.046 
14.091 12.736 11.222  9.972  8.454  7.116  5.566  4.136  3.006  1.466 -0.077 
14.058 12.613 11.376 10.075  8.371  6.999  5.661  4.344  2.851  1.550  0.023 
14.130 12.640 11.315  9.873  8.471  7.039  5.749  4.086  2.884  1.413 -0.021 
14.135 12.605 11.361  9.859  8.354  7.076  5.814  4.234  2.929  1.458 -0.201 
14.198 12.670 11.259  9.951  8.493  7.099  5.552  4.372  2.925  1.353 -0.124 
14.222 12.794 11.489  9.873  8.398  6.987  5.753  4.151  2.831  1.357 -0.047 
14.195 12.659 11.258  9.802  8.528  7.041  5.563  4.221  2.793  1.341  0.056 
13.881 12.737 11.378  9.746  8.578  7.074  5.637  4.192  2.886  1.395 -0.154 
14.070 12.845 11.230  9.889  8.405  7.047  5.578  4.163  2.766  1.417  0.081 
14.064 12.823 11.399  9.997  8.578  7.237  5.550  4.293  2.790  1.309  0.071 
14.202 12.756 11.390  9.849  8.503  7.084  5.609  4.170  2.788  1.437 -0.062 
13.966 12.796 11.287  9.697  8.573  7.094  5.561  4.295  2.899  1.331 -0.100 
14.213 12.770 11.571  9.867  8.504  7.002  5.520  4.177  2.871  1.445  0.028 
14.081 12.765 11.236  9.978  8.473  7.042  5.600  4.324  2.846  1.392 -0.003 
14.087 12.715 11.087  9.768  8.444  6.924  5.623  4.221  2.896  1.256 -0.015 
14.203 12.690 11.180  9.826  8.436  7.012  5.655  4.339  2.796  1.236  0.077 
14.112 12.852 11.366  9.900  8.297  7.025  5.487  4.124  2.764  1.362  0.052 
14.193 12.933 11.233  9.977  8.505  7.052  5.606  4.248  2.919  1.585 -0.102 
14.075 12.670 11.334  9.947  8.644  7.063  5.604  4.137  2.836  1.238 -0.256 
14.199 12.748 11.328  9.850  8.325  7.143  5.827  4.197  2.917  1.408  0.003 
14.275 12.787 11.351 10.035  8.676  7.020  5.557  4.163  2.967  1.581 -0.002 
14.079 12.737 11.344  9.984  8.597  7.048  5.752  4.104  2.906  1.400  0.036 
14.263 12.928 11.396  9.883  8.591  7.114  5.738  4.201  2.710  1.427  0.062 
14.081 12.781 11.230  9.998  8.473  7.190  5.761  4.249  2.899  1.359 -0.026 
14.104 12.683 11.333  9.833  8.478  6.981  5.751  4.101  2.858  1.447  0.141 
14.082 12.690 11.236  9.832  8.488  7.004  5.645  4.320  2.754  1.198 -0.151 
14.288 12.828 11.228  9.894  8.304  7.074  5.689  4.230  2.802  1.295 -0.046 
13.933 12.776 11.341  9.893  8.357  7.148  5.570  4.217  3.084  1.397 -0.029 
14.289 12.732 11.220  9.832  8.564  7.174  5.653  4.319  2.840  1.391 -0.068 
14.244 12.780 11.360  9.869  8.638  7.237  5.645  4.243  2.917  1.481 -0.029 
14.290 12.873 11.258  9.788  8.600  7.140  5.668  4.525  2.800  1.648  0.072 
14.128 12.711 11.244  9.929  8.374  6.999  5.641  4.304  2.860  1.482 -0.105 
14.232 12.735 11.314  9.850  8.446  7.142  5.819  4.165  2.937  1.445 -0.210 
14.178 12.649 11.419  9.929  8.563  6.957  5.628  4.359  2.860  1.475  0.005 
14.043 12.711 11.283 10.032  8.403  6.947  5.689  4.097  2.736  1.219  0.140 
14.030 12.772 11.355  9.778  8.384  6.995  5.893  4.210  2.815  1.317  0.014 
14.102 12.789 11.189  9.977  8.361  7.141  5.665  4.417  2.852  1.268 -0.154 
14.109 12.885 11.205  9.933  8.457  6.987  5.670  4.284  2.768  1.427  0.047 
14.225 12.847 11.530  9.728  8.439  7.008  5.851  4.186  2.877  1.465  0.032 
14.152 12.761 11.172  9.965  8.523  7.219  5.696  4.166  2.784  1.480 -0.100 
14.136 12.633 11.322  9.938  8.546  7.100  5.605  4.109  2.986  1.478  0.080 
14.160 12.691 11.494  9.940  8.399  7.162  5.802  4.278  2.895  1.434 -0.275 
14.294 12.788 11.255  9.936  8.464  7.176  5.454  4.408  2.830  1.574 -0.145 
14.056 12.726 11.365  9.835  8.435  7.122  5.530  4.171  3.044  1.548  0.088 
14.144 12.614 11.449 10.021  8.560  7.172  5.590  4.300  2.665  1.578  0.065 
14.226 12.791 11.263  9.973  8.575  7.029  5.686  4.349  2.891  1.448  0.165 
14.133 12.723 11.350  9.923  8.465  7.120  5.809  4.232  2.891  1.442  0.135 
14.053 12.485 11.355  9.850  8.502  7.289  5.586  4.148  2.957  1.328 -0.115 
14.146 12.671 11.394  9.654  8.564  6.952  5.758  4.309  2.796  1.517  0.081 
14.235 12.794 11.209  9.751  8.460  7.010  5.494  4.170  2.796  1.330 -0.078 
14.042 12.651 11.381  9.715  8.676  7.078  5.659  4.296  2.767  1.263 -0.028 
14.163 12.681 11.272  9.956  8.520  7.047  5.604  4.227  2.724  1.438  0.177 
14.230 12.710 11.131  9.984  8.648  7.042  5.579  4.273  2.922  1.553 -0.026 
14.031 12.758 11.355 10.004  8.558  7.144  5.909  4.312  2.749  1.570  0.132 
14.024 12.810 11.356 10.009  8.443  7.153  5.787  4.248  2.729  1.350 -0.192 
14.226 12.694 11.357  9.920  8.466  6.960  5.796  4.307  2.698  1.600 -0.058 
13.937 12.754 11.293  9.885  8.508  7.144  5.932  4.219  2.767  1.304  0.076 
14.080 12.931 11.359  9.801  8.531  6.973  5.685  4.239  2.823  1.420 -0.030 
14.232 12.539 11.436  9.920  8.363  7.133  5.721  4.199  2.774  1.292  0.127 
14.100 12.814 11.083  9.975  8.691  7.263  5.558  4.326  2.793  1.232  0.132 
13.936 12.857 11.345  9.882  8.468  7.276  5.660  4.370  2.894  1.155 -0.007 
14.181 12.908 11.036  9.799  8.444  6.986  5.745  4.183  2.834  1.542  0.060 
13.969 12.701 11.167  9.970  8.598  7.102  5.753  4.355  2.778  1.453  0.087 
14.097 12.816 11.244  9.951  8.490  7.051  5.657  4.267  2.897  1.262  0.038 
14.067 12.813 11.373  9.994  8.477  6.948  5.700  4.186  3.014  1.244  0.204 
14.154 12.732 11.396  9.949  8.524  6.994  5.846  4.237  2.833  1.389 -0.094 
14.187 12.795 11.143  9.924  8.507  7.125  5.616  4.158  2.809  1.230 -0.029 
14.169 12.865 11.188  9.937  8.388  7.234  5.677  4.304  2.787  1.266 -0.110 
14.075 12.777 11.275  9.748  8.289  7.080  5.681  4.349  2.719  1.301  0.019 
14.143 12.765 11.297  9.837  8.648  7.002  5.695  4.306  2.776  1.474 -0.011 
14.114 13.095 11.389  9.996  8.530  7.091  5.659  4.320  2.897  1.242  0.059 
13.944 12.850 11.296 10.028  8.516  7.169  5.593  4.390  2.809  1.336 -0.085 
14.150 12.827 11.356  9.989  8.649  6.957  5.584  4.101  2.971  1.450  0.064 
14.261 12.884 11.332 10.040  8.441  6.939  5.686  4.161  2.941  1.485 -0.089 
14.033 12.833 11.319  9.847  8.466  7.066  5.662  4.266  2.662  1.366  0.058 
14.187 12.790 11.472 10.136  8.383  7.066  5.548  4.174  2.715  1.538 -0.088 
14.191 12.809 11.331 10.046  8.398  6.840  5.751  4.207  2.865  1.428 -0.020 
14.058 12.837 11.158  9.971  8.272  7.036  5.607  4.263  2.908  1.461 -0.132 
14.127 12.533 11.302  9.743  8.408  6.932  5.493  4.174  2.776  1.422 -0.127 
14.143 12.819 11.271  9.936  8.500  6.905  5.620  4.337  2.908  1.451  0.006 
14.059 12.837 11.406  9.907  8.403  7.118  5.710  4.161  2.953  1.499  0.114 
14.044 12.707 11.353  9.759  8.739  7.067  5.607  4.341  2.843  1.399 -0.024 
14.194 12.614 11.183  9.995  8.463  6.997  5.604  4.417  2.622  1.593 -0.020 
14.054 12.691 11.472  9.838  8.504  7.090  5.593  4.256  2.848  1.469  0.037 
14.127 12.690 11.277 10.014  8.435  6.964  5.474  4.083  2.842  1.311  0.045 
14.243 12.609 11.343  9.947  8.377  7.048  5.650  4.194  2.866  1.422  0.023 
14.143 12.688 11.254  9.895  8.289  7.153  5.560  4.257  2.753  1.571 -0.100 
13.991 12.682 11.298 10.149  8.424  6.990  5.819  4.183  2.743  1.308 -0.139 
14.394 12.738 11.085 10.040  8.540  7.235  5.566  4.198  2.922  1.537 -0.048 
14.194 12.615 11.254  9.786  8.385  7.131  5.406  4.274  2.881  1.376  0.179 
14.078 12.626 11.188 10.000  8.603  7.157  5.672  4.241  2.816  1.427 -0.228 
14.137 12.676 11.402  9.797  8.490  7.156  5.557  4.216  2.782  1.365  0.104 
14.332 12.717 11.241  9.859  8.459  6.957  5.680  4.390  2.828  1.445  0.090 
14.065 12.604 11.239  9.886  8.631  7.017  5.796  4.236  2.657  1.582 -0.054 
14.102 12.842 11.386  9.794  8.468  6.974  5.680  4.202  3.021  1.493 -0.025 
14.229 12.510 11.126  9.853  8.228  6.894  5.817  4.072  2.771  1.321 -0.084 
14.155 12.711 11.397  9.999  8.601  7.039  5.488  4.233  3.039  1.374 -0.023 
14.297 12.757 11.364  9.938  8.555  6.953  5.664  4.340  3.017  1.493 -0.150 
14.066 12.598 11.217  9.784  8.525  7.073  5.593  4.283  2.719  1.609  0.038 
14.063 12.658 11.354 10.067  8.571  7.178  5.668  4.305  2.776  1.278 -0.050 
14.143 12.729 11.207  9.892  8.402  7.009  5.849  4.353  2.697  1.416 -0.061 
14.191 12.817 11.249  9.859  8.582  6.843  5.756  4.401  2.846  1.422 -0.354 
14.300 12.782 11.240 10.065  8.409  7.056  5.601  4.189  2.972  1.338 -0.016 
14.200 12.734 11.268  9.943  8.660  7.007  5.693  4.247  2.721  1.299 -0.074 
14.103 12.870 11.187  9.683  8.697  7.060  5.627  4.203  2.936  1.289  0.027 
14.238 12.690 11.242  9.955  8.425  7.097  5.568  4.165  2.810  1.398  0.023 
14.047 12.934 11.192  9.829  8.506  6.898  5.718  4.154  2.677  1.588 -0.046 
14.145 12.651 11.357  9.870  8.558  7.127  5.546  4.270  2.951  1.328 -0.040 
14.066 12.578 11.327  9.878  8.533  7.178  5.683  4.371  2.968  1.424  0.114 
14.348 12.779 11.351  9.991  8.524  7.038  5.609  4.273  2.889  1.511  0.008 
13.984 12.623 11.372 10.028  8.425  6.868  5.706  4.287  2.845  1.541  0.022 
14.122 12.769 11.456  9.810  8.487  7.094  5.416  4.109  2.954  1.366  0.000 
14.016 12.756 11.244  9.944  8.486  7.210  5.710  4.373  2.867  1.404 -0.123 
14.144 12.700 11.240  9.872  8.489  6.975  5.589  4.315  2.659  1.454 -0.058 
14.100 12.773 11.289  9.992  8.419  7.040  5.553  4.090  2.668  1.265 -0.016 
14.106 12.835 11.527  9.913  8.452  7.074  5.742  4.276  2.836  1.571  0.027 
14.282 12.705 11.382  9.974  8.414  6.993  5.725  4.337  2.809  1.313 -0.109 
14.032 12.798 11.317 10.010  8.492  7.214  5.797  4.190  2.841  1.419  0.003 
13.961 12.840 11.408  9.726  8.600  6.928  5.763  4.324  2.579  1.374  0.085 
14.115 12.632 11.293  9.913  8.518  7.054  5.641  4.263  2.743  1.310 -0.117 
14.209 12.806 11.338 10.004  8.468  7.163  5.642  4.230  2.954  1.494 -0.268 
14.051 12.662 11.415  9.915  8.478  7.027  5.837  4.111  2.821  1.314 -0.013 
14.022 12.685 11.572 10.041  8.663  7.012  5.709  4.106  2.733  1.557  0.007 
14.101 12.710 11.360 10.001  8.577  7.054  5.834  4.290  2.909  1.543  0.072 
14.029 12.681 11.292  9.933  8.391  7.129  5.563  4.347  2.804  1.443  0.021 
14.071 12.764 11.354 10.002  8.549  7.069  5.678  4.222  2.755  1.610 -0.177 
14.075 12.814 11.160  9.955  8.323  7.024  5.635  4.188  2.916  1.454 -0.054 
14.218 12.979 11.269 10.028  8.526  7.005  5.574  4.353  2.664  1.280 -0.181 
14.158 12.895 11.289  9.812  8.366  6.947  5.837  4.233  2.786  1.328  0.126 
14.261 12.710 11.215 10.011  8.573  7.010  5.647  4.284  2.818  1.407 -0.109 
13.974 12.702 11.354  9.828  8.574  6.990  5.571  4.235  2.871  1.398 -0.049 
14.148 12.793 11.299  9.974  8.522  7.010  5.586  4.144  2.844  1.382  0.087 
14.138 12.831 11.227  9.944  8.593  7.127  5.487  4.244  2.885  1.357 -0.032 
14.179 12.759 11.322  9.959  8.304  7.161  5.711  4.220  2.846  1.517  0.223 
14.069 12.676 11.246 10.115  8.541  6.935  5.747  4.245  2.800  1.537  0.122 
14.226 12.713 11.283 10.064  8.734  7.186  5.702  4.072  2.679  1.372 -0.139 
14.034 12.802 11.206  9.898  8.556  7.237  5.655  4.187  2.764  1.537 -0.112 
14.042 12.864 11.431  9.792  8.355  6.965  5.563  4.276  2.812  1.420  0.072 
14.194 12.646 11.177  9.807  8.648  7.116  5.599  4.241  2.885  1.389  0.058 
14.099 12.660 11.403  9.779  8.435  7.174  5.656  4.417  2.907  1.372  0.012 
14.241 12.852 11.283  9.889  8.266  7.007  5.750  4.122  2.880  1.490 -0.048 
14.129 12.785 11.276  9.835  8.276  7.101  5.642  4.428  2.916  1.625  0.082 
14.278 12.693 11.441  9.943  8.552  7.048  5.671  4.153  2.852  1.453 -0.069 
14.121 12.806 11.510  9.819  8.466  7.124  5.632  4.376  2.911  1.335  0.002 
14.145 12.668 11.357  9.857  8.575  6.971  5.588  4.120  2.756  1.556 -0.044 
14.118 12.699 11.379  9.869  8.488  7.003  5.821  4.132  2.710  1.364 -0.063 
14.216 12.580 11.264  9.905  8.492  7.126  5.596  4.129  2.761  1.275 -0.065 
14.065 12.893 11.328  9.891  8.520  7.078  5.567  4.288  2.858  1.524  0.019 
14.133 12.739 11.320  9.731  8.463  7.096  5.547  4.252  2.863  1.417  0.033 
14.007 12.764 11.094  9.806  8.393  7.126  5.578  4.279  2.835  1.342  0.026 
14.175 12.642 11.365  9.897  8.307  7.156  5.534  4.183  2.651  1.485  0.019 
14.165 12.867 11.227  9.890  8.499  7.139  5.438  4.149  3.008  1.399 -0.032 
14.234 12.634 11.306  9.897  8.275  7.027  5.698  4.362  2.937  1.509  0.028 
14.089 12.769 11.367  9.846  8.458  7.112  5.746  4.351  2.807  1.341  0.159 
14.003 12.873 11.318  9.845  8.480  7.021  5.747  4.240  2.858  1.548  0.172 
14.098 12.726 11.445  9.750  8.556  7.202  5.652  4.183  3.003  1.661 -0.040 
13.948 12.755 11.230  9.962  8.755  7.143  5.836  4.116  2.769  1.483 -0.010 
14.185 12.895 11.469 10.114  8.514  7.066  5.558  4.235  2.823  1.615  0.164 
14.262 12.655 11.309  9.738  8.618  7.080  5.768  4.334  2.895  1.482  0.038 
14.197 12.734 11.325  9.776  8.301  7.046  5.717  4.278  2.998  1.618 -0.010 
14.058 12.493 11.399  9.928  8.482  7.154  5.578  4.173  2.898  1.216  0.024 
14.131 12.655 11.347  9.771  8.423  7.111  5.561  4.350  2.925  1.433 -0.079 
14.376 12.803 11.292  9.915  8.670  7.039  5.767  4.378  2.822  1.520  0.071 
13.994 12.856 11.159  9.949  8.591  7.028  5.658  4.175  2.788  1.448 -0.084 
14.234 12.809 11.263  9.918  8.583  6.857  5.769  4.193  2.808  1.323 -0.092 
14.164 12.747 11.421  9.859  8.442  7.008  5.884  4.303  2.640  1.345 -0.035 
14.064 12.687 11.288  9.730  8.634  7.171  5.414  4.412  2.918  1.421  0.123 
14.071 12.872 11.340  9.963  8.737  7.277  5.718  4.182  2.821  1.331  0.014 
14.237 12.753 11.382  9.853  8.373  7.120  5.591  4.101  3.037  1.592 -0.019 
14.218 12.729 11.575  9.819  8.383  6.924  5.641  4.213  2.787  1.407  0.052 
14.156 12.775 11.193  9.901  8.440  7.110  5.586  4.304  2.644  1.308 -0.058 
14.324 12.668 11.310  9.917  8.463  6.928  5.859  4.238  2.820  1.540 -0.105 
14.211 12.702 11.307  9.979  8.358  6.950  5.775  4.126  2.884  1.370 -0.032 
14.000 12.693 11.347  9.922  8.564  7.271  5.688  4.291  2.701  1.530 -0.009 
14.213 12.602 11.373  9.928  8.533  7.166  5.697  4.103  2.858  1.546 -0.193 
14.263 12.692 11.138  9.935  8.542  7.100  5.669  4.233  2.826  1.479  0.143 
14.071 12.774 11.349  9.846  8.594  6.997  5.656  4.233  2.809  1.189  0.034 
14.181 12.906 11.311  9.786  8.462  7.065  5.798  4.089  2.823  1.694  0.038 
14.112 12.811 11.273  9.918  8.707  7.092  5.745  4.207  2.845  1.491  0.132 
14.193 12.783 11.344  9.987  8.354  7.017  5.682  4.127  2.872  1.393 -0.030 
14.153 12.732 11.541 10.079  8.668  7.018  5.684  4.276  2.960  1.440 -0.085 
14.231 12.652 11.219  9.962  8.581  6.921  5.715  4.181  2.802  1.528 -0.179 
14.203 12.780 11.430  9.734  8.692  7.129  5.830  4.474  2.730  1.124  0.012 
14.032 12.607 11.170  9.928  8.551  7.111  5.609  4.104  2.813  1.389 -0.049 
14.270 12.633 11.202  9.951  8.487  6.840  5.588  4.236  3.009  1.461 -0.217 
14.166 12.598 11.264 10.115  8.548  7.035  5.778  4.298  2.897  1.394  0.088 
14.229 12.664 11.331  9.946  8.338  7.076  5.591  4.271  2.807  1.309  0.149 
14.149 12.624 11.267  9.966  8.307  7.112  5.687  4.258  2.907  1.501  0.048 
14.041 12.945 11.408  9.895  8.507  6.912  5.663  3.951  2.746  1.436  0.077 
14.118 12.769 11.250  9.728  8.485  6.932  5.634  4.465  2.824  1.549  0.161 
14.085 12.717 11.331  9.876  8.544  7.108  5.578  4.217  2.795  1.647  0.183 
13.957 12.790 11.363  9.888  8.419  7.084  5.596  4.224  2.735  1.364  0.121 
13.974 12.723 11.293  9.944  8.618  7.116  5.772  4.271  2.747  1.307 -0.010 
14.208 12.848 11.271  9.957  8.589  7.095  5.550  4.381  2.914  1.401 -0.130 
14.091 12.619 11.095  9.869  8.531  7.010  5.636  4.373  2.687  1.238  0.108 
14.041 12.734 11.351  9.977  8.429  7.086  5.513  4.231  2.782  1.460 -0.003 
14.019 12.705 11.361  9.838  8.574  7.103  5.424  4.352  2.837  1.490 -0.165 
14.172 12.741 11.450  9.864  8.319  7.068  5.622  4.323  2.905  1.405 -0.081 
14.014 12.981 11.503  9.987  8.479  7.095  5.590  4.494  2.921  1.452  0.090 
14.204 12.846 11.195 10.013  8.511  7.116  5.519  4.276  2.984  1.435  0.093 
14.079 12.747 11.288  9.935  8.359  7.267  5.679  4.190  2.760  1.525 -0.007 
14.124 12.727 11.394  9.912  8.621  7.144  5.714  4.303  2.951  1.493 -0.125 
14.187 12.777 11.436  9.706  8.535  7.189  5.524  4.371  2.790  1.369  0.079 
14.126 12.787 11.149  9.996  8.548  6.881  5.703  4.255  2.620  1.408 -0.081 
14.234 12.642 11.333  9.951  8.582  6.992  5.810  4.196  2.946  1.390 -0.055 
14.185 12.816 11.310  9.900  8.400  7.087  5.501  4.207  2.911  1.458 -0.013 
14.369 12.757 11.359  9.954  8.513  7.160  5.673  4.330  2.931  1.352  0.093 
13.994 12.705 11.201  9.867  8.637  7.065  5.919  4.340  2.778  1.522 -0.142 
14.229 12.614 11.343  9.830  8.601  7.059  5.728  4.351  3.005  1.414  0.014 
13.952 12.662 11.202  9.806  8.587  6.957  5.844  4.212  2.836  1.501  0.050 
14.042 12.737 11.309  9.870  8.396  7.202  5.575  4.238  2.973  1.276 -0.091 
13.936 12.559 11.367  9.791  8.492  7.141  5.531  4.347  2.844  1.433 -0.044 
14.309 13.012 11.251  9.808  8.334  6.984  5.588  4.176  2.832  1.290  0.033 
14.184 12.667 11.357  9.696  8.663  6.844  5.772  4.217  2.671  1.455 -0.193 
14.128 12.925 11.224  9.887  8.543  7.063  5.730  4.152  2.882  1.395  0.005 
14.172 12.651 11.293 10.037  8.430  7.183  5.652  4.157  2.888  1.305  0.037 
14.107 12.618 11.395 10.138  8.395  7.101  5.662  4.259  2.973  1.434 -0.148 
14.083 12.801 11.455  9.740  8.429  6.882  5.646  4.285  2.933  1.452 -0.087 
14.181 12.869 11.281 10.024  8.469  7.130  5.697  4.306  2.931  1.409 -0.113 
13.979 12.584 11.486  9.900  8.327  7.043  5.471  4.058  2.853  1.407 -0.104 
13.860 12.714 11.243  9.889  8.579  7.065  5.764  4.160  2.903  1.504  0.004 
14.246 12.907 11.429 10.049  8.538  7.244  5.552  4.274  2.946  1.313 -0.086 
14.214 12.755 11.227  9.925  8.445  6.828  5.929  4.335  2.877  1.464  0.113 
14.114 12.634 11.453  9.813  8.569  7.145  5.603  4.232  2.752  1.236  0.028 
14.170 12.621 11.355  9.960  8.575  6.961  5.736  4.325  2.909  1.425  0.060 
14.210 12.745 11.401  9.690  8.465  7.137  5.717  4.167  2.938  1.322  0.123 
14.182 12.717 11.253  9.933  8.571  6.799  5.730  4.335  2.799  1.388  0.099 
14.214 12.803 11.367  9.696  8.433  7.025  5.492  4.117  2.952  1.450  0.115 
14.145 12.800 11.203 10.041  8.551  7.030  5.652  4.278  2.949  1.434  0.032 
14.311 12.651 11.285  9.845  8.441  6.975  5.455  4.082  2.682  1.273 -0.078 
14.170 12.597 11.133  9.852  8.465  6.911  5.574  4.096  2.707  1.310 -0.099 
14.023 12.690 11.064  9.890  8.486  7.105  5.799  4.105  2.829  1.305  0.169 
14.118 12.904 11.409  9.855  8.392  7.030  5.514  4.286  2.785  1.163 -0.000 
14.154 12.650 11.331  9.971  8.674  7.005  5.535  4.160  2.794  1.348  0.083 
14.070 12.698 11.176  9.939  8.437  7.082  5.848  4.153  2.920  1.536  0.139 
14.109 12.765 11.247  9.838  8.436  6.974  5.643  4.115  2.830  1.555  0.162 
14.232 12.775 11.117  9.900  8.367  7.180  5.658  4.186  2.854  1.574  0.025 
14.299 12.721 11.310  9.882  8.488  7.201  5.564  4.393  3.003  1.426  0.026 
14.224 12.682 11.418  9.878  8.568  7.169  5.571  4.000  2.716  1.355  0.198 
14.202 12.600 11.387  9.838  8.612  7.160  5.778  4.299  2.802  1.364  0.284 
14.227 12.576 11.256  9.957  8.395  7.196  5.590  4.111  2.704  1.376  0.038 
14.268 12.705 11.367 10.028  8.487  6.928  5.676  4.103  2.893  1.243 -0.024 
14.113 12.859 11.184  9.669  8.459  7.141  5.672  4.162  2.588  1.273  0.026 
14.168 12.838 11.409  9.791  8.390  7.143  5.613  4.350  2.762  1.375 -0.056 
14.055 12.779 11.493  9.915  8.482  7.234  5.706  4.102  2.766  1.335 -0.085 
14.013 12.759 11.216  9.926  8.419  7.227  5.744  4.284  2.735  1.500 -0.010 
14.139 12.636 11.568  9.880  8.564  7.076  5.813  4.287  2.757  1.489  0.168 
14.171 12.889 11.447  9.843  8.415  7.098  5.519  4.334  2.858  1.454 -0.034 
14.113 12.783 11.154  9.908  8.312  7.080  5.660  4.282  2.880  1.460 -0.074 
14.219 12.597 11.192  9.988  8.703  7.174  5.741  4.150  2.787  1.437  0.145 
14.173 12.630 11.394  9.787  8.467  6.953  5.760  4.257  2.849  1.415 -0.075 
14.284 12.802 11.159  9.953  8.313  7.162  5.571  4.147  2.838  1.382 -0.126 
14.157 12.646 11.318  9.869  8.574  7.148  5.504  4.280  2.718  1.370  0.077 
14.114 12.482 11.413 10.004  8.620  7.024  5.468  4.173  2.878  1.390  0.022 
14.033 12.657 11.371  9.992  8.546  7.063  5.705  4.132  2.775  1.367  0.046 
14.156 12.636 11.448  9.879  8.458  7.055  5.730  4.339  2.959  1.568 -0.172 
14.104 12.586 11.168  9.992  8.456  7.047  5.605  4.198  2.644  1.450 -0.181 
14.135 12.812 11.257 10.022  8.435  6.934  5.493  4.194  2.835  1.305  0.095 
14.118 12.836 11.485  9.720  8.390  7.122  5.663  4.444  2.950  1.383 -0.137 
14.058 12.858 11.277  9.917  8.440  7.124  5.418  4.272  3.016  1.547 -0.068 
14.073 12.712 11.342 10.016  8.687  7.035  5.597  4.072  2.800  1.320  0.004 
14.156 12.755 11.380  9.919  8.362  7.101  5.681  4.183  2.840  1.469  0.125 
14.097 12.845 11.392  9.988  8.387  7.200  5.627  4.385  2.865  1.480 -0.086 
14.050 12.588 11.403  9.861  8.506  7.112  5.509  4.258  2.695  1.583 -0.005 
14.137 12.723 11.534 10.034  8.595  6.927  5.722  4.312  2.847  1.519  0.052 
14.194 12.770 11.465  9.793  8.338  7.054  5.598  4.175  2.758  1.551  0.021 
14.089 12.758 11.350  9.926  8.422  7.080  5.753  4.204  2.874  1.384  0.064 
14.225 12.745 11.285  9.830  8.392  6.966  5.667  4.229  3.059  1.414  0.027 
14.263 12.878 11.391  9.854  8.463  7.062  5.745  4.304  2.978  1.402  0.204 
14.064 12.668 11.347  9.843  8.373  7.042  5.680  4.151  2.826  1.353  0.064 
14.177 12.735 11.483  9.880  8.726  7.215  5.685  4.207  2.884  1.388  0.056 
14.270 12.913 11.380  9.808  8.557  6.899  6.007  4.166  2.769  1.319 -0.111 
14.110 12.678 11.316  9.955  8.460  7.042  5.722  4.283  3.053  1.381  0.028 
14.169 12.675 11.386  9.829  8.470  7.088  5.805  4.261  2.708  1.369  0.070 
14.055 12.605 11.272  9.958  8.448  6.971  5.591  4.316  2.928  1.399  0.039 
14.056 12.861 11.393  9.661  8.496  7.083  5.660  4.288  2.923  1.303  0.050 
14.303 12.913 11.363  9.917  8.364  7.056  5.772  4.301  2.675  1.444  0.192 
14.189 12.724 11.114  9.811  8.630  7.038  5.576  4.139  2.753  1.162 -0.054 
14.378 12.646 11.480  9.980  8.646  7.130  5.685  4.385  2.938  1.546  0.091 
14.106 12.656 11.208  9.689  8.544  7.001  5.681  4.227  2.734  1.436  0.033 
14.051 12.855 11.306 10.098  8.475  6.901  5.662  4.159  2.700  1.477 -0.039 
14.075 12.780 11.523  9.904  8.623  7.048  5.678  4.291  2.680  1.393  0.022 
14.140 12.753 11.349 10.137  8.492  7.062  5.859  4.265  2.699  1.416  0.025 
14.150 12.749 11.299  9.936  8.645  7.066  5.632  4.206  2.846  1.425  0.079 
14.225 12.709 11.182  9.905  8.481  6.995  5.731  4.194  2.967  1.358 -0.023 
14.015 12.596 11.362  9.893  8.498  7.156  5.749  4.299  2.856  1.513 -0.061 
14.127 12.802 11.192  9.937  8.606  6.969  5.461  4.270  2.940  1.464 -0.161 
14.153 12.855 11.141  9.992  8.488  7.343  5.757  4.216  2.852  1.546  0.101 
13.867 12.921 11.402  9.912  8.524  7.318  5.689  4.341  2.767  1.438  0.012 
14.040 12.782 11.410  9.860  8.528  7.085  5.520  4.256  2.847  1.289 -0.002 
14.086 12.794 11.447  9.788  8.420  7.073  5.670  4.148  2.816  1.420  0.036 
14.120 12.746 11.405  9.726  8.412  7.059  5.527  4.282  2.961  1.451 -0.085 
14.199 12.828 11.255 10.006  8.345  7.219  5.687  4.370  2.880  1.473 -0.006 
14.162 12.695 11.250  9.952  8.465  7.187  5.568  4.407  2.830  1.328 -0.001 
14.000 12.739 11.123  9.810  8.657  7.108  5.752  4.237  2.915  1.518  0.025 
14.035 12.721 11.330  9.765  8.525  7.115  5.577  4.268  2.942  1.462 -0.048 
13.973 12.539 11.507  9.931  8.507  7.038  5.615  4.236  2.849  1.473  0.007 
14.001 12.720 11.237 10.003  8.469  7.112  5.548  4.158  2.685  1.427 -0.131 
14.219 12.702 11.508  9.882  8.571  7.173  5.651  4.278  2.688  1.567  0.118 
14.122 12.789 11.275  9.876  8.620  6.845  5.605  4.265  2.774  1.485  0.058 
14.179 12.584 11.329  9.949  8.499  6.997  5.799  4.176  2.762  1.390 -0.062 
14.351 12.744 11.529  9.998  8.446  7.235  5.755  4.259  2.844  1.323 -0.104 
14.318 12.669 11.282  9.871  8.592  7.084  5.598  4.222  2.863  1.275 -0.005 
14.165 12.706 11.307  9.869  8.307  6.950  5.760  4.065  2.697  1.539  0.128 
14.218 12.838 11.494  9.834  8.562  7.034  5.678  4.174  2.941  1.348  0.122 
14.177 12.724 11.342  9.944  8.341  6.991  5.531  4.389  2.784  1.276 -0.030 
14.176 12.583 11.207  9.801  8.457  6.978  5.593  4.148  2.683  1.493 -0.089 
14.126 12.546 11.104  9.972  8.546  7.147  5.579  4.375  2.859  1.374  0.011 
13.999 12.870 11.345  9.788  8.592  7.142  5.627  4.218  2.649  1.474 -0.008 
13.989 12.672 11.133  9.939  8.456  6.805  5.471  4.344  2.836  1.369 -0.159 
14.204 12.682 11.234  9.901  8.537  7.084  5.650  4.300  2.747  1.544 -0.131 
14.150 12.487 11.310  9.964  8.411  7.262  5.656  4.296  2.871  1.279  0.157 
14.215 12.826 11.254  9.792  8.624  7.031  5.682  4.148  3.042  1.401  0.053 
14.117 12.678 11.445  9.661  8.386  7.093  5.685  4.209  2.667  1.338 -0.030 
14.168 12.789 11.397  9.818  8.397  7.140  5.749  4.298  2.839  1.349 -0.081 
14.159 12.747 11.201  9.857  8.597  6.917  5.721  4.298  2.833  1.219  0.166 
14.007 12.720 11.432  9.841  8.533  7.098  5.343  4.142  2.785  1.431 -0.002 
14.289 12.789 11.383  9.977  8.463  7.129  5.772  4.333  2.932  1.470 -0.192 
14.121 12.657 11.184 10.001  8.552  7.175  5.698  4.178  2.797  1.348 -0.084 
14.263 12.834 11.256  9.825  8.611  7.081  5.550  4.272  2.784  1.340  0.101 
14.380 12.935 11.326  9.935  8.721  7.080  5.588  4.345  2.807  1.491  0.020 
14.323 12.635 11.417 10.034  8.630  7.090  5.832  4.198  2.737  1.423  0.051 
14.132 12.654 11.300  9.910  8.617  7.134  5.853  4.046  2.798  1.140 -0.041 
14.099 12.722 11.217  9.969  8.425  7.000  5.644  4.357  2.863  1.441  0.214 
14.163 12.702 11.381  9.689  8.363  7.043  5.602  4.178  3.036  1.397 -0.082 
14.243 12.884 11.308  9.887  8.545  7.023  5.681  4.257  2.731  1.504  0.006 
14.357 12.696 11.314  9.892  8.377  7.051  5.611  4.281  2.760  1.558 -0.127 
14.258 12.877 11.388  9.854  8.478  7.148  5.649  4.415  3.077  1.249 -0.153 
14.394 12.704 11.240  9.753  8.484  6.870  5.545  4.309  2.740  1.434 -0.117 
14.073 12.826 11.228  9.817  8.372  6.961  5.670  4.188  2.808  1.455 -0.036 
14.206 12.877 11.266  9.840  8.444  7.219  5.717  4.249  2.925  1.597  0.058 
13.969 12.681 11.359  9.923  8.393  6.896  5.660  4.327  2.902  1.449 -0.045 
14.128 12.652 11.248  9.848  8.629  6.942  5.705  4.184  2.796  1.386  0.011 
14.277 12.753 11.211  9.773  8.404  7.056  5.749  4.208  2.683  1.466  0.124 
14.098 12.639 11.222  9.977  8.519  7.069  5.566  4.270  2.970  1.341 -0.046 
13.979 12.896 11.411  9.906  8.642  6.966  5.458  4.219  2.894  1.445 -0.067 
14.044 12.703 11.446  9.841  8.489  7.050  5.575  4.339  2.868  1.394  0.023 
14.225 12.870 11.360  9.875  8.445  6.984  5.648  4.124  2.656  1.454  0.073 
14.239 12.692 11.377  9.890  8.513  7.061  5.616  4.114  3.040  1.220 -0.076 
13.998 12.804 11.248 10.027  8.417  7.028  5.556  4.246  2.818  1.335  0.007 
14.189 12.775 11.503  9.918  8.263  7.191  5.751  4.325  2.838  1.487 -0.061 
14.051 12.525 11.281 10.000  8.481  7.109  5.879  4.178  2.873  1.404  0.147 
14.018 12.654 11.347  9.974  8.344  7.013  5.422  4.204  2.678  1.306  0.132 
14.075 12.838 11.252  9.677  8.680  7.057  5.523  4.299  2.840  1.563  0.173 
14.227 12.830 11.285  9.882  8.591  7.045  5.709  4.413  2.692  1.453 -0.037 
14.218 12.713 11.258  9.789  8.530  7.167  5.579  4.262  2.697  1.436 -0.100 
14.167 12.728 11.328  9.825  8.464  7.141  5.463  4.146  2.845  1.417  0.035 
14.177 12.767 11.167  9.919  8.421  7.093  5.637  4.200  2.697  1.462 -0.114 
14.169 12.727 11.257 10.079  8.527  6.834  5.571  4.012  2.896  1.474 -0.283 
14.235 12.778 11.141  9.920  8.239  7.186  5.575  4.373  2.837  1.409 -0.019 
14.185 12.870 11.370 10.083  8.412  7.163  5.479  4.284  2.791  1.273 -0.085 
14.093 12.636 11.333  9.944  8.609  7.045  5.710  4.090  2.821  1.260  0.104 
14.180 12.589 11.137  9.773  8.492  7.098  5.652  4.168  3.000  1.485 -0.135 
14.161 12.616 11.507  9.857  8.646  6.872  5.655  4.155  2.770  1.488  0.147 
14.353 12.589 11.276 10.001  8.534  7.004  5.527  4.215  2.738  1.505  0.108 
14.255 12.704 11.335  9.895  8.396  6.978  5.552  4.382  2.748  1.190 -0.050 
14.183 12.727 11.363  9.994  8.501  7.163  5.572  4.204  2.971  1.395 -0.058 
14.222 12.528 11.302  9.860  8.309  7.088  5.575  4.245  2.784  1.539 -0.067 
14.143 12.619 11.340  9.879  8.427  7.012  5.639  4.281  2.994  1.407 -0.044 
14.101 12.712 11.303 10.062  8.398  7.090  5.694  4.103  2.920  1.237 -0.050 
14.113 12.666 11.340  9.688  8.469  7.090  5.665  4.270  2.704  1.445 -0.101 
14.009 12.706 11.197  9.955  8.487  6.937  5.608  4.323  2.717  1.232  0.140 
14.065 12.698 11.291 10.034  8.435  7.084  5.751  4.274  2.735  1.427  0.004 
14.063 12.719 11.180  9.850  8.452  7.180  5.600  4.378  3.005  1.397  0.051 
14.188 12.703 11.381 10.068  8.521  7.150  5.526  4.151  2.847  1.536  0.108 
14.146 12.689 11.183  9.830  8.579  7.143  5.501  4.372  2.631  1.417  0.103 
14.196 12.600 11.288  9.980  8.442  6.978  5.831  4.205  2.847  1.496 -0.282 
14.011 12.801 11.222  9.881  8.464  6.822  5.932  4.209  2.780  1.543  0.166 
14.184 12.844 11.383  9.929  8.435  7.178  5.759  4.101  2.902  1.288 -0.025 
14.156 12.916 11.204  9.971  8.441  6.995  5.689  4.107  2.831  1.494 -0.185 
13.982 12.602 11.211  9.826  8.543  7.050  5.677  4.216  2.831  1.405 -0.043 
14.090 12.823 11.243  9.940  8.395  7.293  5.723  4.087  2.793  1.542  0.055 
14.298 12.588 11.189 10.032  8.376  7.240  5.489  4.483  2.810  1.409  0.018 
14.331 12.825 11.247  9.754  8.584  7.065  5.665  4.313  2.966  1.308 -0.154 
14.234 12.650 11.203  9.999  8.351  6.905  5.643  4.167  2.832  1.305  0.071 
14.132 12.770 11.389  9.749  8.587  7.101  5.702  4.270  2.767  1.420  0.112 
14.091 12.728 11.440 10.048  8.342  7.035  5.687  4.350  2.752  1.471  0.068 
14.238 12.716 11.573  9.868  8.484  7.085  5.616  4.063  2.792  1.322 -0.117 
14.083 12.693 11.308 10.145  8.418  7.207  5.694  4.317  2.715  1.566 -0.067 
14.206 12.846 11.354  9.893  8.380  6.959  5.660  4.237  2.707  1.376 -0.020 
14.197 12.713 11.166  9.976  8.354  7.152  5.717  4.297  2.963  1.438 -0.030 
14.105 12.898 11.372  9.846  8.475  7.190  5.531  4.150  2.810  1.313  0.096 
14.057 12.743 11.311  9.839  8.504  7.072  5.746  4.287  2.909  1.408 -0.028 
14.138 12.692 11.454  9.930  8.609  7.049  5.632  4.077  2.563  1.394 -0.008 
14.198 12.595 11.527  9.915  8.596  7.121  5.706  4.103  2.772  1.421  0.122 
14.053 12.715 11.322  9.817  8.791  6.953  5.760  4.277  2.771  1.271  0.172 
14.045 12.856 11.286  9.950  8.292  7.083  5.502  4.239  2.928  1.371  0.095 
14.209 12.676 11.304  9.940  8.424  7.245  5.724  4.307  2.953  1.448 -0.118 
14.247 12.608 11.285  9.968  8.551  7.075  5.831  3.919  2.959  1.499  0.021 
14.149 12.681 11.421  9.864  8.463  7.078  5.512  4.319  2.855  1.289 -0.122 
14.107 12.698 11.343 10.017  8.340  7.031  5.809  4.265  2.843  1.374  0.131 
14.105 12.601 11.268  9.791  8.595  7.056  5.686  4.001  2.870  1.477 -0.078 
14.206 12.780 11.364  9.968  8.327  6.982  5.539  3.993  2.761  1.344 -0.151 
14.248 12.598 11.609  9.910  8.574  7.146  5.645  4.418  2.768  1.404  0.059 
14.108 12.553 11.199  9.933  8.358  7.001  5.674  4.274  2.853  1.641  0.130 
14.168 12.688 11.444 10.026  8.251  7.070  5.600  4.257  2.843  1.399  0.027 
14.295 12.745 11.362  9.884  8.535  7.205  5.653  4.148  2.642  1.408 -0.020 
13.959 12.657 11.486  9.982  8.588  7.048  5.602  4.098  2.826  1.458  0.109 
14.113 12.749 11.382  9.773  8.532  7.253  5.666  4.261  2.941  1.146  0.040 
14.030 13.014 11.121  9.823  8.670  6.981  5.811  4.252  2.785  1.332  0.006 
14.243 12.726 11.234  9.865  8.532  7.150  5.637  4.240  2.791  1.490 -0.095 
14.258 12.638 11.062  9.734  8.374  6.997  5.767  4.363  2.751  1.547 -0.090 
13.877 12.624 11.226  9.751  8.557  7.124  5.719  4.240  2.808  1.558 -0.087 
14.209 12.593 11.323  9.806  8.447  7.119  5.689  4.150  2.750  1.387 -0.030 
13.956 12.736 11.310  9.844  8.323  7.154  5.731  4.369  2.912  1.363  0.003 
14.101 12.833 11.295  9.915  8.470  7.052  5.754  4.190  2.769  1.496 -0.149 
14.205 12.617 11.430  9.879  8.684  7.109  5.645  4.157  2.940  1.279  0.115 
14.087 12.834 11.295  9.942  8.565  7.246  5.693  4.199  2.772  1.376  0.020 
14.144 12.620 11.343 10.074  8.368  6.976  5.523  4.172  2.887  1.443 -0.105 
14.193 12.645 11.181 10.023  8.371  7.120  5.577  4.162  2.880  1.362  0.022 
14.125 12.631 11.276  9.780  8.600  7.085  5.753  4.186  2.822  1.361 -0.120 
14.195 12.815 11.330  9.883  8.423  6.973  5.586  4.070  2.686  1.508  0.091 
14.229 12.716 11.312 10.058  8.484  7.134  5.569  4.226  2.818  1.558 -0.033 
14.130 12.687 11.208  9.855  8.417  7.160  5.484  4.172  2.709  1.504 -0.058 
14.211 12.822 11.408  9.707  8.430  6.944  5.597  4.327  2.766  1.312  0.054 
14.119 12.901 11.372  9.941  8.385  7.088  5.800  4.417  2.877  1.380 -0.049 
14.107 12.656 11.321  9.873  8.396  6.951  5.758  4.095  2.762  1.395 -0.084 
14.130 12.848 11.180  9.955  8.627  7.016  5.799  4.147  2.849  1.319 -0.059 
14.251 12.709 11.492 10.043  8.532  7.016  5.678  4.303  2.907  1.263 -0.036 
14.137 12.757 11.351  9.993  8.657  7.144  5.594  4.219  2.860  1.344  0.240 
14.206 12.698 11.433 10.039  8.274  7.119  5.799  4.138  2.783  1.503  0.020 
14.078 12.816 11.255  9.866  8.742  7.015  5.644  4.294  2.915  1.368  0.021 
14.213 12.917 11.222 10.116  8.506  6.902  5.509  4.102  2.889  1.329  0.015 
14.177 12.669 11.273  9.897  8.418  7.116  5.577  4.359  2.938  1.221  0.113 
14.136 12.760 11.443  9.755  8.544  7.227  5.618  4.351  2.778  1.548  0.108 
14.129 12.782 11.258  9.955  8.423  7.037  5.724  4.107  2.698  1.487 -0.103 
14.130 12.702 11.267 10.120  8.530  7.022  5.734  4.139  2.756  1.432 -0.048 
14.190 12.693 11.328  9.886  8.575  7.111  5.673  4.128  2.918  1.335  0.055 
14.146 12.740 11.452  9.935  8.583  7.072  5.681  4.077  3.001  1.675  0.036 
14.013 12.694 11.186  9.931  8.557  6.983  5.693  4.324  2.930  1.619  0.078 
14.070 12.851 11.304  9.830  8.352  6.988  5.702  4.412  2.731  1.320 -0.038 
14.174 12.648 11.361  9.966  8.376  6.998  5.722  4.364  2.969  1.524  0.011 
13.917 12.725 11.524  9.832  8.607  7.047  5.476  4.159  2.846  1.483 -0.099 
14.101 12.745 11.172  9.999  8.436  6.983  5.623  4.328  2.713  1.484 -0.055 
14.086 12.735 11.245  9.988  8.362  7.090  5.770  4.221  2.757  1.495 -0.162 
14.304 12.689 11.257  9.878  8.354  7.048  5.613  4.214  2.733  1.388 -0.010 
14.243 12.424 11.286  9.887  8.561  7.007  5.749  4.264  2.742  1.666  0.090 
14.293 12.798 11.482  9.870  8.748  7.041  5.748  4.220  2.964  1.421  0.050 
13.985 12.825 11.432  9.755  8.212  7.012  5.769  4.274  2.948  1.555  0.043 
14.020 12.745 11.597  9.851  8.471  7.100  5.712  4.184  2.836  1.367 -0.077 
14.054 12.907 11.486 10.010  8.649  6.947  5.646  4.138  2.876  1.395 -0.102 
14.079 12.878 11.420  9.671  8.606  7.317  5.600  4.296  2.681  1.483  0.113 
14.216 12.705 11.181  9.883  8.506  6.966  5.627  4.357  2.945  1.425 -0.086 
13.993 12.568 11.375  9.674  8.549  6.922  5.898  4.297  2.757  1.434  0.147 
13.995 12.871 11.370  9.829  8.405  7.034  5.356  4.210  2.724  1.355  0.253 
13.926 12.853 11.278  9.903  8.550  7.034  5.676  4.357  2.917  1.517 -0.153 
14.126 12.722 11.036  9.842  8.360  7.207  5.661  4.236  2.853  1.457 -0.025 
14.295 12.730 11.274  9.848  8.504  7.279  5.555  4.298  2.770  1.403  0.149 
14.119 12.585 11.400  9.854  8.407  6.937  5.544  4.263  2.830  1.646  0.250 
14.156 12.751 11.473  9.824  8.494  7.173  5.643  4.147  2.754  1.553 -0.061 
14.190 12.750 11.287 10.068  8.415  7.242  5.559  4.378  2.881  1.377  0.040 
14.283 12.873 11.308  9.644  8.497  6.892  5.675  4.262  2.813  1.580 -0.101 
14.174 12.749 11.263  9.945  8.537  6.998  5.701  4.219  2.826  1.407 -0.044 
14.081 12.689 11.231  9.914  8.531  7.062  5.834  4.147  2.926  1.481  0.031 
14.205 12.675 11.448  9.945  8.598  7.274  5.659  4.198  2.737  1.455  0.097 
14.049 12.730 11.245  9.987  8.420  7.185  5.782  4.429  2.712  1.385  0.090 
14.105 12.635 11.291  9.818  8.371  6.995  5.859  4.275  2.826  1.454 -0.043 
14.225 12.706 11.364 10.071  8.543  7.075  5.747  4.135  2.740  1.179  0.124 
14.265 12.692 11.214  9.807  8.375  7.046  5.576  4.321  2.861  1.420 -0.038 
14.078 12.595 11.316  9.992  8.601  7.021  5.578  4.215  2.849  1.446 -0.125 
14.391 12.779 11.316  9.818  8.471  7.133  5.776  4.229  2.850  1.377 -0.005 
14.101 12.648 11.253  9.995  8.527  7.069  5.665  4.218  2.836  1.508  0.134 
14.215 12.671 11.220  9.798  8.355  6.925  5.714  4.278  2.811  1.429  0.104 
14.116 12.729 11.309  9.987  8.485  6.987  5.667  4.138  2.770  1.421 -0.110 
14.203 12.691 11.199  9.922  8.413  6.947  5.681  4.476  2.687  1.436 -0.074 
14.175 12.508 11.359  9.846  8.459  7.096  5.714  4.217  2.997  1.357 -0.201 
14.132 12.611 11.128  9.783  8.512  7.233  5.726  4.206  2.813  1.487  0.068 
14.091 12.724 11.429  9.913  8.458  7.095  5.614  4.149  2.877  1.538  0.017 
13.962 12.583 11.474  9.783  8.372  7.098  5.670  4.238  2.871  1.476 -0.026 
14.153 12.767 11.261 10.017  8.483  7.045  5.688  4.317  2.751  1.275 -0.017 
14.278 12.792 11.201  9.906  8.746  6.808  5.735  4.216  2.836  1.366  0.031 
14.083 12.595 11.326  9.755  8.584  6.997  5.508  4.439  2.892  1.313  0.059 
14.220 12.600 11.384  9.711  8.546  7.099  5.803  4.348  2.983  1.340  0.135 
14.148 12.647 11.420  9.758  8.465  7.253  5.495  4.273  2.786  1.401  0.151 
14.210 12.784 11.296  9.979  8.519  7.163  5.752  4.250  2.959  1.418  0.168 
14.258 12.417 11.203  9.805  8.595  7.015  5.655  4.191  2.759  1.327 -0.078 
14.203 12.708 11.127  9.865  8.521  7.195  5.750  4.219  2.843  1.454 -0.176 
14.202 12.775 11.149 10.018  8.621  7.021  5.700  4.195  2.811  1.404  0.137 
14.232 12.841 11.324 10.012  8.470  7.004  5.702  4.105  2.888  1.476  0.015 
14.126 12.643 11.267 10.066  8.415  7.010  5.733  4.298  2.798  1.410 -0.133 
14.250 12.621 11.265  9.887  8.512  6.804  5.640  4.384  2.809  1.509 -0.016 
14.172 12.732 11.247  9.930  8.383  7.048  5.726  4.365  2.649  1.540 -0.066 
14.200 12.617 11.507  9.898  8.508  7.089  5.781  4.104  2.964  1.395 -0.072 
14.130 12.509 11.373 10.037  8.461  7.221  5.783  4.179  2.929  1.512  0.002 
14.244 12.757 11.340  9.848  8.420  6.966  5.601  4.235  2.823  1.570 -0.143 
14.285 12.682 11.248  9.853  8.381  7.093  5.597  4.428  2.855  1.247 -0.031 
14.202 12.584 11.330  9.997  8.290  7.004  5.743  4.247  2.903  1.412 -0.037 
14.033 12.698 11.250  9.964  8.528  6.922  5.716  4.111  2.982  1.208 -0.024 
14.146 12.656 11.240  9.874  8.537  7.014  5.651  4.263  2.836  1.528  0.325 
14.005 12.566 11.299  9.793  8.391  6.944  5.689  4.163  2.858  1.511 -0.018 
14.169 12.758 11.378  9.901  8.446  7.079  5.770  4.118  2.836  1.347 -0.054 
14.139 12.509 11.401  9.876  8.629  7.107  5.653  4.439  2.727  1.521 -0.108 
14.252 12.575 11.323  9.825  8.414  7.251  5.676  4.098  2.789  1.581  0.149 
14.072 12.551 11.390 10.117  8.445  7.126  5.631  4.271  2.777  1.465  0.044 
14.183 12.613 11.187 10.051  8.483  6.962  5.500  4.136  2.762  1.370 -0.039 
14.042 12.812 11.472  9.775  8.457  6.939  5.869  4.244  2.709  1.483 -0.204 
14.128 12.713 11.218  9.915  8.481  6.941  5.659  4.369  2.944  1.329  0.075 
14.125 12.560 11.256  9.889  8.534  7.196  5.614  4.232  2.966  1.425 -0.008 
14.374 12.812 11.390  9.852  8.567  7.211  5.523  4.166  2.849  1.336 -0.033 
14.087 12.905 11.376  9.894  8.252  7.056  5.531  4.238  2.901  1.350  0.015 
14.126 12.875 11.260  9.987  8.672  7.118  5.881  4.227  2.839  1.548  0.089 
14.057 12.718 11.520  9.739  8.414  7.060  5.530  4.387  3.036  1.434  0.016 
14.071 12.671 11.344  9.912  8.414  7.076  5.571  4.257  2.734  1.350 -0.099 
14.108 12.610 11.298  9.715  8.521  7.196  5.690  4.180  2.739  1.396  0.031 
14.062 12.710 11.475  9.860  8.574  7.154  5.843  4.113  2.712  1.565 -0.077 
14.056 12.784 11.321  9.944  8.577  7.054  5.516  4.268  2.928  1.320 -0.013 
14.296 12.644 11.255  9.931  8.691  6.999  5.575  4.116  2.860  1.469 -0.019 
14.177 12.744 11.194 10.052  8.611  7.252  5.603  4.241  3.046  1.395  0.076 
14.120 12.659 11.311  9.889  8.597  7.080  5.495  4.305  2.809  1.494  0.035 
13.792 12.710 11.327  9.875  8.494  7.053  5.657  4.222  3.033  1.475 -0.013 
14.098 12.742 11.256  9.870  8.557  7.133  5.834  4.220  2.853  1.479  0.128 
14.142 12.645 11.178  9.970  8.632  7.115  5.723  4.197  2.731  1.455 -0.043 
14.086 12.764 11.386  9.857  8.367  7.242  5.745  4.145  3.023  1.467  0.050 
14.271 12.611 11.183  9.961  8.399  7.142  5.606  4.366  2.885  1.454 -0.038 
14.127 12.729 11.335  9.921  8.432  7.171  5.703  4.224  2.884  1.522 -0.075 
14.151 12.651 11.224  9.683  8.546  7.242  5.725  4.229  2.988  1.377  0.071 
14.101 12.736 11.327 10.108  8.547  7.116  5.737  4.372  2.684  1.371  0.024 
14.328 12.950 11.436  9.969  8.446  7.283  5.742  4.349  2.814  1.374 -0.012 
14.138 12.858 11.460 10.032  8.462  6.977  5.648  4.172  2.886  1.369 -0.160 
14.211 12.663 11.187  9.821  8.363  7.095  5.512  4.387  2.776  1.547  0.089 
14.361 12.806 11.297  9.868  8.314  6.984  5.610  4.261  2.769  1.338 -0.008 
14.356 12.748 11.249  9.822  8.388  7.066  5.553  4.362  3.017  1.365  0.090 
14.272 12.798 11.329  9.946  8.539  7.081  5.625  4.322  2.835  1.315 -0.070 
14.132 12.743 11.375  9.976  8.445  7.025  5.592  4.187  2.675  1.495  0.018 
14.233 12.474 11.351  9.960  8.642  7.026  5.509  4.274  2.938  1.291 -0.088 
14.049 12.862 11.354 10.093  8.379  6.910  5.573  4.314  2.794  1.484  0.059 
13.969 12.723 11.354  9.720  8.532  6.930  5.664  4.099  2.909  1.598 -0.061 
13.966 12.595 11.173  9.725  8.365  7.232  5.537  4.215  2.872  1.398 -0.143 
14.373 12.843 11.441  9.698  8.652  7.295  5.607  4.201  2.738  1.464 -0.072 
13.839 12.600 11.525  9.939  8.338  7.180  5.571  4.294  2.751  1.544  0.064 
14.364 12.491 11.286  9.788  8.388  6.969  5.471  4.228  2.757  1.239 -0.175 
14.259 12.641 11.282  9.849  8.666  6.981  5.537  4.327  2.707  1.474 -0.004 
14.023 12.788 11.320  9.917  8.530  7.185  5.588  4.107  2.817  1.280 -0.010 
14.009 12.811 11.153 10.014  8.540  6.956  5.587  4.227  2.674  1.476  0.049 
14.318 12.792 11.306  9.869  8.476  6.856  5.436  4.275  2.816  1.292  0.184 
14.058 12.663 11.394  9.839  8.668  7.102  5.683  4.068  2.803  1.545  0.275 
14.247 12.634 11.398 10.023  8.483  6.963  5.731  4.174  2.719  1.557  0.002 
13.961 12.671 11.325  9.977  8.358  7.109  5.719  4.347  2.747  1.469  0.033 
14.149 12.627 11.301  9.978  8.416  7.045  5.628  4.341  2.882  1.351 -0.165 
14.244 12.672 11.319  9.945  8.512  6.857  5.721  4.303  2.857  1.438  0.169 
14.173 12.647 11.524 10.055  8.487  7.027  5.496  4.286  2.929  1.444  0.033 
14.096 12.769 11.312  9.893  8.614  6.962  5.735  4.228  2.892  1.522  0.060 
13.991 12.790 11.416  9.901  8.441  6.993  5.452  4.306  2.753  1.512  0.101 
14.195 12.774 11.483  9.833  8.413  6.894  5.657  4.260  2.943  1.484  0.165 
13.957 12.663 11.244  9.977  8.512  7.094  5.430  4.239  2.729  1.498  0.151 
13.979 12.735 11.263 10.004  8.381  7.027  5.643  4.339  2.810  1.410 -0.085 
14.103 12.513 11.467  9.905  8.486  6.850  5.582  4.119  2.936  1.453  0.141 
14.383 12.716 11.290  9.920  8.197  7.119  5.526  4.076  2.682  1.517  0.020 
14.089 12.931 11.194  9.970  8.420  7.221  5.842  4.444  2.779  1.459 -0.128 
14.283 12.792 11.540  9.818  8.576  6.926  5.584  4.278  2.666  1.598  0.138 
14.087 12.736 11.213  9.865  8.536  7.090  5.526  4.236  2.792  1.365  0.077 
14.218 12.829 11.404  9.938  8.471  6.925  5.555  4.198  3.035  1.573 -0.154 
14.177 12.823 11.320  9.693  8.594  7.052  5.701  4.278  2.784  1.375  0.023 
14.099 12.789 11.421  9.976  8.396  6.828  5.538  4.160  2.796  1.560  0.017 
14.219 12.682 11.244  9.988  8.570  7.150  5.740  4.210  2.800  1.160  0.059 
13.979 12.909 11.339  9.785  8.508  7.013  5.650  4.204  2.982  1.360  0.094 
14.283 12.778 11.310  9.865  8.651  7.033  5.410  4.330  2.787  1.402 -0.073 
14.191 12.445 11.259  9.909  8.517  7.096  5.733  4.269  2.737  1.478 -0.188 
14.086 12.743 11.411  9.965  8.504  7.159  5.574  4.329  2.667  1.420  0.005 
14.090 12.751 11.335  9.956  8.542  7.058  5.567  4.265  2.910  1.347  0.090 
14.338 12.550 11.428  9.881  8.615  7.044  5.600  4.252  2.866  1.456  0.095 
14.303 12.723 11.276  9.980  8.486  7.077  5.812  4.368  2.599  1.506 -0.068 
14.188 12.605 11.219  9.689  8.632  7.047  5.623  4.216  2.780  1.408  0.138 
14.071 12.776 11.382 10.109  8.246  7.209  5.602  4.216  2.864  1.382  0.058 
14.200 12.573 11.199  9.991  8.500  7.001  5.503  4.290  2.845  1.455  0.066 
14.102 12.420 11.246  9.838  8.382  7.153  5.703  4.248  2.993  1.426 -0.069 
14.153 12.765 11.239  9.802  8.416  6.980  5.433  4.288  2.844  1.445 -0.069 
14.196 12.876 11.197  9.841  8.417  7.197  5.626  4.195  2.872  1.364 -0.049 
14.116 12.765 11.374  9.904  8.472  6.974  5.673  4.188  2.909  1.351 -0.084 
14.271 12.692 11.316  9.914  8.516  7.052  5.770  4.213  2.916  1.517  0.102 
14.114 12.596 11.407  9.825  8.490  7.161  5.658  4.404  2.809  1.592 -0.181 
14.003 12.856 11.123 10.017  8.534  7.222  5.522  4.192  2.751  1.485  0.005 
14.184 12.633 11.386  9.880  8.580  7.013  5.611  4.328  2.839  1.371 -0.315 
14.059 12.748 11.321  9.875  8.631  6.986  5.752  4.313  2.809  1.477 -0.097 
14.123 12.731 11.298  9.896  8.536  6.991  5.540  4.029  2.859  1.333  0.092 
13.952 12.654 11.227  9.999  8.554  7.068  5.809  4.172  2.934  1.482 -0.068 
14.154 12.726 11.383  9.888  8.393  7.031  5.671  4.046  2.983  1.318  0.068 
14.113 12.715 11.276  9.789  8.477  7.231  5.723  4.335  2.704  1.334  0.131 
14.263 12.677 11.265  9.894  8.543  7.118  5.717  4.458  2.826  1.516  0.047 
14.008 12.647 11.246  9.936  8.428  7.039  5.723  4.310  2.658  1.527  0.086 
14.142 12.653 11.307 10.048  8.582  7.010  5.748  4.195  2.785  1.381  0.086 
14.042 12.875 11.155  9.811  8.681  6.923  5.763  4.172  2.669  1.461  0.136 
13.948 12.732 11.249  9.941  8.540  7.107  5.656  4.231  2.701  1.547 -0.017 
14.171 12.801 11.401  9.862  8.475  6.947  5.947  4.125  2.824  1.369  0.066 
14.126 12.778 11.188  9.859  8.519  6.988  5.545  4.270  2.755  1.440 -0.129 
14.249 12.757 11.298  9.869  8.527  6.972  5.682  4.122  2.724  1.416  0.048 
14.201 12.817 11.370  9.857  8.676  6.996  5.777  4.185  2.905  1.390  0.068 
14.057 12.763 11.385  9.761  8.452  7.058  5.692  4.288  2.750  1.413  0.006 
13.923 12.600 11.179 10.020  8.427  6.909  5.666  4.237  2.875  1.441  0.111 
14.055 12.799 11.092  9.809  8.411  7.021  5.591  4.218  2.876  1.344  0.140 
14.134 12.852 11.402  9.861  8.491  7.032  5.585  4.207  2.546  1.431  0.071 
14.245 12.539 11.261  9.671  8.541  7.028  5.632  4.231  2.889  1.381  0.064 
14.107 12.736 11.205  9.895  8.417  7.266  5.555  4.198  2.780  1.448  0.039 
14.133 12.683 11.324 10.039  8.469  7.174  5.675  4.216  2.714  1.352 -0.017 
14.085 12.639 11.313  9.863  8.570  7.051  5.623  4.392  2.749  1.471 -0.097 
14.038 12.449 11.369  9.783  8.381  7.114  5.676  4.084  2.874  1.446 -0.095 
14.017 12.842 11.185 10.062  8.595  7.127  5.710  4.295  2.860  1.355  0.012 
13.956 12.763 11.325 10.007  8.579  6.984  5.558  4.194  2.779  1.503 -0.178 
14.069 12.795 11.222  9.842  8.497  7.024  5.670  4.228  2.813  1.333 -0.017 
14.147 12.707 11.199  9.901  8.518  7.112  5.712  4.263  2.862  1.261  0.103 
14.098 12.924 11.348  9.705  8.456  7.174  5.694  4.326  2.954  1.481 -0.195 
13.882 12.614 11.371 10.032  8.371  7.011  5.595  4.211  2.714  1.542  0.093 
13.997 12.705 11.418  9.969  8.417  7.121  5.755  4.527  2.864  1.407  0.044 
14.167 12.746 11.295  9.881  8.454  7.246  5.608  4.363  2.825  1.397  0.116 
14.091 12.792 11.443 10.087  8.571  6.967  5.665  4.357  2.784  1.382  0.036 
14.146 12.804 11.338  9.768  8.373  7.113  5.665  4.183  2.805  1.381 -0.001 
14.333 12.575 11.159  9.937  8.492  7.131  5.674  4.258  2.953  1.406 -0.142 
13.988 12.844 11.332  9.882  8.607  7.092  5.737  4.106  2.824  1.438 -0.158 
14.084 12.638 11.230  9.752  8.519  6.962  5.624  4.067  2.797  1.445 -0.008 
14.180 12.705 11.225  9.956  8.479  7.041  5.665  4.176  2.854  1.257  0.010 
13.947 12.632 11.328  9.714  8.453  7.159  5.783  4.224  2.568  1.508  0.074 
14.087 12.767 11.353  9.888  8.475  6.988  5.767  4.225  3.017  1.392 -0.013 
14.147 12.761 11.235  9.957  8.439  7.105  5.535  4.113  2.809  1.351 -0.053 
14.105 12.634 11.285  9.929  8.523  7.165  5.592  4.307  2.811  1.438  0.038 
14.378 12.634 11.346  9.933  8.363  6.984  5.618  4.316  2.894  1.322 -0.047 
14.180 12.752 11.355  9.865  8.469  7.148  5.686  4.060  2.839  1.355  0.002 
14.073 12.628 11.313  9.916  8.457  6.931  5.553  4.358  2.972  1.330 -0.094 
13.953 12.673 11.308  9.927  8.531  7.014  5.813  4.340  2.822  1.472  0.095 
14.078 12.655 11.306  9.764  8.364  6.959  5.594  4.355  2.770  1.327  0.153 
14.308 12.788 11.249 10.165  8.495  7.136  5.513  4.108  2.987  1.456 -0.047 
14.314 12.721 11.247  9.767  8.620  6.972  5.595  4.383  2.830  1.237  0.004 
14.157 12.751 11.307  9.803  8.606  7.215  5.720  4.131  3.167  1.589  0.127 
13.979 12.832 11.302 10.024  8.489  7.239  5.572  4.141  2.746  1.477 -0.174 
13.997 12.688 11.269  9.895  8.433  7.088  5.717  4.247  2.689  1.371 -0.061 
13.921 12.633 11.158  9.945  8.463  7.132  5.694  4.279  3.000  1.212  0.139 
14.152 12.590 11.359 10.023  8.547  7.016  5.686  4.217  2.786  1.485  0.005 
14.291 12.617 11.241 10.005  8.464  6.992  5.614  4.305  2.799  1.414  0.186 
14.032 12.775 11.504 10.032  8.537  7.311  5.786  4.307  2.806  1.437  0.005 
13.967 12.738 11.183  9.964  8.548  6.948  5.715  4.311  2.831  1.447  0.061 
14.123 12.819 11.140  9.865  8.580  6.931  5.569  4.417  2.995  1.370  0.040 
14.148 12.921 11.363 10.046  8.516  7.098  5.680  4.624  2.877  1.407 -0.038 
14.100 12.657 11.384  9.904  8.401  7.057  5.527  4.127  2.761  1.526  0.143 
14.242 12.698 11.384  9.738  8.501  7.123  5.528  4.117  2.809  1.382 -0.054 
14.244 12.691 11.278  9.834  8.419  7.139  5.602  4.355  2.641  1.471 -0.249 
13.962 12.767 11.337  9.993  8.307  7.099  5.650  4.261  2.798  1.520  0.079 
14.253 12.799 11.442 10.002  8.633  7.209  5.542  4.287  3.013  1.314  0.014 
14.247 12.712 11.480 10.012  8.514  6.915  5.784  4.246  2.756  1.463  0.154 
14.185 12.706 11.318  9.864  8.637  7.019  5.879  4.366  2.954  1.501 -0.103 
14.314 12.663 11.445  9.819  8.466  7.063  5.674  4.201  2.806  1.259 -0.028 
14.197 12.759 11.411  9.850  8.358  6.975  5.643  4.251  2.702  1.537  0.048 
14.254 12.676 11.257  9.937  8.424  6.862  5.754  4.334  2.878  1.611  0.072 
13.864 12.599 11.429 10.005  8.408  7.128  5.724  4.267  2.827  1.446  0.056 
14.225 12.793 11.369  9.774  8.462  7.080  5.587  4.393  2.964  1.381 -0.127 
14.090 12.763 11.295  9.921  8.424  7.114  5.632  4.225  2.727  1.432  0.126 
14.223 12.648 11.482  9.876  8.513  7.024  5.710  4.397  2.683  1.543 -0.122 
14.017 12.771 11.385  9.814  8.502  6.981  5.682  4.233  2.826  1.295  0.119 
14.137 12.677 11.234 10.033  8.427  7.184  5.818  4.383  2.994  1.298 -0.137 
14.194 12.762 11.360  9.738  8.365  7.042  5.572  4.355  2.796  1.373 -0.083 
14.295 12.738 11.439  9.836  8.401  7.050  5.567  4.530  2.977  1.531  0.000 
14.170 12.841 11.269 10.074  8.432  7.080  5.680  4.210  2.835  1.522  0.132 
14.062 12.718 11.166  9.922  8.238  7.155  5.752  3.983  2.756  1.281 -0.001 
14.188 12.858 11.479  9.815  8.350  7.123  5.726  4.276  2.695  1.577 -0.039 
14.074 12.717 11.127  9.793  8.606  6.978  5.614  4.251  2.855  1.463  0.033 
14.084 12.686 11.168  9.861  8.641  7.133  5.644  4.146  2.688  1.507 -0.020 
14.122 12.680 11.278 10.014  8.448  7.103  5.523  4.106  2.790  1.282 -0.034 
14.039 12.732 11.243  9.800  8.490  7.055  5.496  4.251  2.825  1.764 -0.046 
14.258 12.535 11.299 10.013  8.623  7.000  5.606  4.381  2.718  1.460 -0.038 
14.109 12.775 11.389  9.948  8.536  7.129  5.716  4.248  2.801  1.436 -0.215 
14.064 12.798 11.352  9.849  8.506  7.256  5.620  4.118  2.755  1.364  0.052 
14.106 12.730 11.457  9.781  8.410  7.086  5.733  4.366  2.778  1.284 -0.056 
13.984 12.554 11.358  9.852  8.422  7.103  5.678  4.178  2.616  1.368 -0.071 
14.231 12.727 11.341  9.872  8.550  7.021  5.640  4.060  2.757  1.326  0.110 
14.079 12.821 11.547  9.984  8.444  7.153  5.844  4.235  2.693  1.361  0.064 
14.180 12.845 11.479  9.816  8.597  6.978  5.583  4.385  2.906  1.401 -0.135 
14.193 12.695 11.247 10.043  8.288  7.120  5.723  4.262  2.742  1.377 -0.047 
14.240 12.678 11.285  9.900  8.469  7.038  5.626  4.258  2.818  1.426 -0.082 
14.258 12.788 11.344  9.965  8.609  6.834  5.723  4.222  2.834  1.372  0.065 
14.198 12.744 11.263  9.868  8.708  6.970  5.608  4.146  2.737  1.286  0.031 
14.029 12.792 11.502  9.896  8.507  6.919  5.684  4.285  2.957  1.407 -0.219 
14.113 12.776 11.343  9.692  8.395  7.063  5.797  4.284  3.020  1.540 -0.075 
13.981 12.632 11.161  9.795  8.543  7.195  5.703  4.197  2.816  1.489 -0.122 
14.161 12.794 11.308  9.842  8.432  7.034  5.865  4.395  2.933  1.458 -0.122 
14.207 12.806 11.429  9.959  8.493  6.916  5.753  4.172  3.012  1.484  0.066 
14.269 12.604 11.254  9.881  8.555  6.941  5.673  4.330  2.773  1.233  0.157 
14.070 12.615 11.323  9.962  8.524  7.140  5.770  4.084  2.735  1.456  0.057 
14.065 12.755 11.321 10.095  8.469  7.096  5.564  4.350  2.874  1.665 -0.153 
14.206 12.717 11.414  9.937  8.446  7.157  5.534  4.125  2.718  1.477  0.063 
14.182 12.760 11.471  9.876  8.544  7.102  5.523  4.209  2.950  1.305 -0.035 
14.092 12.920 11.326  9.922  8.547  7.063  5.730  4.235  2.733  1.450  0.105 
14.095 12.695 11.306 10.043  8.501  7.041  5.591  4.120  2.754  1.406 -0.036 
14.213 12.699 11.219  9.777  8.475  7.182  5.616  4.206  2.872  1.530 -0.073 
14.295 12.656 11.302 10.037  8.527  7.327  5.634  4.263  2.764  1.461 -0.112 
14.202 12.521 11.489  9.915  8.540  6.776  5.634  4.288  2.938  1.367 -0.233 
14.001 12.743 11.269  9.870  8.511  7.149  5.694  4.308  2.746  1.319  0.127 
14.205 12.691 11.299  9.905  8.566  6.812  5.719  4.315  2.755  1.341  0.122 
14.139 12.794 11.325 10.065  8.303  7.014  5.760  4.348  2.712  1.192  0.032 
14.059 12.626 11.259 10.012  8.453  7.138  5.585  4.050  2.661  1.575  0.046 
14.251 12.737 11.203  9.792  8.563  7.012  5.707  4.256  2.831  1.347 -0.074 
14.091 12.732 11.238 10.035  8.477  7.100  5.621  4.415  2.783  1.495  0.024 
14.165 12.619 11.260  9.786  8.424  7.123  5.775  4.208  2.791  1.519  0.015 
13.992 12.826 11.209  9.811  8.680  7.046  5.709  4.211  2.760  1.481 -0.118 
14.148 12.576 11.260  9.881  8.498  6.908  5.752  4.264  2.893  1.360  0.099 
14.099 12.623 11.239 10.082  8.325  6.967  5.678  4.168  2.785  1.258  0.166 
14.045 12.619 11.278  9.659  8.609  7.113  5.593  4.232  2.825  1.423  0.011 
14.100 12.831 11.268  9.803  8.550  7.135  5.612  4.335  2.936  1.489 -0.128 
14.113 12.694 11.221  9.990  8.460  7.090  5.379  4.146  2.810  1.654  0.051 
14.127 12.738 11.445  9.792  8.576  7.082  5.575  4.352  2.768  1.364 -0.034 
14.212 12.759 11.252  9.965  8.586  6.993  5.718  4.204  2.838  1.246 -0.114 
14.182 12.776 11.345  9.945  8.673  7.072  5.683  4.401  2.701  1.316 -0.049 
14.185 12.775 11.138  9.865  8.524  6.989  5.574  4.151  2.770  1.358  0.053 
14.268 12.775 11.373  9.894  8.449  7.273  5.603  4.118  3.031  1.325 -0.049 
14.196 12.803 11.477  9.677  8.684  7.078  5.433  4.251  2.795  1.274 -0.119 
14.276 12.899 11.455  9.833  8.548  6.987  5.841  4.168  2.783  1.456 -0.063 
14.165 12.756 11.258  9.884  8.459  7.188  5.785  4.351  2.652  1.311 -0.136 
14.129 12.608 11.203  9.861  8.647  7.016  5.751  4.295  3.027  1.584 -0.015 
14.142 12.809 11.400  9.940  8.465  7.178  5.656  4.249  2.868  1.521  0.009 
14.120 12.762 11.334 10.027  8.567  7.050  5.817  4.050  2.834  1.445  0.052 
14.119 12.685 11.303  9.907  8.381  6.965  5.585  4.241  2.909  1.499  0.103 
14.203 12.751 11.320  9.825  8.334  6.945  5.697  4.413  2.843  1.356 -0.002 
14.066 12.718 11.451  9.624  8.417  7.135  5.764  4.252  2.886  1.542 -0.064 
13.984 12.524 11.337  9.819  8.453  7.076  5.814  4.253  2.954  1.381  0.046 
14.222 12.715 11.429  9.838  8.496  7.137  5.561  4.268  2.887  1.489  0.030 
14.208 12.747 11.300  9.831  8.557  7.095  5.671  4.218  2.765  1.567 -0.054 
14.262 12.715 11.257  9.842  8.451  7.119  5.688  4.202  2.700  1.477 -0.024 
14.304 12.613 11.283  9.715  8.487  7.087  5.705  4.244  2.952  1.387  0.008 
14.050 12.625 11.412  9.922  8.536  7.086  5.530  4.172  2.880  1.583 -0.091 
14.190 12.691 11.406  9.990  8.451  7.020  5.628  4.290  3.058  1.539 -0.105 
14.074 12.818 11.233  9.901  8.348  7.071  5.717  4.266  2.898  1.491 -0.009 
14.214 12.696 11.398  9.948  8.512  6.993  5.641  4.426  2.815  1.482 -0.059 
13.988 12.609 11.443  9.873  8.624  7.019  5.583  4.227  2.710  1.322 -0.120 
14.121 12.519 11.307  9.825  8.501  7.259  5.620  4.118  2.791  1.477 -0.079 
14.013 12.654 11.402  9.944  8.428  7.142  5.808  4.357  3.079  1.331  0.195 
14.035 12.671 11.316 10.046  8.473  7.117  5.764  4.227  2.700  1.419  0.169 
14.198 12.577 11.575 10.046  8.473  7.118  5.641  4.286  2.886  1.537  0.061 
14.097 12.871 11.376  9.948  8.496  7.184  5.777  4.486  2.937  1.480  0.032 
13.988 12.682 11.187  9.844  8.533  7.102  5.635  4.149  2.857  1.391  0.046 
14.285 12.651 11.393  9.887  8.473  7.025  5.770  4.253  2.759  1.397 -0.099 
13.952 12.654 11.445  9.961  8.570  7.060  5.649  4.096  2.676  1.250  0.014 
14.117 12.732 11.261  9.996  8.469  7.127  5.627  4.130  2.833  1.562  0.020 
14.182 12.730 11.366  9.830  8.467  7.014  5.781  4.287  2.917  1.454 -0.083 
14.234 12.806 11.306  9.818  8.538  7.057  5.715  4.245  2.807  1.194 -0.147 
14.145 12.807 11.119  9.959  8.460  7.049  5.661  4.305  2.967  1.444 -0.005 
14.276 12.720 11.387  9.998  8.553  6.994  5.540  4.373  3.053  1.432  0.073 
14.109 12.893 11.371  9.810  8.552  6.886  5.770  4.178  2.801  1.275  0.169 
14.170 12.715 11.234  9.910  8.530  7.025  5.697  4.277  2.918  1.462  0.018 
14.054 12.871 11.366  9.972  8.663  7.154  5.714  4.161  2.856  1.562 -0.002 
14.100 12.632 11.077  9.741  8.472  7.101  5.759  4.223  2.614  1.600  0.130 
13.946 12.613 11.272  9.923  8.376  7.048  5.620  4.295  2.971  1.253 -0.022 
14.179 12.712 11.392  9.879  8.478  7.153  5.622  4.157  3.024  1.352 -0.057 
14.088 12.668 11.304  9.740  8.563  7.197  5.899  4.164  2.930  1.377 -0.053 
14.162 12.800 11.309  9.967  8.570  7.165  5.529  4.252  2.704  1.302  0.043 
14.151 12.826 11.177  9.858  8.175  7.061  5.621  4.361  2.851  1.319  0.127 
14.203 12.692 11.313  9.849  8.298  7.295  5.738  4.223  2.648  1.287  0.129 
14.044 12.674 11.278  9.918  8.356  7.131  5.704  4.207  2.771  1.367  0.097 
14.132 12.713 11.373  9.811  8.703  7.065  5.637  4.443  2.691  1.431 -0.197 
14.236 12.680 11.158  9.816  8.360  7.241  5.628  4.286  2.772  1.332 -0.029 
14.209 12.696 11.285 10.007  8.645  7.073  5.733  4.028  2.790  1.390  0.221 
14.113 12.670 11.335  9.852  8.517  7.146  5.766  4.025  2.876  1.424 -0.147 
14.070 12.808 11.307  9.951  8.312  6.959  5.682  4.249  2.931  1.428 -0.038 
14.070 12.663 11.537  9.783  8.494  7.059  5.642  4.210  2.800  1.581 -0.021 
14.134 12.771 11.211  9.873  8.762  7.085  5.533  4.396  2.942  1.461  0.099 
14.042 12.875 11.342  9.896  8.615  7.212  5.730  3.907  2.773  1.267 -0.166 
14.132 12.735 11.364 10.052  8.491  7.018  5.401  4.501  2.992  1.258  0.035 
14.048 12.760 11.344  9.841  8.351  7.193  5.572  4.257  2.909  1.589 -0.198 
14.250 12.712 11.283 10.066  8.498  7.089  5.535  4.318  2.977  1.312 -0.076 
14.054 12.821 11.241  9.986  8.355  7.262  5.621  4.255  2.840  1.500 -0.078 
14.159 12.700 11.367 10.076  8.560  7.054  5.662  4.260  2.815  1.470 -0.131 
14.188 12.854 11.066 10.108  8.494  7.057  5.506  4.440  2.787  1.438  0.034 
14.181 12.748 11.195 10.085  8.485  7.073  5.731  4.172  2.969  1.584  0.149 
14.130 12.689 11.351  9.876  8.570  7.134  5.767  4.071  2.817  1.421  0.023 
14.093 12.798 11.412  9.926  8.448  7.035  5.808  4.180  2.904  1.252 -0.058 
14.188 12.569 11.500 10.068  8.601  7.248  5.616  4.098  2.885  1.217 -0.019 
14.072 12.681 11.267  9.999  8.349  7.084  5.581  4.307  2.912  1.443 -0.103 
14.140 12.639 11.266 10.020  8.591  7.262  5.801  4.313  2.714  1.286  0.046 
