13.884 12.347 11.642  9.814  8.132  6.993  5.929  4.191  2.538  2.021  0.042 
14.376 12.771 11.102  9.513  8.435  7.274  5.562  4.141  2.630  0.951 -0.650 
13.853 12.078 11.036 10.254  8.694  6.776  5.672  4.031  3.184  1.462  0.085 
13.995 12.703 11.863 10.109  8.915  6.783  5.232  4.372  2.523  1.824  0.185 
14.089 12.881 10.721  9.927  8.252  6.556  5.302  4.736  2.347  1.596  0.415 
13.799 13.272 11.200 10.071  8.955  7.172  5.540  4.139  3.284  1.451 -0.173 
14.316 13.146 10.850 10.025  8.103  7.049  5.684  4.665  2.412  1.417 -0.179 
14.307 13.047 11.213  9.906  8.530  6.925  4.953  4.670  2.919  1.614 -0.262 
14.694 13.012 10.968 10.230  8.267  7.408  5.617  3.846  3.226  1.246 -0.192 
13.728 12.832 11.149 10.075  8.669  6.737  5.642  3.970  2.947  1.196  0.392 
14.546 12.871 11.244  9.610  8.686  7.570  5.388  4.508  2.780  1.646 -0.163 
14.521 11.867 11.348  9.476  8.273  7.461  5.866  4.435  2.675  0.707  0.088 
13.956 12.487 11.459  9.953  8.248  7.008  5.284  4.230  2.893  1.232 -0.097 
13.900 12.610 11.488  9.818  8.505  6.759  6.055  4.303  3.101  1.049  0.142 
14.571 12.723 11.508  9.905  8.398  7.028  5.317  4.785  3.102  1.533  0.286 
14.351 12.703 11.696  9.894  8.701  6.674  6.146  3.647  2.817  1.158 -0.252 
14.242 13.036 10.866  9.644  8.828  6.579  5.643  4.307  2.834  1.377 -0.179 
14.077 12.835 10.699 10.042  8.309  7.137  5.761  4.393  2.926  1.672  0.210 
14.873 12.525 11.156  9.599  8.351  7.040  5.550  4.479  2.315  1.577 -0.322 
14.144 12.464 11.432  9.663  7.899  7.379  5.312  4.148  2.801  1.573 -0.231 
14.258 12.909 11.297  9.763  8.778  7.417  5.591  4.367  2.462  1.081 -0.414 
14.027 12.240 11.332 10.280  8.540  7.556  5.817  3.997  2.683  0.721 -0.622 
14.399 12.435 11.087  9.884  8.489  6.971  5.567  4.425  2.713  0.814  0.260 
14.046 12.627 11.385 10.073  8.577  7.253  5.591  4.135  2.783  1.111  0.570 
13.710 12.241 11.338 10.029  8.347  7.042  5.506  4.352  2.728  1.768 -0.056 
14.261 13.265 11.459 10.037  8.170  7.072  5.899  3.815  3.013  1.434 -0.182 
13.961 12.536 11.317  9.747  8.545  6.522  5.558  4.814  2.754  1.929 -0.179 
13.630 12.444 11.514 10.202  8.472  6.923  5.957  4.233  3.203  1.489  0.258 
14.223 12.741 11.584  9.682  7.734  6.931  5.738  3.891  3.637  1.773 -0.048 
14.379 12.900 11.280  9.833  8.836  6.936  5.583  4.391  2.479  1.193  0.407 
13.599 12.994 11.210  9.702  8.266  7.189  5.771  4.450  2.567  2.095 -0.576 
13.516 12.846 11.753 10.486  8.345  7.440  5.576  3.947  2.666  1.075 -0.201 
14.072 12.179 11.541 10.402  8.802  6.478  5.441  4.527  2.777  1.235  0.165 
13.619 12.999 11.536 10.288  8.804  7.758  5.942  3.718  2.946  1.424 -0.049 
14.150 13.064 11.002  9.797  8.704  7.138  5.719  4.587  3.446  1.115  0.298 
14.019 12.545 11.176  9.304  8.501  6.927  5.104  3.853  2.267  1.820 -0.395 
13.743 12.850 12.095 10.085  8.651  7.272  5.782  4.486  2.421  1.493 -0.227 
14.293 13.261 10.859 10.174  7.975  7.203  6.155  4.132  2.948  1.410 -0.506 
13.643 13.040 11.141  9.486  8.492  7.193  5.615  4.302  2.539  1.747 -0.153 
13.781 12.745 11.413  9.686  8.493  6.959  5.818  4.447  2.867  0.772 -0.019 
14.285 12.922 11.109  9.373  8.376  6.775  5.768  4.395  2.845  0.836  0.021 
14.260 13.193 11.169 10.299  8.819  7.056  5.281  4.422  3.070  1.633 -0.234 
14.349 13.199 11.324 10.287  8.713  7.150  5.769  4.311  2.927  1.814 -0.136 
13.636 12.665 11.295  9.610  8.606  7.367  5.298  4.304  2.492  1.446 -0.347 
14.108 12.537 11.164 10.181  8.273  7.476  5.248  4.662  2.670  1.219  0.217 
14.054 12.287 11.800 10.231  8.157  7.358  5.782  4.128  2.571  1.822  0.167 
14.078 12.087 10.997  9.981  8.442  7.338  5.460  4.009  2.689  1.492  0.404 
14.265 12.188 11.007  9.597  8.629  6.793  5.526  3.938  2.709  1.522 -0.198 
13.855 12.433 11.134 10.177  8.279  6.864  5.793  4.414  2.565  1.373 -0.261 
13.798 13.446 11.253 10.081  8.048  7.220  5.632  3.966  2.847  1.468 -0.055 
14.361 12.260 11.190  9.607  8.472  7.330  5.913  3.604  3.147  2.287  0.013 
13.991 13.052 11.533  9.643  8.621  7.196  5.565  4.094  3.153  1.150 -0.245 
14.089 13.036 11.267 10.014  8.429  6.700  5.903  4.391  2.924  1.414 -0.018 
13.893 12.988 11.435  9.490  8.585  7.096  5.052  3.896  2.559  2.265  0.067 
14.068 12.416 10.948 10.564  8.687  7.388  5.596  4.654  2.150  1.525  0.611 
14.256 12.817 11.425 10.217  8.188  7.706  5.854  4.606  2.444  1.285  0.286 
14.239 12.641 11.453  9.554  8.202  7.273  5.635  3.977  2.835  1.318 -0.488 
14.391 12.520 11.190  9.841  8.626  6.226  5.439  4.275  2.948  1.641 -0.076 
13.660 12.725 11.342  9.456  8.364  7.252  6.245  4.348  3.168  1.355 -0.167 
13.688 12.300 11.655 10.095  8.412  7.011  5.729  4.331  2.447  1.159 -0.058 
13.976 13.129 11.185  9.495  8.374  7.031  5.536  3.831  2.864  1.451 -0.387 
14.298 13.159 11.634  9.835  8.315  6.862  5.736  4.190  2.829  1.137 -0.457 
14.121 12.841 11.504  9.700  7.995  7.356  5.780  5.029  3.170  1.702 -0.407 
13.853 12.572 11.230  9.983  8.848  7.012  5.686  4.275  3.059  1.149 -0.165 
14.135 12.833 11.037  9.290  8.185  6.836  5.589  4.338  2.322  1.651 -0.122 
14.125 12.790 11.202  9.905  8.711  6.638  4.945  3.974  2.699  1.523 -0.250 
14.295 13.025 11.365  9.801  9.057  7.206  5.523  4.262  2.618  1.054  0.499 
14.228 12.289 12.042  9.568  8.187  6.991  6.190  4.904  3.119  1.546 -0.184 
14.721 12.807 11.017 10.426  8.883  6.611  5.835  4.017  2.370  1.633  0.179 
14.823 12.060 11.380  9.881  8.473  6.532  5.817  4.113  2.770  2.186  0.504 
14.513 12.081 10.769  9.931  8.361  7.150  5.826  4.393  2.752  2.038 -0.688 
14.635 12.905 11.970 10.075  8.120  7.279  5.693  4.268  3.441  1.386 -0.186 
14.525 12.756 11.166  9.634  8.097  7.202  5.644  3.901  3.279  1.634  0.046 
14.259 12.669 11.845 10.705  8.815  7.349  5.505  4.153  2.968  1.321  0.042 
13.672 13.076 10.608  9.491  8.002  7.305  5.518  3.797  3.226  1.304  0.042 
13.688 12.206 11.086  9.849  7.976  7.282  6.296  4.332  2.353  1.739  0.286 
13.615 13.279 10.882  9.857  8.513  7.554  5.752  4.350  3.114  0.989 -0.178 
14.357 12.602 11.282  9.359  8.595  7.066  5.140  4.289  3.109  1.164  0.076 
14.215 12.421 11.271  9.566  8.842  6.639  6.203  4.780  2.514  1.923 -0.423 
13.966 13.041 11.534 10.108  8.877  6.665  5.127  4.519  3.016  1.703  0.323 
14.371 12.319 11.519 10.296  8.175  7.302  5.469  5.342  2.773  1.334  0.738 
14.090 13.166 11.607  9.952  8.965  6.926  5.653  4.156  2.781  2.020  0.216 
13.499 12.608 11.797 10.005  8.240  7.262  5.131  4.326  3.082  1.657  0.709 
14.417 13.080 11.792 10.287  8.469  7.174  5.788  4.004  2.242  1.179  0.535 
13.711 13.142 11.546  9.806  8.657  7.146  5.513  4.113  2.714  1.777  0.172 
14.374 13.555 12.026  9.608  8.734  7.208  5.446  4.126  3.058  1.314 -0.262 
13.924 12.351 11.546  9.517  8.499  6.667  5.921  4.621  2.787  0.822  0.227 
14.469 12.576 11.223 10.559  7.992  7.277  5.640  4.261  3.136  1.488 -0.381 
14.280 12.959 11.281  9.904  8.807  7.136  5.959  3.890  3.035  1.202 -0.441 
14.417 13.083 11.062  9.662  8.312  7.161  5.582  3.649  3.405  1.576  0.153 
14.336 13.451 10.921  9.786  8.728  7.089  5.633  4.121  2.617  1.418  0.203 
14.105 12.227 11.370 10.757  8.251  7.784  5.596  4.096  2.734  1.305  0.096 
13.898 12.890 11.473  9.669  8.769  7.374  5.430  3.839  2.780  1.448 -0.130 
14.035 12.232 11.277  9.897  8.302  7.020  5.999  4.268  2.844  1.936  0.371 
14.397 12.846 11.247 10.244  8.924  6.812  5.711  3.807  2.601  1.455  0.336 
14.466 12.930 11.396 10.200  8.708  6.951  6.248  4.406  2.832  1.709 -0.169 
14.224 12.737 11.188 10.554  8.741  6.697  5.777  4.231  2.310  1.328  0.199 
14.143 12.437 11.653  9.798  8.483  7.284  5.652  4.137  2.232  1.679  0.844 
13.963 12.706 11.218 10.046  8.785  7.090  5.215  3.960  3.082  1.952 -0.023 
14.429 12.357 11.517  9.853  8.191  7.123  5.640  4.316  2.160  1.165 -0.135 
14.602 12.668 11.561  9.987  8.309  6.888  5.497  5.063  2.617  1.122 -0.058 
13.997 12.944 11.774  9.339  7.968  6.812  5.455  4.285  2.773  1.781 -0.062 
14.658 12.974 11.591 10.167  9.031  7.216  5.762  4.155  3.010  1.244  0.244 
14.077 12.949 11.049  9.948  8.302  7.111  5.420  3.946  2.194  1.659 -0.335 
13.812 12.813 11.509 10.071  8.677  6.562  5.825  4.469  2.724  1.405 -0.561 
14.406 12.919 11.255 10.371  9.252  7.165  5.249  4.349  3.039  1.294  0.073 
14.469 12.695 11.636  9.791  8.774  6.803  5.554  4.122  2.638  1.561 -0.217 
14.107 12.845 11.287  9.956  8.169  6.831  6.153  4.361  2.840  1.703  0.282 
14.264 12.531 11.387  9.923  8.771  7.158  5.821  3.859  2.852  2.012  0.299 
13.580 12.667 11.214  9.702  8.275  6.958  6.063  4.100  2.785  1.515 -0.006 
14.465 12.950 10.698  9.920  8.558  7.221  5.887  4.250  3.089  1.346  0.042 
13.955 12.218 10.831 10.071  8.553  7.180  5.194  3.900  2.834  1.692  0.227 
14.269 13.148 11.276  9.919  8.829  6.891  5.527  4.538  2.727  0.902  0.178 
14.386 12.544 11.512 10.429  8.290  7.134  6.074  4.108  2.857  1.638  0.205 
14.440 12.514 10.949  9.323  9.112  7.089  5.142  4.229  2.714  1.037 -0.243 
14.624 12.614 11.365  9.913  8.980  7.103  6.323  4.728  3.405  1.697  0.131 
14.417 12.842 11.296  9.574  8.753  7.290  5.148  4.489  2.162  1.145  0.345 
13.972 12.918 11.107 10.384  8.283  6.719  5.880  4.232  2.567  1.811 -0.045 
13.734 13.007 11.873 10.248  8.514  7.092  6.089  4.531  2.964  1.601  0.241 
13.898 13.129 11.473 10.078  8.393  7.264  5.635  3.939  3.043  1.444 -0.295 
14.094 12.719 11.319  9.840  7.616  6.842  5.512  3.997  2.846  1.261  0.288 
13.754 12.933 11.538  9.863  8.361  6.826  5.197  4.648  2.947  1.128 -0.032 
14.392 12.385 11.209  9.946  8.575  7.540  5.715  3.438  2.980  1.197 -0.176 
14.401 12.196 11.465  9.756  7.982  7.661  6.180  4.071  2.819  1.376 -0.166 
14.008 11.992 11.356  9.776  8.487  7.013  5.229  4.322  2.517  1.914  0.273 
14.540 12.160 11.406  9.668  8.272  7.197  5.216  4.163  2.150  1.034 -0.167 
14.386 12.776 11.205  9.099  8.711  7.033  5.009  4.228  2.599  1.410  0.425 
14.323 12.191 11.487  9.865  8.763  7.310  5.400  4.655  3.258  1.302  0.431 
14.304 12.243 11.268  9.830  8.497  7.525  5.692  4.203  2.425  1.466 -0.333 
14.404 12.919 11.086 10.225  8.822  7.050  5.571  4.206  2.699  1.629 -0.041 
14.389 13.204 11.389 10.096  8.664  7.433  5.862  4.439  3.036  1.300 -0.270 
14.675 12.587 11.170  9.962  8.371  7.280  5.865  4.479  2.391  1.950  0.425 
13.565 12.956 11.192  9.517  8.831  6.761  5.583  4.368  2.551  1.743  0.433 
14.236 13.245 11.709  9.892  8.096  7.606  5.407  3.432  2.754  1.358  0.307 
14.255 12.661 11.721 10.132  8.799  6.614  5.492  3.978  2.955  1.293 -0.388 
13.913 11.996 11.322  9.763  8.946  6.386  6.028  3.914  2.411  1.064  0.547 
14.032 12.029 11.728  9.789  8.336  7.508  5.887  4.311  2.725  0.885  0.631 
14.000 13.228 11.146  9.466  8.324  6.963  5.754  4.241  2.754  1.422  0.204 
14.044 12.369 11.485  9.731  8.868  7.355  5.979  4.121  2.644  1.450  0.061 
13.198 12.824 11.344 10.175  8.175  7.053  5.443  4.385  2.809  1.818  0.722 
14.279 12.707 11.828  9.626  8.356  7.088  5.582  3.910  2.914  1.204  0.045 
14.381 12.343 11.269  9.811  8.681  7.475  5.580  4.311  2.277  2.456 -0.364 
15.041 12.710 10.895  9.653  8.578  7.406  5.399  4.552  2.681  1.624  0.058 
14.470 12.862 11.267  9.847  8.881  6.861  5.252  3.963  2.759  1.109  0.074 
14.115 12.605 11.216 10.135  7.745  7.253  5.463  4.352  3.387  1.103 -0.030 
14.169 12.319 11.229 10.041  8.564  6.907  5.949  3.773  2.406  1.424 -0.028 
14.423 12.874 11.435 10.051  9.023  7.122  5.484  3.805  2.922  1.057  0.115 
13.657 12.745 11.129 10.016  8.389  7.558  5.377  4.343  2.854  1.240  0.572 
13.882 12.587 10.933 10.119  8.213  7.500  6.220  4.631  2.824  1.051  0.007 
14.537 12.856 10.983  9.685  8.588  7.444  5.513  4.125  3.176  1.519 -0.146 
13.855 13.037 11.234  9.941  8.625  7.183  5.991  4.377  3.021  1.459  0.291 
14.414 12.954 10.982  9.632  8.534  7.226  5.410  4.286  2.986  1.674  0.182 
14.341 12.024 10.911 10.144  8.450  7.132  5.969  4.274  2.160  1.652 -0.160 
14.152 12.314 10.805 10.065  8.652  7.195  4.951  4.636  2.497  1.686 -0.381 
14.050 13.064 10.978 10.634  8.520  6.846  5.838  3.777  2.099  1.179  0.691 
14.536 13.197 11.696  9.961  8.525  7.046  5.337  4.624  2.708  1.418 -0.321 
14.289 12.563 11.081 10.529  8.141  7.348  5.786  4.205  2.344  1.414 -0.197 
14.817 12.503 10.911  9.748  8.731  7.277  5.774  4.096  2.106  0.715 -0.596 
13.704 12.723 10.729  9.724  8.498  6.914  6.235  4.329  3.027  1.510  0.247 
14.379 12.372 11.508  9.883  8.394  7.167  5.266  3.951  3.005  1.459 -0.328 
14.664 12.504 11.214  9.851  8.304  7.430  5.828  4.387  2.652  1.380 -0.514 
13.804 13.026 11.006 10.124  8.749  7.334  5.685  3.300  3.259  1.162 -0.321 
13.957 12.845 11.062 10.030  8.898  7.284  5.323  4.407  2.954  1.412 -0.146 
14.034 12.719 11.365  9.804  7.995  7.066  5.324  3.907  2.506  1.386  0.552 
13.998 12.858 11.025  9.904  8.811  6.947  5.569  3.885  2.004  1.387  0.176 
13.929 12.919 11.437 10.050  8.063  7.099  5.323  3.451  2.788  1.846 -0.204 
13.978 12.234 11.105  9.945  8.239  6.707  6.041  4.293  2.538  0.931 -0.180 
13.876 12.871 11.501 10.340  8.533  7.935  5.086  4.343  2.663  1.419 -0.128 
14.090 12.435 11.266  9.974  8.750  7.133  5.177  4.342  2.587  1.668  0.258 
14.088 12.425 11.003  9.730  8.772  6.803  5.471  4.759  3.050  1.188  0.095 
14.229 12.588 11.560  9.520  8.440  6.756  5.912  4.405  2.988  1.511 -0.031 
14.444 13.158 11.037  9.660  8.354  7.286  5.526  3.949  2.871  1.548  0.292 
14.382 12.429 11.829 10.129  8.890  7.213  6.114  4.445  3.273  1.724  0.211 
14.444 12.746 10.785  9.977  8.858  7.120  5.954  4.695  3.300  2.125 -0.195 
14.034 12.565 10.611 10.418  8.536  7.133  5.173  4.495  3.250  1.590  0.081 
14.248 12.900 11.959 10.106  8.415  7.003  5.046  3.991  2.769  1.652  0.153 
13.645 12.735 11.450 10.069  8.456  7.624  5.215  4.354  2.993  1.873 -0.166 
13.826 12.770 11.080 10.093  8.672  6.851  5.380  4.101  2.405  1.372 -0.237 
13.566 12.747 11.480  9.643  8.686  6.979  6.333  4.559  2.479  1.632  0.353 
13.997 12.881 11.535 10.173  8.764  6.604  5.286  3.991  2.707  1.265  0.076 
14.030 12.484 11.609  9.846  8.284  7.024  5.439  3.866  1.783  0.915  0.234 
14.062 13.048 11.073  9.745  8.365  7.387  5.470  4.506  3.065  1.808 -0.032 
14.489 12.632 11.472  9.776  8.743  7.442  5.830  4.064  2.182  1.350 -0.092 
13.616 12.855 11.359  9.613  8.043  6.539  6.402  3.980  2.426  1.506  0.009 
13.853 12.961 10.833  9.383  8.286  7.086  5.261  3.866  3.234  1.428  0.603 
14.054 12.522 10.731 10.259  9.174  7.235  5.397  4.846  3.027  1.314 -0.158 
14.101 12.627 10.986 10.309  8.479  6.674  5.584  4.056  3.369  1.715  0.243 
14.407 13.145 10.951 10.006  8.732  7.547  5.426  4.598  2.603  1.658  0.137 
13.979 12.376 11.095 10.080  8.618  7.441  5.789  4.466  3.076  0.971 -0.375 
14.391 12.478 11.365  9.729  8.068  6.943  6.012  4.393  2.670  1.486 -0.078 
13.668 13.096 11.101  9.384  8.306  7.012  5.836  3.947  3.097  2.027  0.118 
14.608 12.876 11.526 10.461  8.438  7.588  5.633  4.250  2.874  1.363 -0.386 
14.278 12.527 11.212 10.223  9.070  7.316  5.714  4.401  2.798  1.722 -0.116 
14.328 12.416 11.079 10.069  8.347  6.905  5.831  4.341  3.110  1.048 -0.212 
13.972 12.551 11.005  9.857  8.398  7.127  5.466  4.034  2.686  1.501 -0.056 
13.844 13.352 11.360  9.779  9.020  6.893  5.980  4.071  2.545  1.533  0.494 
14.217 13.135 10.984  9.745  8.326  7.505  5.667  4.485  2.075  1.247 -0.164 
14.459 12.457 11.499 10.049  8.493  7.174  5.958  4.092  3.071  1.512 -0.621 
13.834 12.709 11.462  9.780  8.137  7.221  5.578  4.223  3.035  1.077  0.060 
14.236 12.151 11.830  9.704  8.405  7.477  5.678  4.054  2.780  2.044  0.009 
13.821 12.654 11.000 10.072  7.880  6.634  6.192  4.271  2.430  1.894  0.505 
14.397 12.165 11.719  9.620  8.501  6.866  5.992  3.974  2.237  0.816 -0.036 
14.150 12.626 11.300 10.180  8.631  6.879  5.390  4.666  3.593  1.325 -0.141 
14.310 13.513 11.338 10.243  8.681  6.379  5.816  4.156  3.084  1.148 -0.248 
14.575 12.874 11.734  9.805  9.034  6.877  5.318  4.217  2.737  1.221 -0.850 
13.912 12.520 11.491  9.899  8.513  7.104  6.117  4.092  2.823  1.288 -0.274 
14.119 13.047 11.024 10.242  8.417  7.281  5.403  4.341  2.951  1.165  0.063 
14.459 12.409 10.954  9.668  8.732  7.076  5.330  4.477  2.842  1.638 -0.658 
13.976 12.968 10.807  9.665  8.667  6.880  5.471  3.844  2.873  1.100  0.315 
13.972 12.095 11.256 10.313  8.505  7.134  6.065  4.217  2.250  1.630  0.325 
14.146 11.996 11.183 10.265  8.359  7.394  5.706  4.389  2.577  1.272 -0.230 
14.459 12.866 11.135  9.675  8.461  7.070  6.706  4.602  2.689  1.092 -0.305 
14.085 13.234 12.000  9.911  8.397  7.000  5.833  4.363  2.684  1.085 -0.156 
14.371 12.455 10.509  9.608  8.443  7.203  5.945  4.283  2.653  1.474 -0.160 
13.959 12.404 11.159  9.985  8.289  6.597  5.419  3.953  3.115  1.564  0.334 
13.911 12.763 12.014  9.471  8.680  7.518  5.731  4.229  2.942  1.272 -0.093 
13.680 12.859 11.382 10.062  8.943  7.433  6.109  3.779  2.905  1.875  0.461 
14.110 12.853 11.175  9.898  8.796  7.179  5.993  3.379  2.969  0.723  0.459 
14.246 13.130 11.650 10.092  8.365  6.859  6.076  4.405  3.146  1.063  0.041 
14.663 12.197 11.841  9.338  7.688  6.771  6.181  4.524  2.601  1.518  0.029 
13.938 12.734 10.926  9.920  8.704  7.235  5.661  4.947  2.956  1.050  0.652 
14.246 11.877 10.987 10.432  8.675  7.350  5.028  4.517  2.857  1.214 -0.140 
14.407 13.087 11.198  9.247  8.528  6.883  5.501  3.542  2.649  1.413  0.101 
14.060 12.798 11.436  9.617  8.285  7.255  5.176  4.577  2.925  1.186 -0.239 
14.442 13.005 11.295 10.020  8.232  7.004  5.390  4.906  2.809  1.862 -0.285 
13.948 12.798 11.367  9.989  7.882  6.734  5.426  4.208  2.945  1.559  0.066 
14.475 13.620 11.084 10.126  8.408  7.183  5.636  4.124  2.377  1.659  0.770 
14.829 12.838 11.316 10.130  8.577  6.787  5.679  3.835  2.747  1.201 -0.190 
14.169 12.256 12.084 10.084  9.211  6.980  5.826  4.587  2.867  1.601  0.072 
14.235 13.275 11.177  9.735  8.527  7.265  5.867  4.497  2.603  1.585 -0.481 
14.282 12.888 11.244  9.660  8.256  6.993  5.782  4.064  3.169  1.539  0.541 
13.503 12.742 11.271  9.701  8.745  7.087  5.727  4.668  2.616  2.007 -0.995 
13.998 12.930 11.618  9.990  8.687  7.739  5.788  4.148  3.015  1.081 -0.324 
14.209 12.509 11.981 10.108  8.857  7.207  5.627  4.277  2.886  1.761 -0.071 
14.425 12.525 11.161  9.976  8.788  6.844  6.052  4.607  3.430  2.292 -0.008 
14.046 13.064 11.788  9.928  8.365  6.511  5.629  4.161  2.624  1.353 -0.462 
14.227 13.068 11.690  9.848  8.496  6.630  6.563  4.132  2.812  1.953 -0.520 
14.267 13.329 11.140 10.267  7.895  6.230  6.237  4.582  2.922  1.696 -0.172 
13.826 12.712 11.125  9.968  8.285  7.086  6.358  4.318  3.483  1.595 -0.311 
14.162 12.647 11.287 10.860  8.653  7.175  5.346  4.226  2.749  1.901  0.182 
14.069 12.968 11.554  9.783  8.289  6.983  5.284  4.173  2.759  0.936  0.331 
13.915 13.186 11.388  9.584  8.661  6.127  5.639  3.899  2.895  0.855 -0.061 
14.341 13.084 11.197  9.457  8.852  6.257  5.905  3.538  2.698  1.734 -0.121 
14.416 12.665 11.225 10.345  7.896  7.260  5.779  4.581  2.784  1.440 -0.200 
14.147 12.735 11.152  9.321  8.924  7.089  5.536  4.290  3.349  0.951 -0.528 
14.045 12.429 10.892  8.913  8.093  6.819  5.926  3.773  3.054  1.428 -0.404 
13.805 13.043 11.149  9.848  8.960  7.156  5.022  4.055  3.301  1.561 -0.358 
13.980 13.244 11.176 10.009  9.042  7.333  6.052  4.419  3.151  1.772  0.252 
13.744 12.394 11.297 10.118  8.184  6.936  5.445  4.022  2.762  1.424 -0.320 
14.325 12.515 11.181  9.967  8.592  6.518  5.458  4.505  3.731  1.215  0.136 
14.448 12.481 11.141  9.684  9.262  6.904  5.353  4.336  2.375  1.305  0.158 
14.010 13.000 11.569  9.965  8.628  6.886  5.389  3.936  2.690  0.916  0.310 
14.380 13.303 11.043  9.717  8.395  7.369  6.320  4.337  2.770  1.802  0.808 
14.484 12.627 11.131  9.784  8.850  6.494  6.238  4.434  3.225  1.293 -0.047 
14.171 13.158 11.729 10.103  8.617  6.531  5.500  4.402  2.581  1.414 -0.286 
14.289 12.656 11.231 10.224  8.598  7.041  5.476  4.323  2.859  1.630  0.136 
14.710 12.836 11.541 10.067  8.634  7.456  5.579  4.644  2.733  0.897  0.228 
14.892 12.563 11.350 10.100  8.854  6.529  5.885  4.342  3.634  1.464  0.590 
14.410 12.408 11.202 10.117  8.483  6.938  5.235  4.289  3.266  1.239 -0.146 
13.827 12.310 11.187  9.931  8.663  7.457  5.604  4.676  2.837  0.969 -0.271 
13.849 12.494 11.358 10.344  7.992  6.927  5.706  3.931  2.724  1.524  0.120 
14.268 12.935 11.767  9.938  8.125  6.821  5.204  3.862  2.890  1.509  0.140 
13.839 12.556 11.418  9.953  8.665  6.878  5.663  3.775  3.025  0.975 -0.407 
14.288 13.262 11.329  9.896  7.974  7.415  6.134  4.406  2.938  1.445  0.601 
13.529 12.588 11.475 10.115  8.464  7.437  5.237  4.450  3.160  1.651  0.443 
14.527 12.688 11.185  9.798  9.123  6.982  5.425  4.333  2.961  1.287 -0.218 
14.857 12.993 11.600 10.432  8.321  7.489  5.647  3.987  3.310  1.164 -0.087 
14.082 13.043 11.454  9.825  8.151  6.635  5.838  4.126  2.288  1.849  0.496 
13.931 13.119 11.910  9.772  8.848  6.953  5.685  4.086  3.049  1.414  0.266 
14.175 13.000 10.949  9.664  8.866  6.976  5.612  4.272  2.652  1.466 -0.481 
13.988 12.557 11.449  9.872  8.354  7.155  5.921  4.463  2.700  1.064  0.141 
13.649 12.587 11.441 10.228  8.495  7.140  5.765  4.226  2.860  1.447  0.128 
14.063 12.796 11.243  9.818  8.259  7.410  5.579  4.570  2.754  1.628  0.257 
14.310 13.013 11.481 10.197  8.362  6.656  5.550  4.305  3.395  1.861  0.043 
13.835 12.545 10.977  9.250  8.728  7.007  5.405  4.230  2.600  1.572 -0.319 
14.355 12.656 11.330  9.811  8.549  6.959  5.872  4.707  2.615  1.253  0.153 
13.575 13.238 11.106  9.660  8.317  7.244  5.756  4.609  3.488  1.541  0.071 
14.233 12.892 11.298  9.822  8.866  7.134  5.547  4.038  2.965  1.145 -0.013 
13.562 12.636 10.782 10.064  8.327  7.055  5.854  4.477  3.260  1.433  0.082 
14.058 12.464 10.789 10.193  8.378  7.522  5.917  4.233  3.013  0.918 -0.377 
13.856 12.586 11.542  9.701  8.956  6.947  5.974  4.169  2.537  1.214  0.261 
14.268 12.534 11.032 10.114  8.397  7.384  5.714  3.675  2.556  1.058  0.439 
14.011 13.189 11.813 10.179  8.613  7.077  6.041  4.040  2.541  1.568  0.252 
14.216 12.248 11.160  9.619  8.224  6.818  6.079  3.568  3.388  1.693  0.014 
15.163 13.229 11.488  9.534  9.044  7.247  5.876  4.524  2.386  1.107 -0.121 
14.370 12.294 11.224  9.904  8.498  7.203  5.608  3.751  2.746  1.683  0.100 
14.127 12.472 11.511  9.716  8.320  6.612  5.896  3.870  3.303  1.725 -0.566 
14.608 12.385 11.078 10.313  8.617  7.612  5.940  4.355  2.875  1.662 -0.155 
13.543 12.166 11.349  9.617  8.449  6.917  5.918  4.160  2.905  1.525  0.382 
14.276 12.404 11.446  9.763  8.790  6.426  5.579  4.568  2.730  1.276  0.211 
14.232 12.383 11.357 10.008  8.270  6.753  6.088  4.274  2.707  1.190  0.261 
14.306 12.441 11.567  9.947  8.002  6.955  5.871  4.871  3.038  1.254 -0.439 
14.687 12.106 11.231 10.365  8.591  7.408  5.450  4.080  2.707  1.529 -0.357 
14.590 12.692 11.476  9.637  8.801  7.179  5.486  4.372  2.852  1.362 -0.418 
14.130 12.990 11.449  9.875  8.630  7.705  5.953  4.192  2.921  1.604 -0.185 
14.435 12.582 11.405  9.441  8.957  7.323  5.327  3.914  2.822  1.498 -0.037 
14.358 12.758 11.181  9.862  8.659  6.896  5.931  3.983  2.777  1.225  0.448 
14.350 13.144 11.477  9.164  8.339  7.483  6.043  4.047  3.149  1.168  0.327 
13.990 12.397 11.674  9.707  8.776  7.551  5.680  4.282  2.515  1.457 -0.382 
14.436 12.899 11.069  9.837  8.959  7.192  5.933  4.164  3.420  1.777  0.079 
14.084 12.354 10.794  9.621  8.703  7.782  6.304  3.942  2.588  1.259 -0.377 
13.524 12.737 11.184  9.515  8.761  7.041  5.652  4.199  3.368  2.095 -0.260 
13.677 13.003 11.671 10.941  8.069  7.081  5.802  4.005  3.086  1.188  0.216 
14.385 12.680 10.719  9.944  8.136  7.202  5.991  4.507  2.850  1.228 -0.361 
13.749 12.276 11.145 10.339  8.139  7.189  5.705  4.487  2.867  1.128 -0.394 
13.969 12.619 10.821  9.867  7.657  7.383  5.900  4.499  3.082  1.538 -0.098 
14.375 12.667 11.502  9.657  8.409  7.034  5.679  4.231  3.042  2.280 -0.117 
14.276 11.959 11.403  9.980  8.835  6.866  5.701  4.191  2.657  1.252 -0.148 
13.513 12.717 11.762  9.350  8.615  6.849  4.884  4.135  2.492  1.526 -0.020 
14.360 12.794 11.897  9.622  8.703  6.789  5.404  4.190  2.911  1.664  0.358 
14.391 12.383 11.646 10.054  8.902  7.214  5.526  4.638  2.487  0.945 -0.260 
13.942 13.006 11.757  9.706  8.173  6.701  5.740  4.277  2.780  1.917 -0.151 
14.360 12.311 10.985 10.766  8.354  7.062  5.631  4.411  2.852  1.190 -0.221 
14.189 13.326 11.461 10.172  8.476  7.165  6.377  4.852  2.833  2.065 -0.357 
13.917 12.637 11.490  9.712  8.148  6.451  5.740  4.165  2.833  1.916  0.167 
13.790 12.157 11.468  9.241  8.217  6.782  6.224  4.145  2.383  1.487  0.245 
14.547 13.068 10.879  9.499  8.403  6.416  5.258  4.298  3.003  1.642 -0.111 
14.363 12.722 11.514  9.863  8.589  7.525  5.995  4.700  2.175  1.743 -0.462 
13.907 12.442 11.494 10.410  8.187  7.297  6.132  4.454  2.652  1.098 -0.014 
13.974 12.687 11.223 10.366  8.239  7.106  5.881  4.384  3.214  1.765 -0.153 
14.022 12.931 12.043  9.895  8.780  6.692  5.569  3.924  2.705  1.335  0.137 
14.547 12.782 11.189  9.381  8.616  7.345  5.886  4.562  3.091  1.874 -0.215 
14.674 12.870 11.243  9.855  8.825  7.249  5.761  4.259  2.460  1.229  0.264 
14.409 12.953 10.885  9.261  8.396  7.294  5.269  4.077  2.686  1.592 -0.236 
14.389 12.697 11.357  9.849  8.806  6.961  5.740  4.462  2.708  1.173 -0.227 
14.378 12.518 11.095 10.443  8.624  7.141  5.050  4.572  2.871  1.840  0.120 
13.857 13.248 11.104  9.650  8.480  7.535  5.490  4.236  2.391  1.549 -0.306 
14.426 12.815 10.749  9.961  8.467  6.767  5.788  4.251  2.454  1.227 -0.159 
14.386 13.032 11.695  9.749  8.248  7.324  5.623  4.306  3.129  1.063 -0.425 
13.844 13.012 11.135  9.357  8.891  7.338  5.273  3.800  2.854  1.433 -0.024 
13.833 12.398 11.440 10.222  8.619  7.089  6.077  4.247  3.452  1.614 -0.128 
13.830 12.808 11.333  9.515  8.016  7.507  6.145  3.913  2.695  1.802  0.106 
13.902 12.777 11.196  9.747  8.676  7.182  5.562  4.235  2.986  0.530  0.314 
13.803 12.654 11.183 10.460  7.697  7.647  5.499  4.012  2.436  1.155 -0.556 
14.463 12.510 11.094 10.150  8.530  6.799  5.368  3.415  2.668  1.581  0.044 
14.316 12.584 11.667  9.751  8.567  7.881  5.559  4.440  2.413  1.525 -0.096 
13.687 12.743 11.471 10.030  8.039  7.213  5.952  4.497  2.639  1.611 -0.191 
14.136 12.525 10.995  9.520  8.053  6.997  5.950  4.573  2.541  1.429 -0.224 
14.108 12.577 11.426  9.811  8.649  6.516  6.735  4.092  2.383  1.024 -0.059 
13.853 13.095 11.431  9.873  8.335  7.553  5.736  4.521  2.898  1.223 -0.370 
13.585 12.429 11.798  9.492  8.165  7.724  5.631  3.772  3.028  1.240 -0.356 
13.810 12.725 11.081  9.852  8.750  6.781  6.158  4.088  2.857  1.393 -0.109 
14.123 13.051 12.015  9.518  8.754  7.921  5.756  4.953  2.961  2.058  0.469 
13.969 12.635 11.686  9.692  8.314  7.318  5.451  3.814  2.831  1.680 -0.407 
14.092 12.788 11.311 10.162  8.532  7.652  5.539  4.048  2.093  1.656 -0.241 
14.576 12.519 10.933 10.416  8.312  7.161  5.035  4.579  2.450  1.810 -0.276 
14.028 12.914 10.925  9.762  9.594  7.111  5.607  4.456  2.830  1.066  0.369 
13.750 12.848 11.635 10.165  8.331  7.253  5.847  4.409  2.967  0.937  0.043 
14.296 12.941 11.088  9.619  9.087  7.191  5.479  4.149  2.827  1.561  0.062 
14.316 13.233 11.265 10.083  8.501  6.769  5.674  4.520  3.100  1.419 -0.225 
13.515 12.455 10.798  9.865  8.420  6.806  6.123  4.082  3.535  1.046  0.208 
14.435 12.694 11.411 10.168  8.084  7.246  6.291  4.236  2.393  1.584  0.518 
14.071 12.174 11.029  9.292  8.165  6.977  5.522  3.836  2.619  1.437 -0.259 
14.494 12.748 11.021  9.683  8.373  7.062  6.087  4.494  2.679  1.294  0.204 
14.025 12.234 11.892  9.565  8.374  7.386  5.299  3.917  2.503  1.198 -0.487 
14.391 12.473 11.471 10.177  8.679  6.441  5.602  4.107  3.210  1.438  0.358 
14.140 12.729 11.830  9.371  8.059  7.018  5.535  4.570  3.563  1.658  0.105 
14.584 13.138 11.335 10.069  8.160  6.950  5.085  3.849  2.889  1.341 -0.060 
14.058 12.391 11.433  9.852  8.425  7.500  5.926  4.345  2.642  1.300 -0.204 
14.063 12.836 11.157  9.488  8.504  7.566  5.505  4.597  3.353  1.665  0.257 
14.004 12.357 11.677  9.967  8.226  6.873  5.496  4.546  2.347  1.501 -0.147 
14.245 13.558 11.292 10.048  7.908  7.449  5.423  4.014  2.697  1.369  0.216 
14.071 12.813 11.578  9.690  7.643  7.116  5.315  4.350  2.183  1.312  0.077 
13.845 12.406 11.376  9.228  8.568  7.262  5.654  3.804  3.024  1.781  0.618 
14.520 12.362 11.098  9.908  8.417  6.930  5.510  4.129  2.574  1.442  0.042 
14.349 12.957 11.361 10.042  8.468  7.196  5.753  4.003  2.815  0.925 -0.036 
14.271 12.875 11.134  9.684  9.166  7.052  5.744  4.831  3.211  1.124  0.080 
14.295 12.018 11.161 10.019  8.227  7.465  5.811  4.321  2.708  1.411 -0.240 
14.226 12.888 11.691 10.176  7.958  7.007  5.287  4.401  2.493  0.743  0.832 
14.058 13.328 11.289 10.083  8.717  7.760  6.080  4.455  2.602  1.181 -0.049 
14.738 13.027 11.570 10.006  8.271  6.775  5.632  4.041  2.872  1.840 -0.247 
13.955 12.489 11.256  9.554  8.291  6.230  5.294  4.923  2.871  1.622 -0.307 
14.159 12.946 12.376  9.343  8.561  7.093  5.296  4.646  3.080  2.200  0.092 
13.678 12.901 11.814 10.019  8.521  7.280  5.985  4.062  3.024  1.221 -0.024 
13.911 12.974 10.636  9.906  8.462  7.081  5.688  4.210  3.088  0.936 -0.151 
14.837 12.864 11.418 10.470  8.649  7.161  5.728  4.285  2.987  1.079  0.750 
14.186 12.623 11.073 10.319  8.759  7.332  5.872  4.661  2.558  1.428 -0.222 
13.877 12.247 11.390  9.964  9.124  7.375  5.315  4.217  3.236  1.320  0.382 
14.233 13.245 11.362  9.495  8.190  7.435  5.733  3.927  2.599  1.369 -0.041 
14.387 13.187 10.581 10.026  8.427  7.563  5.659  3.860  2.606  2.158  0.232 
14.293 12.322 11.898  9.463  8.451  7.180  5.475  4.171  2.833  1.256 -0.252 
14.231 12.468 11.266  9.602  8.229  7.807  5.592  4.586  2.551  1.387  0.363 
14.261 12.536 11.349  9.670  9.098  7.160  5.821  4.954  2.971  1.535 -0.360 
13.639 12.436 11.325  9.736  9.063  7.523  5.334  4.772  2.911  1.770  0.681 
14.170 12.947 11.967  9.940  8.242  7.214  5.760  3.998  2.942  1.597 -0.145 
13.931 12.695 11.059  9.811  8.654  6.603  5.614  4.499  2.680  1.417 -0.100 
14.438 12.925 10.726  9.823  8.723  6.982  5.869  3.926  2.590  1.051 -0.536 
14.417 12.357 12.067  9.449  8.396  7.377  5.919  3.886  2.794  0.882 -0.045 
14.272 12.973 11.432 10.201  8.465  7.099  6.227  3.523  3.082  1.856 -0.169 
14.516 12.929 10.948 10.049  7.951  6.974  5.906  4.282  2.405  0.894 -0.232 
13.972 13.205 11.609 10.355  8.735  7.109  4.953  4.196  2.367  2.095  0.213 
13.976 13.031 11.354 10.735  8.118  7.189  5.552  4.230  2.349  1.583 -0.056 
14.370 12.317 11.919  9.817  8.716  6.853  5.954  3.703  2.707  1.637  0.229 
13.906 12.953 11.169  9.642  8.099  7.377  5.470  3.803  2.666  2.051 -0.108 
14.563 12.668 10.862 10.085  8.289  7.384  5.015  3.983  3.064  1.535  0.480 
14.386 12.711 11.295  9.167  8.159  6.866  5.854  4.309  2.893  1.400  0.023 
14.264 12.439 10.883  9.607  8.601  7.413  5.985  4.051  2.396  0.979 -0.183 
14.130 12.741 12.180 10.701  8.861  7.435  5.590  4.179  2.604  1.544  0.157 
14.265 12.608 11.882  9.737  8.201  7.163  5.195  3.972  2.345  1.689  0.583 
14.648 13.007 11.499 10.107  8.192  6.734  6.080  3.965  2.769  1.423 -0.041 
14.316 12.532 11.449  9.751  8.811  6.953  4.997  3.988  2.392  1.340  0.121 
14.669 12.231 11.617  9.226  8.042  7.058  5.497  3.854  3.193  1.702 -0.326 
13.828 12.598 11.079 10.219  8.349  7.526  5.172  3.827  3.115  1.515 -0.258 
14.443 12.604 11.458 10.269  8.287  6.972  6.188  4.360  3.070  1.057  0.076 
14.133 12.899 10.791 10.775  8.241  6.949  5.567  4.516  2.735  1.574  0.150 
13.691 12.583 11.289  9.399  8.403  6.721  5.394  3.956  2.796  1.366  0.245 
13.999 13.517 11.501  9.381  8.384  6.463  5.924  4.662  3.200  1.045  0.216 
13.854 12.479 10.907 10.211  8.489  6.403  6.184  4.417  2.652  0.929 -0.183 
14.020 12.726 11.132 10.207  8.367  6.973  6.046  3.894  2.823  2.007 -0.091 
13.923 12.873 12.064  9.622  8.484  7.185  5.703  4.105  2.967  1.112 -0.140 
13.933 12.540 11.100  9.435  8.573  6.949  5.662  4.168  2.836  1.621 -0.144 
14.824 12.737 10.822 10.450  8.114  7.516  5.045  4.572  2.822  1.085  0.183 
14.054 12.624 10.896 10.182  8.788  7.506  5.521  4.420  3.269  1.507  0.439 
14.175 12.849 11.055  9.969  8.982  6.586  5.453  4.103  2.518  1.271 -0.060 
14.177 12.854 11.243  9.982  8.165  7.428  5.950  4.218  3.166  1.589 -0.347 
13.563 12.503 10.955 10.114  9.106  7.008  5.573  3.890  3.139  1.434 -0.584 
14.078 12.380 11.248  9.906  8.217  7.006  6.320  4.782  2.083  1.677 -0.171 
15.059 13.062 10.790  9.964  8.674  7.515  5.257  4.078  2.730  1.649 -0.085 
14.028 12.756 11.485  9.969  8.194  6.940  5.672  3.889  2.693  1.753 -0.153 
13.913 12.437 11.597  9.965  8.781  6.947  5.315  4.491  2.858  1.745 -0.131 
14.344 12.949 11.306 10.455  8.641  6.938  5.326  4.014  3.024  0.628  0.414 
14.464 12.269 11.122 10.074  8.182  6.950  5.366  3.816  2.945  1.692 -0.483 
14.100 13.534 11.217  9.413  8.333  7.153  5.880  4.195  2.942  1.765  0.303 
13.646 13.042 11.535  9.687  8.699  7.448  5.360  3.936  2.751  1.401  0.042 
13.441 12.752 11.087 10.097  7.916  7.589  5.706  4.453  2.970  1.359  0.023 
14.242 12.792 11.480 10.252  8.752  6.804  5.559  4.324  2.575  1.137  0.052 
14.455 13.003 11.824  9.991  8.836  6.926  5.964  3.908  2.839  1.845 -0.044 
14.349 13.138 11.222  9.629  8.246  7.051  5.927  4.344  2.727  1.619  0.240 
14.111 12.581 11.731 10.147  8.539  7.452  5.929  4.333  2.734  1.435  0.320 
13.694 12.732 11.407 10.517  8.654  7.279  5.989  4.800  2.218  1.598  0.028 
14.923 12.342 11.165  9.603  9.245  7.053  5.579  4.732  3.244  1.235  0.074 
14.105 12.620 10.671  9.607  8.538  6.779  6.157  4.358  2.524  0.990 -0.241 
14.123 13.087 11.806  9.915  9.247  6.513  5.627  4.487  2.623  1.729 -0.275 
14.450 12.812 11.450  9.783  9.007  7.349  5.438  4.263  2.693  0.899  0.356 
14.131 12.707 11.085 10.212  8.132  7.036  5.346  3.745  2.528  1.285  0.010 
14.214 12.975 11.411  9.681  8.624  7.436  6.411  4.163  2.668  1.198 -0.204 
14.349 13.057 10.954  9.836  8.571  7.257  5.667  4.348  2.056  1.794 -0.166 
13.377 13.316 11.347 10.401  8.422  7.340  5.524  3.970  2.779  1.062  0.061 
13.525 12.536 11.169  9.588  8.147  7.938  5.973  4.402  2.674  1.804 -0.339 
14.313 13.127 11.901 10.130  8.979  6.853  5.959  3.841  2.821  0.888  0.098 
14.570 12.799 11.221  9.820  8.351  7.067  5.475  4.448  2.562  1.201 -0.086 
15.056 12.603 11.291 10.244  7.764  7.259  5.166  4.262  2.913  1.586 -0.161 
14.112 12.772 11.427  9.602  8.403  7.399  5.597  4.967  2.746  1.744 -0.003 
14.788 12.916 11.606 10.093  8.563  7.276  5.545  3.878  3.039  1.451  0.103 
13.954 12.989 11.423 10.087  8.259  7.304  5.947  3.951  3.165  1.728 -0.356 
13.786 12.803 11.531  9.840  8.006  7.202  5.607  4.134  2.939  0.830  0.187 
14.205 12.346 11.416  9.719  8.537  7.647  5.919  4.417  3.008  1.958  0.094 
14.568 12.740 10.888 10.269  8.586  6.519  5.661  4.004  2.552  1.483 -0.590 
13.970 12.458 11.183 10.131  8.583  7.436  5.692  3.885  3.140  1.895  0.356 
14.646 12.699 11.201  9.521  8.614  6.812  5.823  4.176  2.782  1.743 -0.733 
14.539 13.341 11.155 10.199  8.351  7.251  5.864  4.314  3.444  1.726 -0.651 
14.147 12.461 11.851  9.515  8.404  7.325  5.916  4.081  3.087  1.443 -0.160 
13.786 12.640 11.223  9.788  8.026  7.153  5.825  3.589  2.704  1.464  0.315 
14.102 12.249 11.184 10.453  8.714  6.940  5.252  4.363  3.005  0.593  0.176 
14.488 12.366 11.848 10.321  8.670  6.921  5.496  4.657  3.123  1.382  0.221 
13.784 13.027 11.051  9.661  8.411  6.828  5.173  4.577  2.808  1.225 -0.126 
14.031 13.075 10.902 10.331  8.645  6.897  5.487  4.298  2.527  1.561  0.398 
14.718 12.069 10.967 10.243  7.934  7.668  5.783  4.178  3.429  1.717 -0.389 
14.259 13.131 10.940 10.240  8.291  7.159  5.820  3.995  2.742  1.665  0.226 
14.646 12.181 11.295 10.296  8.696  6.860  5.768  4.683  3.038  1.030 -0.463 
14.222 13.336 11.432 10.265  8.924  6.703  5.610  4.553  3.081  1.396 -0.143 
13.691 12.746 11.649  9.502  8.298  6.990  6.068  4.669  3.291  0.851  0.230 
13.943 12.647 11.626  9.986  8.822  7.013  5.357  3.741  2.251  1.248  0.399 
14.112 12.478 11.447 10.081  7.952  6.700  5.727  4.009  3.217  1.468 -0.296 
14.145 12.985 11.584  9.697  8.506  7.355  6.108  4.666  2.738  1.260 -0.304 
14.425 12.437 11.622  9.964  8.125  6.939  5.990  3.908  2.447  1.570 -0.315 
14.145 13.080 11.359 10.561  8.690  7.293  5.334  4.241  1.933  1.577  0.251 
13.975 12.103 11.472 10.406  8.844  7.692  6.068  4.608  2.984  1.154 -0.371 
14.108 12.961 11.346  9.818  8.572  7.161  5.598  4.785  2.890  1.855 -0.338 
14.016 12.822 11.604 10.193  8.059  7.111  5.839  4.340  2.449  1.361  0.069 
14.782 13.243 11.364 10.201  8.397  7.171  5.966  3.557  2.484  1.639 -0.237 
13.937 12.882 11.591 10.214  8.721  6.921  6.055  3.663  2.601  1.084 -0.104 
14.509 12.876 11.291 10.291  8.418  6.717  5.561  4.346  2.753  1.356 -0.133 
14.271 13.167 11.517  9.902  8.220  7.073  5.899  4.748  2.507  1.496 -0.402 
14.065 12.833 11.360 10.264  8.238  6.808  5.547  4.097  2.996  1.203  0.219 
14.118 13.230 11.487  9.391  8.085  6.970  5.715  4.709  2.950  1.382  0.237 
14.388 13.389 10.860 10.711  8.446  6.694  5.922  4.141  2.588  1.764  0.058 
13.679 13.270 11.102  9.910  8.099  7.494  6.026  3.846  3.191  1.445 -0.347 
14.239 12.808 10.934 10.266  8.622  7.230  6.217  4.102  2.919  1.925 -0.366 
14.301 13.158 11.011  9.919  8.506  7.219  5.190  4.593  2.897  1.179  0.217 
14.379 12.111 11.070  9.972  8.735  7.471  5.579  4.507  2.484  1.674  0.345 
13.496 12.685 11.302  9.828  8.422  6.821  5.517  3.958  2.767  1.295  0.081 
13.889 12.514 10.782  9.920  8.702  7.084  5.720  4.230  2.876  1.988 -0.265 
14.185 12.527 11.058  9.424  8.231  7.139  5.541  4.380  2.648  1.595 -0.647 
13.921 12.437 11.021  9.628  8.453  7.320  5.950  4.460  2.934  0.973 -0.446 
13.983 13.077 11.046  9.779  8.493  7.058  5.773  4.328  2.763  1.495  0.196 
14.141 13.182 10.978 10.322  8.653  7.736  5.836  4.330  2.528  0.846 -0.350 
14.141 12.947 11.162  9.262  8.104  7.587  6.282  3.784  3.089  2.053 -0.416 
14.145 12.800 11.298  9.872  8.801  7.153  5.504  4.938  2.993  1.323  0.224 
13.755 13.114 11.389  9.587  8.151  7.666  5.684  4.263  2.635  1.411  0.264 
14.484 12.945 10.969  9.867  8.726  7.307  5.755  4.028  3.174  1.168 -0.260 
14.154 11.950 11.399  9.937  8.654  7.081  6.216  3.862  2.694  0.943 -0.310 
13.955 12.576 11.342 10.436  7.977  6.813  5.949  4.210  2.475  1.247 -0.095 
14.359 12.527 11.681  9.779  8.507  7.001  5.797  3.861  2.605  1.236 -0.031 
13.884 12.311 11.208 10.019  8.413  6.535  5.328  4.209  3.315  1.528  0.123 
13.866 12.145 11.008 10.220  8.414  6.870  5.562  4.502  2.668  0.798  0.059 
13.993 12.836 11.229  9.854  8.436  7.068  5.724  4.279  2.970  1.475 -0.302 
14.068 12.386 11.544  9.843  8.447  7.084  5.216  4.613  2.555  0.701 -0.439 
14.197 12.873 11.325 10.789  8.327  7.574  5.689  4.004  2.922  1.162  0.168 
14.324 12.829 11.227 10.185  8.827  7.530  5.290  4.424  2.396  1.430 -0.077 
13.958 12.970 11.875  9.973  8.195  6.765  6.059  4.425  3.035  2.065 -0.188 
14.448 13.108 11.512  9.737  8.428  7.685  5.774  4.318  2.417  1.407  0.227 
14.435 12.578 11.141  9.930  8.567  7.001  5.706  4.190  2.283  1.482  0.120 
14.248 11.938 10.891  9.917  8.500  6.935  5.109  4.248  2.842  1.076 -0.497 
14.357 12.781 10.916  9.586  8.161  7.094  5.455  4.055  2.352  1.246  0.701 
14.163 12.067 11.197  9.957  8.113  6.493  5.580  3.847  2.340  1.263  0.213 
13.762 13.491 11.627  9.905  8.108  8.025  5.112  4.124  2.581  1.071  0.007 
13.999 12.404 11.585  9.656  8.798  7.460  5.506  3.724  2.848  1.748  0.139 
14.461 12.348 11.560 10.247  8.948  6.937  5.330  3.999  3.119  0.941 -0.677 
13.509 12.882 11.282 10.010  8.797  7.237  5.871  4.301  3.434  1.205  0.023 
13.788 12.840 11.339 10.244  8.868  6.902  5.974  4.923  3.108  1.328  0.067 
14.238 12.215 11.113  9.682  8.382  6.739  5.853  4.019  2.562  1.225  0.057 
14.344 13.050 10.782  9.718  8.556  6.929  5.701  3.543  2.880  1.557 -0.269 
14.139 12.079 11.512  9.652  8.935  7.287  5.359  4.295  2.412  1.269  0.050 
14.318 13.004 11.285 10.289  8.308  7.042  6.048  4.146  2.728  1.726  0.256 
14.108 12.651 11.717  9.993  8.492  7.646  5.631  4.255  2.798  0.917  0.526 
13.976 12.948 11.559  9.710  8.096  6.654  5.836  4.736  3.282  1.401  0.250 
14.224 12.944 11.335  9.807  8.752  7.454  5.957  4.384  2.406  1.429  0.268 
13.570 12.670 11.263  9.824  8.258  6.853  5.510  4.822  3.003  1.385  0.015 
14.378 13.163 11.382 10.224  8.890  7.254  5.895  3.820  3.357  0.756  0.049 
14.032 13.072 11.386  9.660  8.103  6.910  5.529  4.270  2.889  1.918 -0.182 
14.054 12.535 11.279 10.004  8.914  7.884  6.209  4.433  2.784  1.811  0.280 
14.149 12.694 11.747  9.904  8.859  7.027  5.531  4.752  3.019  1.517 -0.279 
13.979 13.444 11.416  9.873  8.947  6.795  4.878  3.774  2.228  0.894  0.079 
13.959 13.039 11.369  9.565  8.975  7.290  6.391  4.032  2.188  1.321  0.050 
13.836 12.234 10.990  9.942  8.629  7.022  5.446  4.051  2.640  0.727  0.258 
13.991 12.762 10.740 10.409  8.775  6.794  5.738  4.704  3.149  1.559 -0.462 
14.257 13.262 11.558  9.973  8.857  7.149  5.509  4.133  2.707  1.062 -0.034 
14.376 13.432 11.383 10.038  8.563  7.380  6.164  3.561  3.119  1.370  0.400 
13.641 12.801 11.619  9.260  8.324  7.116  6.001  4.858  2.817  1.892  0.094 
14.052 12.429 10.985  9.741  8.705  6.836  5.451  4.650  3.103  1.464 -0.615 
14.333 12.510 11.759  9.977  8.804  7.012  5.831  4.801  2.835  1.572  0.122 
14.723 12.745 11.513  9.859  8.274  7.047  5.623  4.221  3.219  1.468  0.459 
15.095 12.163 11.057 10.089  8.544  6.860  5.801  4.406  2.516  1.593 -0.076 
14.318 12.680 11.153 10.057  8.182  6.757  5.878  3.984  2.929  1.906 -0.667 
14.115 13.613 11.078  9.188  8.415  6.818  6.145  3.786  3.206  1.628 -0.213 
14.027 12.673 11.456  9.796  8.818  7.215  5.946  4.202  2.976  1.310  0.350 
13.589 12.865 11.225  9.795  8.427  6.920  5.908  3.990  2.862  1.299 -0.314 
14.571 12.457 11.245 10.431  8.969  6.844  5.598  4.745  2.715  1.329  0.426 
14.158 12.262 11.536 10.251  8.713  7.176  5.809  4.359  2.498  1.504  0.584 
13.794 12.435 11.714 10.119  8.462  7.120  5.553  4.238  3.409  1.416  0.148 
14.174 13.016 11.452  9.964  8.667  7.781  6.066  4.069  3.021  1.139 -0.257 
13.563 12.766 10.622 10.038  8.361  6.792  5.774  4.438  2.627  1.549 -0.284 
13.824 13.090 11.150  9.683  8.511  7.160  6.090  3.960  2.596  1.415 -0.416 
14.877 12.940 11.299  9.949  8.150  6.970  6.410  5.014  2.930  1.619 -0.169 
14.542 12.784 11.342 10.160  8.658  6.762  5.554  4.494  3.069  1.475  0.112 
13.795 12.606 11.527  9.270  8.227  7.386  4.949  3.542  2.918  0.833  0.015 
14.258 12.648 11.059 10.100  8.802  7.160  5.903  3.441  2.768  1.710 -0.314 
14.560 12.694 11.387  9.916  8.566  6.748  5.588  4.475  3.280  1.101  0.010 
14.337 12.251 11.172 10.013  9.008  7.343  5.839  4.000  2.894  1.836  0.015 
14.602 12.506 11.318 10.514  9.254  6.880  5.685  4.122  2.366  1.454  0.588 
14.341 12.549 10.860  9.936  8.157  7.001  5.964  4.230  2.648  0.940  0.833 
14.335 12.591 11.541 10.318  8.433  6.838  5.363  3.951  2.609  1.204  0.532 
14.086 13.179 10.977  9.614  8.908  7.044  5.757  3.802  2.508  1.034 -0.028 
14.360 12.603 11.588  9.902  8.582  7.388  5.548  4.021  3.708  1.192  0.297 
13.991 12.487 10.862  9.900  8.692  7.135  5.635  4.190  2.770  0.750 -0.625 
13.809 12.737 10.988  9.928  8.808  7.749  5.379  4.500  3.196  1.383 -0.125 
14.468 12.306 11.705 10.393  8.340  6.976  5.722  4.258  2.841  1.802  0.278 
14.495 12.735 11.627  9.972  8.846  6.945  5.242  4.715  2.745  1.872  0.235 
14.644 12.891 11.219  9.289  8.653  6.877  5.414  4.539  2.906  0.793 -0.333 
13.779 12.669 10.907 10.356  8.418  6.501  6.098  3.558  3.053  1.425 -0.188 
14.494 12.834 11.003 10.355  8.201  6.941  5.775  4.578  2.565  1.460 -0.010 
13.917 12.723 10.784  9.789  8.515  6.801  5.680  4.623  2.682  1.678  0.071 
14.029 12.968 11.334  9.622  9.143  7.580  5.519  4.374  2.969  1.649  0.269 
14.174 12.269 11.526  9.654  9.342  7.195  5.673  4.603  2.155  1.060  0.303 
14.666 12.795 11.335 10.115  8.153  7.623  5.651  4.747  2.975  1.567  0.157 
14.324 12.559 11.700  9.635  8.560  7.116  5.694  4.505  3.080  1.260  0.078 
14.220 13.060 10.955  9.567  8.936  7.278  5.790  4.171  2.708  1.503  0.364 
14.102 12.968 11.007  9.765  8.373  6.824  5.313  4.584  3.152  1.621  1.025 
14.116 12.860 11.491  9.575  8.318  6.555  6.128  4.180  2.508  1.297  0.014 
14.210 13.557 11.287  9.839  8.908  7.213  5.259  4.065  2.834  1.256  0.095 
14.532 12.783 11.801 10.492  8.077  7.897  5.495  3.577  2.807  0.513 -0.145 
13.873 12.392 11.606  9.919  8.044  6.713  5.470  4.095  3.207  1.148  0.104 
14.486 12.929 11.081  9.751  8.614  7.376  5.519  4.303  2.751  1.552 -0.017 
13.929 12.433 11.533  9.603  8.201  7.470  5.805  3.844  2.757  1.729 -0.087 
14.377 13.249 10.811  9.721  8.724  6.686  5.658  4.102  3.395  0.876 -0.193 
13.987 13.013 11.309  9.906  8.300  6.873  6.242  4.585  2.766  1.034  0.162 
14.075 13.183 10.866 10.068  8.318  7.003  6.233  3.948  2.766  1.671 -0.116 
14.753 12.908 11.476 10.407  8.129  6.155  5.854  4.665  2.928  1.607  0.153 
14.349 12.662 11.276  9.665  8.365  7.018  5.828  4.200  2.775  1.396 -0.068 
13.590 12.699 11.697 10.191  8.026  7.079  5.892  4.885  3.139  1.464  0.123 
14.305 12.958 11.247 10.172  8.731  7.222  5.778  3.781  3.086  1.606  0.712 
14.391 12.762 11.992 10.128  8.138  6.848  5.710  4.063  2.553  1.002 -0.292 
14.274 12.815 11.237  9.783  8.834  6.634  5.934  4.435  3.099  1.448 -0.567 
14.454 12.590 10.917 10.189  8.251  7.252  5.434  3.787  2.955  2.154 -0.097 
14.293 12.738 10.973 10.503  8.490  7.235  6.156  3.927  3.232  1.215  0.241 
13.842 12.629 11.122  9.765  7.998  7.237  6.006  4.261  2.541  0.928  0.141 
14.133 12.549 11.600 10.059  9.129  6.760  5.868  4.131  3.167  1.620  0.096 
14.248 13.075 11.881  9.753  8.134  6.801  5.781  4.406  2.831  1.449  0.082 
13.858 12.144 11.764 10.000  7.989  7.036  5.611  4.880  2.486  1.219  0.243 
14.057 13.351 11.689  9.860  8.593  6.861  6.021  3.686  2.989  1.730  0.754 
14.191 12.932 11.428  9.774  8.503  7.184  5.750  4.351  3.224  2.243  0.092 
13.695 12.781 11.675 10.021  8.641  6.793  5.867  4.474  2.959  1.480 -0.337 
13.983 12.567 11.649  9.838  8.445  7.535  5.953  4.262  2.735  1.252  0.071 
13.673 12.428 11.267  9.625  8.490  7.354  5.716  4.848  2.732  1.281 -0.800 
13.920 12.450 11.284  9.506  8.691  7.084  6.006  4.932  2.647  1.132 -0.240 
14.432 12.831 10.773 10.519  8.705  6.773  5.677  4.218  2.929  1.701  0.139 
13.697 12.722 11.413  9.574  8.154  7.079  5.297  4.579  2.250  1.631  0.279 
13.528 12.599 11.285 10.231  8.469  7.854  5.511  4.360  2.771  1.539 -0.279 
13.901 12.365 11.752  9.910  8.557  7.307  5.942  4.114  2.881  1.829  0.365 
13.778 13.035 11.411 10.310  9.013  7.292  5.662  4.592  2.377  1.515  0.034 
13.317 12.785 10.770  9.270  8.323  7.247  5.178  4.444  2.736  1.724 -0.227 
14.272 12.061 11.349 10.312  8.468  6.830  4.750  4.258  2.980  1.732 -0.048 
13.931 12.779 11.097 10.267  8.693  7.395  5.993  3.772  2.799  0.970 -0.168 
14.122 12.587 11.447 10.663  8.325  7.445  5.323  4.128  2.684  0.994  0.342 
13.798 13.150 11.360 10.255  8.236  6.829  5.375  4.314  2.743  2.080  0.282 
14.513 12.584 11.481  9.639  8.129  7.040  6.036  4.189  3.188  1.335 -0.445 
14.384 12.626 10.823  9.911  8.739  7.529  5.199  3.980  2.678  1.864 -0.278 
13.918 12.999 12.182  9.948  8.451  7.126  5.662  4.193  2.261  1.468  0.029 
14.266 11.895 10.862  9.735  8.373  7.423  5.367  4.864  2.257  1.423  0.469 
14.407 13.280 11.266 10.486  8.600  7.027  6.105  4.183  2.972  1.333 -0.089 
13.765 12.397 10.944  9.985  8.228  7.229  5.582  4.064  2.729  1.348 -0.059 
14.783 12.446 10.846  9.895  8.583  6.880  5.395  4.371  2.859  1.511 -0.013 
14.144 12.736 11.705  9.873  8.380  7.286  5.140  4.607  3.121  1.384 -0.152 
14.458 12.705 11.449  9.999  8.225  6.224  5.663  4.535  2.371  1.540  0.476 
13.966 12.816 11.487 10.038  9.043  7.445  5.655  3.695  2.746  1.509 -0.230 
13.877 13.162 11.622  9.719  8.833  7.116  5.559  4.834  2.713  1.774 -0.288 
14.243 13.090 11.568 10.123  8.707  7.189  5.599  4.374  3.044  1.325 -0.496 
14.302 12.701 11.658 10.252  8.752  7.318  5.704  4.143  2.449  1.269  0.094 
14.197 13.011 11.140  9.474  8.635  7.166  5.474  4.334  2.979  1.738  0.704 
13.491 12.256 11.300 10.768  8.392  6.866  5.705  4.058  2.912  1.010 -0.238 
14.410 12.915 11.156 10.315  8.819  6.887  5.844  4.557  3.575  1.749 -0.461 
14.085 11.961 10.841  9.847  9.207  6.744  6.400  4.704  3.135  1.582  0.219 
14.628 12.697 11.267 10.250  8.797  7.358  5.918  4.263  3.136  0.802  0.086 
14.542 12.907 11.022  9.718  8.568  7.535  5.771  4.042  2.560  1.743  0.447 
14.449 12.595 11.272  9.980  8.549  7.377  6.030  4.605  3.260  2.076  0.235 
14.329 12.775 10.699 10.274  8.343  7.322  5.785  4.356  3.063  1.518  0.033 
13.825 12.627 11.096 10.006  8.247  7.363  5.086  4.230  3.224  1.257  0.588 
13.546 13.171 11.318 10.038  9.116  7.205  5.675  4.660  2.959  1.679  0.054 
13.804 12.788 11.709  9.864  8.622  7.290  5.930  4.588  2.155  0.983  0.033 
13.672 13.177 11.287 10.061  8.505  6.814  5.837  4.176  2.582  1.384 -0.311 
14.404 12.628 11.376 10.347  7.906  6.845  5.758  4.461  3.438  0.978 -0.066 
14.270 12.746 11.223 10.048  8.894  6.800  5.000  4.500  3.405  1.291 -0.187 
14.217 12.816 11.737  9.508  8.348  6.824  5.881  4.464  3.146  2.023  0.838 
14.071 12.717 11.788 10.051  9.100  6.852  5.653  4.090  2.678  1.342 -0.518 
13.951 12.881 11.479 10.084  7.985  7.286  5.276  3.804  2.065  1.263 -0.160 
14.210 12.651 10.988  9.760  9.173  7.148  5.374  4.000  2.792  1.564 -0.112 
14.303 12.712 10.947 10.035  7.981  7.491  5.794  4.251  2.938  1.848 -0.164 
14.229 12.741 11.459  9.967  8.828  6.797  5.238  3.895  3.011  1.565 -0.519 
14.507 13.438 10.926  9.920  8.133  7.125  5.642  4.440  2.449  1.961 -0.230 
14.365 12.981 11.382  9.691  8.413  7.023  5.608  4.232  2.700  1.855 -0.001 
13.857 12.610 11.277  9.795  8.449  8.320  5.265  4.396  3.029  2.041 -0.446 
14.066 12.890 11.828  9.765  8.688  7.025  5.537  4.152  2.974  1.462  0.395 
14.639 12.515 11.466 10.446  8.611  6.857  5.798  4.726  3.034  1.194  0.278 
13.955 13.484 10.836  9.903  7.902  6.937  5.542  4.526  2.753  1.465  0.518 
14.255 12.874 11.242  9.901  8.190  7.047  5.583  4.129  2.667  1.352 -0.154 
14.160 13.184 11.041  9.617  8.671  7.453  5.185  3.639  2.518  1.758 -0.306 
14.221 13.188 11.320  9.437  8.591  7.394  5.742  4.454  2.888  1.053  0.266 
14.529 12.929 11.323 10.139  7.955  6.382  5.938  4.070  2.795  1.313 -0.362 
14.330 12.937 11.189  9.761  8.197  6.344  5.327  4.337  3.216  1.265  0.489 
14.141 13.211 11.510  9.994  8.432  7.223  5.681  3.754  2.496  1.685 -0.244 
14.330 12.049 11.531  9.880  8.890  7.559  5.218  4.101  3.242  1.992  0.403 
13.725 12.474 11.245  9.607  9.151  6.884  4.782  4.145  2.748  1.283  0.149 
14.113 13.140 11.995  9.741  8.366  6.321  5.685  4.508  2.723  1.368 -0.496 
14.141 13.126 11.642  9.370  8.445  6.845  6.336  4.513  2.965  1.176 -0.712 
14.447 12.432 11.112  9.870  8.352  7.594  5.497  4.025  2.436  1.459  0.702 
14.224 12.260 11.452  9.708  8.705  7.282  5.481  4.313  2.850  1.155  0.030 
13.996 12.504 11.261 10.066  8.761  7.827  5.972  4.395  2.763  1.189 -0.102 
14.284 12.541 11.169  9.610  8.147  7.082  5.966  4.510  3.425  1.112 -0.421 
13.742 12.633 11.236  9.986  8.321  6.928  5.639  4.688  3.035  1.635 -0.407 
13.932 12.572 11.134  9.875  8.658  7.199  5.875  4.173  2.559  1.264  0.208 
14.137 12.608 11.534 10.215  8.476  7.216  5.934  4.181  2.497  1.258  0.009 
13.810 12.737 10.981  9.649  8.501  6.671  5.826  3.878  2.722  1.866  0.250 
14.119 12.912 11.203  9.391  7.954  6.872  5.386  4.040  2.946  1.741 -0.057 
14.106 13.065 11.413 10.138  8.202  6.722  5.172  4.345  2.989  1.631 -0.292 
13.878 12.502 11.626 10.128  8.572  7.122  5.796  3.835  2.499  1.280 -0.526 
13.819 12.745 11.346  9.678  8.734  7.166  5.795  4.829  2.679  1.374 -0.174 
13.670 12.610 10.630 10.209  8.488  7.196  5.053  4.436  2.333  1.918 -0.119 
14.204 13.070 11.143 10.117  8.946  6.946  5.331  4.042  2.360  2.315 -0.436 
13.413 12.942 11.172 10.707  8.019  7.687  5.393  4.065  3.115  1.479  0.046 
13.464 12.607 11.196  9.810  8.501  6.524  5.979  4.155  2.756  1.080  0.092 
14.207 12.154 11.553  9.978  8.066  7.484  5.284  4.047  2.157  1.292  0.396 
14.099 12.777 11.403 10.122  8.473  6.750  5.667  4.318  2.828  0.707  0.220 
13.848 12.572 11.374  9.986  8.354  7.181  5.707  4.583  2.718  1.429  0.196 
14.424 12.886 11.353  9.774  8.723  7.053  5.649  3.852  2.443  1.466 -0.217 
14.494 13.002 11.486  9.749  8.035  6.910  5.498  4.693  2.723  1.163  0.364 
14.252 12.645 11.439  9.709  8.489  7.649  4.993  4.242  2.776  1.019 -0.057 
13.761 12.441 10.904  9.352  8.268  7.215  6.176  3.969  3.788  1.301 -0.765 
14.474 12.976 11.746  9.774  8.293  6.580  5.542  4.113  2.782  1.450 -0.255 
13.752 12.662 11.254 10.215  8.918  7.346  5.263  4.118  2.652  1.554 -0.182 
14.133 12.877 11.230 10.093  8.892  6.971  5.265  3.911  3.083  0.888 -0.111 
13.830 13.026 11.045  9.887  8.379  7.192  5.060  3.911  2.307  1.236 -0.436 
13.406 13.042 11.399  9.645  8.703  7.100  5.622  4.312  2.455  1.443 -0.273 
14.182 13.279 10.974 10.033  8.797  7.107  5.349  4.573  2.659  1.908  0.120 
13.976 12.616 10.903  9.793  9.076  7.133  5.356  3.949  2.571  1.453  0.168 
14.038 13.087 10.808  9.588  8.375  7.461  5.927  3.929  2.435  1.941 -0.057 
14.150 12.708 11.601  9.611  8.886  6.527  5.991  4.172  2.416  1.553  0.669 
14.314 12.401 11.438  9.823  8.492  7.025  5.777  4.317  2.958  1.854  0.172 
14.203 12.633 10.948 10.153  8.180  6.844  5.927  3.945  2.890  1.587 -0.162 
14.607 13.276 11.873  9.764  8.535  6.840  5.815  4.252  2.384  1.352 -0.588 
13.832 12.321 11.343 10.078  8.671  7.039  5.424  4.081  2.971  1.684 -0.124 
14.049 12.467 10.701 10.011  8.275  7.401  5.722  4.656  2.915  1.349 -0.219 
14.048 13.406 11.312 10.212  8.567  6.562  5.772  4.362  3.043  1.803 -0.590 
13.770 12.664 11.105  9.938  8.023  7.330  5.158  4.199  2.456  0.736  0.084 
14.146 12.784 11.252  9.321  8.528  6.713  5.850  4.474  2.844  1.879 -0.172 
14.193 12.675 11.582 10.459  8.382  6.720  5.582  4.301  2.768  1.224 -0.452 
14.337 13.078 10.896  9.677  9.005  6.679  5.549  4.189  2.143  1.306 -0.528 
14.715 12.592 11.306  9.959  8.775  7.023  5.356  4.340  2.776  1.401 -0.443 
14.029 13.286 11.472  9.637  8.825  7.080  5.191  4.052  3.183  1.741  0.276 
13.808 12.903 11.532  9.880  8.256  7.446  5.132  4.184  3.436  1.413 -0.272 
14.113 12.454 11.202 10.207  8.310  7.101  5.307  4.423  2.503  1.642  0.167 
13.722 13.255 10.800  9.151  8.125  6.858  5.634  4.523  2.654  1.180 -0.031 
13.728 12.540 10.474  9.994  8.233  7.058  5.728  4.341  3.122  1.515  0.194 
13.886 12.213 11.417  9.924  8.656  7.010  5.721  3.642  2.804  1.835 -0.365 
14.325 12.650 11.063  9.767  8.242  6.649  5.601  4.154  2.722  1.483  0.281 
13.613 12.618 11.682  9.488  8.404  6.809  5.932  3.689  3.264  1.354  0.076 
13.829 12.374 11.191 10.081  7.923  6.989  6.028  4.115  2.193  1.068  0.134 
14.342 13.013 11.330 10.490  8.491  7.284  5.675  4.034  2.879  1.645  0.003 
13.952 13.383 11.469  9.742  8.206  6.898  5.064  4.477  3.008  1.365 -0.008 
14.361 12.617 11.375 10.140  8.075  7.181  5.334  4.471  2.816  1.658  0.613 
14.259 12.824 11.150  9.640  8.310  7.031  5.571  4.269  2.665  1.539  0.230 
14.022 12.550 11.210  9.809  8.094  7.411  5.483  3.918  2.688  1.646  0.470 
13.595 13.312 11.185  8.944  8.104  7.247  5.518  4.110  2.970  1.068 -0.253 
14.322 12.226 11.553  9.641  8.316  6.935  5.634  4.192  2.864  0.589  0.219 
14.463 12.812 11.088 10.106  8.264  6.742  5.801  4.153  2.496  1.507  0.211 
14.220 13.006 11.742  9.446  8.635  7.068  6.081  4.209  2.795  0.975  0.260 
13.991 13.064 10.703 10.485  8.286  6.949  6.247  3.774  2.992  1.255 -0.074 
13.823 12.506 11.273  9.134  8.207  7.764  6.296  3.511  2.886  1.467  0.409 
14.233 12.842 11.485  9.725  7.903  6.765  5.602  4.419  2.390  1.511  0.172 
14.306 12.853 11.218  9.820  8.582  7.226  5.534  4.269  2.992  1.464 -0.226 
14.004 12.794 11.770  9.242  8.315  7.128  5.166  4.709  2.777  1.554  0.143 
14.360 12.266 11.074  9.650  8.421  7.072  5.810  4.404  2.754  1.874 -0.216 
14.615 12.966 10.915  9.711  8.647  6.351  5.753  4.621  3.004  1.378  0.036 
14.387 12.761 11.315  9.772  8.772  6.945  5.572  3.845  2.704  0.961 -0.649 
14.097 12.810 11.437 10.180  8.679  7.106  5.397  3.810  3.414  1.377 -0.438 
13.808 13.013 11.521  9.812  8.891  7.337  5.732  4.166  3.083  1.313  0.009 
14.070 13.046 11.198  9.727  8.996  7.379  5.355  3.988  3.127  1.686  0.671 
14.220 12.487 11.805  9.710  8.610  7.292  5.365  4.186  2.715  0.966  0.029 
14.022 12.738 11.382 10.167  8.047  6.734  6.092  3.744  2.708  1.621  0.125 
13.709 12.467 11.745 10.236  8.892  7.262  5.740  4.637  2.636  1.621  0.407 
14.469 12.707 11.534  9.761  7.965  7.299  6.081  4.601  2.892  0.815  0.063 
14.345 13.360 11.386  9.560  8.347  7.510  6.228  4.325  2.922  0.910 -0.456 
13.831 12.544 11.107 10.043  8.748  7.114  4.936  4.706  2.877  1.489  0.229 
13.650 12.857 11.122 10.187  8.570  7.439  6.182  4.092  2.884  0.960  0.711 
14.148 12.835 11.987 10.025  8.074  7.367  5.402  4.481  3.132  1.269 -0.168 
14.189 12.510 11.474  9.674  8.715  6.706  5.870  4.302  2.941  0.765  0.158 
13.906 12.825 11.600  9.810  8.821  6.958  5.791  4.588  2.401  2.351 -0.020 
13.781 12.395 11.110  9.739  8.586  6.852  5.997  4.244  2.539  1.822 -0.180 
13.701 12.722 11.781  9.580  7.965  6.655  5.272  4.447  2.896  1.175 -0.292 
13.511 13.132 10.953  9.732  8.367  7.311  5.143  4.490  2.641  1.152 -0.188 
14.410 13.127 12.434  9.656  8.461  7.140  5.798  4.498  2.403  1.097  0.079 
14.143 12.997 11.426 10.222  7.923  6.971  5.680  4.146  2.483  0.687 -0.060 
13.827 13.064 11.799 10.123  8.476  7.744  5.774  4.890  2.711  1.670  0.129 
14.137 12.681 11.769  9.438  8.597  6.969  5.518  3.812  2.486  1.264  0.408 
14.237 12.768 11.289  9.774  8.808  6.764  5.945  4.653  3.138  1.951  0.235 
14.083 12.553 11.357  9.432  8.527  7.350  5.880  3.842  2.455  1.417 -0.040 
13.977 13.044 11.127  9.848  7.731  7.534  5.385  4.012  3.267  1.691 -0.410 
13.533 12.446 11.583  9.671  7.945  6.778  5.743  3.963  3.083  1.345 -0.296 
14.378 12.931 11.164  9.693  7.875  7.257  5.351  3.924  2.297  1.375  0.350 
13.798 12.568 10.919 10.103  8.599  7.036  6.050  4.215  3.280  1.209  0.188 
14.520 12.607 11.268 10.028  8.400  7.208  6.108  3.883  3.139  1.786  0.020 
14.467 12.879 11.367  9.576  8.327  6.643  5.490  3.875  2.830  1.764  0.324 
13.617 12.262 11.950  9.839  8.121  7.234  5.111  4.422  2.618  1.840  0.047 
13.974 12.531 11.376  9.966  8.555  7.000  5.365  4.218  3.521  1.535  0.224 
14.304 12.547 11.407  9.304  8.494  6.713  5.486  4.108  2.894  1.377 -0.050 
14.527 12.829 11.389 10.394  8.488  7.265  5.898  4.230  3.050  1.243  0.398 
15.072 12.684 11.644  9.998  8.618  7.189  5.895  4.433  2.776  1.026 -0.546 
14.840 12.640 11.403  9.479  8.726  7.147  5.671  4.561  2.559  1.413  0.222 
14.361 12.706 11.675  9.927  8.804  6.913  5.781  3.560  2.497  1.221  0.353 
14.306 12.666 11.064  9.699  8.554  7.096  5.450  4.141  2.716  1.394 -0.027 
14.178 12.930 11.285 10.301  8.034  7.173  5.772  4.244  3.050  1.729  0.245 
13.862 12.385 11.407 10.213  8.702  7.223  5.162  4.572  2.529  1.820 -0.231 
13.506 12.580 11.128 10.088  8.750  7.150  5.587  4.113  2.911  2.104 -0.172 
13.825 12.614 11.130 10.244  8.421  7.117  5.298  4.582  2.440  1.430 -0.161 
13.703 12.910 11.533 10.316  8.263  7.172  5.433  3.513  2.950  1.105  0.165 
14.348 12.858 11.375 10.093  7.919  7.445  5.854  4.054  2.588  1.205 -0.340 
14.566 12.610 11.913  9.941  8.812  7.363  5.607  4.965  3.004  0.847  0.144 
14.268 12.773 10.805 10.185  8.154  7.514  6.234  4.501  2.895  1.078  0.297 
14.239 13.296 11.298  9.878  8.276  7.174  5.714  4.358  2.337  1.050  0.127 
14.365 12.874 11.777  9.561  8.406  7.119  5.415  4.218  3.068  1.706  0.153 
13.793 12.820 10.816  9.369  8.588  7.300  5.359  3.990  2.959  1.300 -0.456 
14.283 12.867 10.969  9.765  8.233  7.469  5.641  3.893  2.487  1.147  0.140 
13.803 12.682 11.330  9.787  9.040  6.714  5.206  4.318  3.182  1.283 -0.289 
14.359 12.963 11.598  9.437  7.942  6.863  5.335  4.635  2.648  0.913 -0.769 
13.739 12.860 11.654  9.861  8.193  6.304  5.809  4.475  2.810  0.973  0.147 
14.099 12.571 10.987  9.632  8.465  6.849  5.086  4.521  2.932  0.352 -0.094 
13.797 12.366 11.245 10.013  8.348  6.636  5.336  4.093  2.415  1.732 -0.120 
14.304 12.854 11.609 10.137  8.772  6.620  6.062  4.707  3.471  1.469 -0.105 
14.370 12.849 11.698  9.683  8.616  7.264  5.661  3.893  3.059  2.108  0.106 
14.854 12.731 11.452  9.883  8.256  7.352  5.492  4.805  2.776  1.305  0.025 
14.464 13.029 11.364 10.383  8.442  7.267  6.022  4.450  2.095  1.850  0.361 
14.534 13.315 11.709  9.730  8.323  7.348  4.952  4.052  2.846  1.502 -0.175 
13.425 13.164 10.935 10.071  8.849  7.258  5.219  4.640  3.019  1.660 -0.465 
14.185 12.797 11.172 10.146  8.294  6.722  5.279  4.261  3.073  1.230  0.556 
14.070 12.243 11.651  9.410  7.947  7.398  5.221  4.291  2.470  1.448 -0.728 
14.585 12.467 11.096 10.430  8.652  6.935  6.014  4.507  2.172  1.045 -0.117 
13.999 12.473 11.249 10.193  8.684  6.592  5.363  4.288  2.812  1.227 -0.311 
14.437 13.161 11.865  9.728  8.391  7.492  5.677  3.838  2.678  1.458 -0.377 
14.018 12.692 11.011 10.135  8.774  6.974  5.719  4.204  2.767  1.707  0.184 
14.486 12.795 11.467 10.176  8.182  7.368  5.502  4.460  2.358  1.503 -0.207 
13.440 12.504 11.538 10.102  9.034  6.851  6.418  4.421  2.858  1.460 -0.045 
13.934 12.924 11.334  9.830  8.681  7.281  5.796  4.071  2.783  1.503  0.305 
13.792 12.967 10.906 10.084  8.279  7.358  5.592  4.358  2.313  1.345  0.553 
14.405 12.491 11.064  9.529  8.314  7.010  6.212  4.592  3.120  1.155  0.562 
13.869 12.532 11.536  9.633  8.583  6.820  5.702  3.616  2.389  1.352  0.233 
13.390 13.052 11.269  9.872  8.629  6.931  5.530  4.459  3.081  1.504 -0.390 
14.798 12.949 11.366  9.734  8.642  6.606  5.101  4.599  2.898  1.586  0.045 
14.320 12.327 11.070 10.084  8.016  6.763  5.792  3.859  3.013  1.487  0.186 
14.320 12.639 11.322 10.013  8.838  7.548  5.600  4.343  3.010  1.719 -0.671 
14.190 12.901 11.504 10.485  7.882  6.398  5.405  4.291  3.157  1.264  0.027 
14.166 12.570 11.252  9.931  7.841  6.606  5.570  3.802  2.391  1.698 -0.193 
14.176 12.738 11.038 10.103  8.471  7.617  5.448  4.207  3.010  1.722 -0.143 
14.442 13.092 11.714 10.326  8.611  6.841  5.417  3.919  2.351  1.900  0.138 
14.092 12.685 11.705 10.019  8.188  7.172  5.298  4.053  2.779  1.286 -0.115 
14.108 12.779 10.962  9.539  8.411  7.023  5.648  4.164  2.312  1.891  0.101 
13.941 12.298 11.293 10.170  7.844  7.099  5.073  3.964  3.037  1.453 -0.147 
14.042 12.991 11.437  9.236  8.946  7.737  5.910  4.306  2.068  1.828  0.493 
13.700 13.395 11.432  9.764  8.253  7.054  5.917  3.837  3.366  1.162  0.531 
14.049 12.394 11.178  9.727  8.387  6.717  5.394  4.006  3.441  1.449 -0.337 
13.668 12.509 11.089  9.311  9.120  7.326  5.830  4.681  3.061  1.372 -0.143 
14.426 12.946 11.096 10.345  8.468  7.346  5.466  4.286  2.761  1.850  0.166 
13.710 12.693 11.281  9.600  8.368  7.347  5.518  5.003  2.406  1.579 -0.026 
14.151 13.109 11.485  9.829  8.533  7.605  5.080  4.437  2.591  0.958 -0.070 
14.774 12.191 11.945  9.939  8.519  7.044  5.968  4.548  2.847  1.442  0.250 
14.138 13.076 11.440  9.799  8.573  7.076  5.444  4.397  2.717  1.494 -0.140 
13.906 12.257 11.469  9.914  8.246  8.034  5.524  3.788  2.584  1.197  0.260 
14.593 12.780 11.592 10.064  8.326  7.355  5.359  4.372  2.908  1.498  0.645 
14.204 12.803 11.298  9.972  8.720  6.637  5.649  3.719  2.899  1.860  0.124 
14.388 12.320 11.351  9.734  8.618  6.918  5.838  4.424  2.583  1.126 -0.253 
13.794 12.762 10.904 10.206  8.644  6.500  6.063  4.519  3.076  1.232  0.678 
13.487 12.364 11.326 10.444  8.862  7.726  5.442  4.248  2.471  1.139 -0.047 
14.220 12.691 11.365 10.669  8.102  6.982  5.787  4.207  2.994  1.782 -0.047 
14.662 12.431 11.188 10.451  8.577  7.169  5.105  4.439  3.352  1.313 -0.210 
14.786 12.603 11.326  9.787  8.274  6.878  5.672  4.300  2.504  1.019  0.230 
14.169 12.919 10.747  9.857  8.837  6.804  5.609  3.914  2.971  1.886 -0.241 
14.830 12.620 11.393  9.861  8.231  7.436  5.465  4.869  2.394  1.879  0.316 
14.048 13.607 11.241  9.982  8.813  6.585  5.585  4.179  3.317  1.409  0.082 
14.229 13.040 11.063  9.937  8.424  7.085  5.720  4.563  2.757  1.154  0.376 
14.322 13.131 11.298 10.055  8.846  6.970  5.822  4.255  2.520  1.334 -0.322 
14.079 12.884 11.556  9.965  8.281  7.514  5.071  4.182  2.973  1.467 -0.180 
13.928 13.233 10.614 10.003  8.021  6.590  5.737  4.654  2.299  1.517 -0.381 
14.361 12.943 11.629 10.070  8.451  6.489  5.535  3.918  2.823  0.950  0.422 
14.068 12.619 11.377  9.370  8.657  7.028  6.061  3.930  2.564  1.289  0.067 
13.972 12.479 10.907  9.678  8.557  6.851  6.454  4.576  2.708  1.876  0.006 
13.907 12.961 11.348 10.061  8.644  7.047  5.662  4.730  3.296  1.453  0.185 
14.896 12.634 11.454  9.502  9.546  6.828  6.116  3.930  2.906  1.692  0.067 
14.586 12.941 11.539 10.228  8.717  6.910  5.579  3.871  2.997  1.207 -0.269 
14.034 12.909 11.146 10.065  8.630  6.839  5.854  4.024  3.341  1.462  0.019 
14.411 12.921 10.985  9.291  8.713  6.873  5.721  4.128  3.032  1.490 -0.716 
14.552 12.898 11.262 10.085  8.252  6.939  5.344  4.272  2.841  1.460 -0.012 
14.342 12.923 10.933  9.339  8.314  7.252  5.638  4.209  2.374  1.945 -0.253 
13.930 12.383 11.602  9.927  8.434  7.125  5.100  3.905  2.748  1.081 -0.047 
13.952 12.833 11.714  9.887  8.142  7.713  4.764  4.191  2.621  1.261  0.026 
13.708 12.810 11.518  9.468  8.790  6.535  5.492  4.128  2.900  1.419 -0.086 
13.810 12.698 10.536  9.761  8.706  7.203  6.179  4.291  2.682  0.816  0.098 
13.795 12.423 11.541  9.908  8.189  6.959  5.709  4.556  2.678  1.331  0.841 
13.821 13.031 11.339  9.421  8.980  6.997  5.918  4.554  2.717  1.642 -0.203 
13.943 13.131 10.835  9.745  8.086  6.396  5.517  4.147  2.658  1.393 -0.409 
13.721 12.520 11.780 10.482  8.216  7.172  5.076  4.491  2.851  1.458  0.124 
14.269 12.787 10.823  9.275  8.317  7.111  6.256  4.213  3.068  1.664  0.250 
14.149 13.228 10.794 10.089  8.887  6.737  5.963  4.410  3.420  1.267  0.310 
14.114 12.374 11.336  9.980  8.067  6.804  5.732  4.027  2.265  1.562  0.162 
14.031 13.019 11.297  9.496  8.633  7.069  6.232  3.740  2.940  1.309  0.054 
14.075 12.637 11.166 10.216  8.196  7.012  5.377  4.095  2.675  1.652  0.456 
13.914 13.008 10.961 10.282  8.716  7.375  5.133  4.877  2.543  1.353  0.267 
13.677 12.454 10.818 10.363  8.237  7.006  5.789  3.967  3.283  2.080  0.135 
14.366 11.908 11.598  9.694  8.505  7.434  6.500  4.001  2.780  0.945  0.510 
14.086 13.014 11.156  9.994  8.539  7.023  5.049  4.211  2.786  0.971 -0.167 
14.588 12.311 11.496 10.698  8.599  7.567  5.343  4.508  3.116  1.945 -0.497 
14.282 12.308 10.996  9.884  9.111  6.662  5.624  4.441  2.870  1.602 -0.210 
13.624 12.742 11.211  9.353  7.968  6.890  5.917  4.170  2.831  1.217 -0.059 
14.002 12.728 11.978  9.701  7.953  7.356  5.434  3.966  3.048  1.827 -0.273 
14.430 12.596 11.617 10.284  8.284  7.397  5.704  4.082  3.236  1.547  0.014 
14.084 12.913 11.198 10.351  9.101  7.371  4.975  4.184  2.926  1.282 -0.064 
14.279 12.941 11.275 10.240  8.799  6.987  4.767  4.467  2.865  1.211  0.125 
14.221 12.316 11.633  9.556  8.246  7.019  5.481  3.846  2.631  1.471 -0.454 
14.216 11.976 11.175  9.733  8.521  6.734  5.599  5.330  2.938  1.265  0.419 
13.746 12.796 11.598  9.972  8.988  7.056  5.846  3.810  3.209  1.300  0.142 
13.977 12.120 11.172  9.622  8.854  7.140  6.275  4.072  2.641  1.066  0.141 
13.984 12.900 11.622  9.639  8.641  7.432  5.486  4.760  2.537  1.407  0.229 
14.396 12.680 10.859 10.558  8.743  7.147  6.382  4.839  2.607  1.400 -0.245 
13.795 12.775 11.036  9.712  8.084  6.586  5.006  4.725  2.960  1.596 -0.134 
13.564 13.262 11.353  9.493  8.159  7.638  5.445  4.590  2.714  1.748 -0.006 
13.970 13.137 11.921  9.524  7.955  6.951  5.305  4.459  2.395  1.509 -0.297 
14.095 13.008 11.872  9.809  8.672  7.639  5.426  4.256  2.888  1.726 -0.176 
15.045 12.400 11.689 10.473  8.571  6.327  6.020  4.194  2.848  1.307  0.083 
13.813 13.139 11.076  9.476  8.453  7.253  5.664  4.597  2.828  1.586  0.188 
13.672 12.451 11.154  9.952  8.383  6.767  5.983  4.391  2.708  1.068  0.183 
14.131 12.576 10.991 10.489  8.425  6.581  5.660  4.235  3.009  1.435 -0.479 
14.318 12.722 11.581 10.162  8.265  6.872  5.668  4.556  3.291  1.227  0.189 
13.973 13.227 11.429  9.707  9.083  6.790  5.368  4.617  3.027  1.226  0.623 
13.724 12.681 11.277  9.907  8.749  6.485  4.548  4.482  2.543  0.894 -0.282 
13.802 12.476 10.877 10.312  8.351  6.847  5.555  3.544  2.998  1.530  0.180 
14.547 12.774 11.477  8.950  9.091  6.884  5.739  3.989  2.453  1.716  0.150 
14.484 13.447 11.261  9.900  7.757  7.233  5.475  4.008  2.480  1.746 -0.065 
14.109 12.943 10.996 10.135  8.692  7.803  5.763  4.251  2.862  1.545 -0.221 
14.815 12.307 11.269 10.342  8.570  7.535  5.787  4.471  3.145  1.636  0.265 
14.402 12.354 11.530  9.366  8.296  7.316  5.635  4.287  2.335  1.293  0.499 
14.144 12.900 11.582 10.071  8.500  7.017  5.526  4.660  3.324  1.274 -0.083 
14.255 12.831 11.291  9.791  8.983  6.737  5.601  4.037  2.484  1.728 -0.327 
14.496 13.208 11.066  9.819  8.465  7.204  5.405  4.001  2.302  1.102 -0.168 
14.247 12.937 11.095  9.981  8.587  7.633  5.649  4.741  2.853  0.939 -0.047 
14.472 12.697 11.255  9.622  7.710  7.202  5.465  4.359  2.917  1.398  0.055 
14.487 12.003 11.363 10.113  8.564  7.361  5.821  3.834  3.064  1.590  0.017 
14.363 13.511 11.123  9.844  8.544  7.587  5.369  4.968  3.001  1.615 -0.114 
14.113 12.532 11.065  9.669  8.359  6.787  5.704  4.321  2.603  1.325 -0.117 
14.696 12.643 11.213 10.056  8.790  7.919  5.904  4.452  2.399  1.812 -0.125 
14.665 12.761 11.149  9.574  8.279  6.895  6.017  3.656  3.180  1.165  0.071 
14.659 13.334 11.570  9.451  8.507  7.011  5.383  4.101  2.747  1.979 -0.363 
13.742 12.388 11.855 10.283  8.403  6.802  5.881  4.129  3.025  1.621 -0.235 
14.146 12.829 11.693 10.186  8.336  6.873  6.039  4.797  2.886  1.868  0.458 
14.221 12.171 10.577  9.706  8.243  6.862  5.638  4.518  2.771  1.349 -0.504 
14.073 13.118 11.763 10.052  8.291  6.978  5.469  4.677  3.306  2.214 -0.396 
13.945 12.975 11.325 10.549  8.994  6.686  6.124  3.568  2.770  1.377 -0.414 
14.459 12.627 11.675  9.855  8.393  7.010  4.815  4.350  2.622  1.556  0.300 
13.888 13.102 11.595 10.071  8.455  7.224  5.327  4.266  3.290  1.610  0.112 
13.552 12.720 11.501 10.214  8.778  6.797  5.659  3.282  2.775  1.241 -0.459 
14.391 12.608 10.355  9.784  8.613  7.084  6.120  4.053  2.508  1.453 -0.178 
14.345 12.793 11.421  9.781  8.416  6.953  5.692  3.637  2.258  1.313  0.315 
13.973 12.954 11.459  9.345  8.484  7.255  6.217  3.926  2.462  0.943  0.231 
14.449 12.266 11.925 10.527  8.086  6.713  5.501  4.192  2.788  1.581 -0.018 
14.619 13.451 11.267  9.832  8.493  7.560  5.371  4.424  3.381  1.777  0.557 
14.238 13.325 10.962  9.919  8.426  6.714  5.337  4.668  2.647  1.162 -0.537 
14.604 12.422 11.597  9.525  8.061  7.553  5.524  3.712  3.287  1.504 -0.153 
14.357 12.548 11.436 10.036  8.691  7.553  5.578  4.590  3.594  1.383 -0.368 
13.940 12.866 11.095  9.406  8.165  6.927  5.125  4.307  2.930  1.341 -0.125 
14.496 13.057 11.309 10.100  8.938  6.696  6.095  4.502  3.023  1.186  0.116 
14.271 12.659 11.332  9.866  8.372  7.203  5.603  4.908  3.057  1.206 -0.126 
13.806 12.400 11.241  9.989  9.043  6.802  5.632  4.170  2.740  0.823  0.560 
14.694 12.940 11.017  9.416  8.361  7.322  5.520  4.207  2.402  1.166  0.569 
14.024 12.602 11.502  9.466  8.776  7.383  5.628  4.023  2.353  1.803  0.036 
14.281 13.049 11.492  9.739  8.811  7.581  5.701  4.312  3.365  1.620 -0.502 
14.406 12.905 11.378  9.468  8.991  7.187  5.856  3.774  2.432  1.040  0.341 
14.236 12.995 11.453  9.985  8.795  7.148  5.859  4.207  2.940  1.276 -0.354 
14.367 12.454 11.083 10.506  8.572  7.014  4.698  4.643  2.792  1.254  0.127 
14.398 12.103 11.425  9.342  8.768  7.067  5.478  4.286  2.850  1.021  0.071 
14.331 13.177 11.515 10.356  8.185  6.693  5.433  4.183  2.385  1.128  0.632 
14.168 13.266 11.828  9.622  8.527  7.254  5.699  4.079  2.291  1.721 -0.028 
14.235 13.139 11.723 10.298  8.249  7.442  5.426  4.664  3.088  1.172 -0.120 
13.603 12.653 11.021  9.911  8.632  6.730  5.530  4.379  2.469  1.249  0.399 
13.937 12.178 11.414 10.228  8.561  7.277  6.396  4.104  3.021  1.103 -0.440 
14.006 13.284 11.306  9.447  8.320  7.272  5.803  3.842  3.436  1.324 -0.166 
14.250 11.918 11.428 10.051  8.635  7.079  5.848  4.357  2.904  1.337 -0.142 
13.886 12.662 11.429 10.004  8.078  6.826  5.685  4.332  3.103  1.604  0.270 
13.917 12.338 10.757  9.326  7.903  7.554  5.847  3.902  2.676  1.407 -0.115 
14.176 12.197 11.063 10.405  8.031  7.449  5.249  4.125  3.211  1.953 -0.208 
14.580 12.648 10.544  9.696  8.521  7.079  5.432  4.143  2.703  1.310 -0.462 
13.627 12.360 11.533 10.121  8.340  7.501  5.762  4.195  2.794  1.062 -0.143 
14.236 12.915 11.472 10.119  8.302  7.624  6.134  4.155  3.195  1.348 -0.112 
13.539 12.859 10.870  9.713  8.013  7.471  5.537  3.660  2.496  1.382 -0.536 
13.799 12.810 11.869 10.137  8.377  6.891  5.280  4.639  3.120  1.337  0.600 
14.695 12.656 11.267 10.056  8.341  7.613  5.253  4.649  2.669  1.247  0.304 
14.630 12.770 11.656  9.874  8.173  7.306  5.502  4.057  3.054  1.011 -0.186 
14.101 12.310 11.465 10.045  9.253  7.957  5.846  3.965  2.827  1.246 -0.527 
14.666 13.090 11.892  9.337  8.032  7.169  5.743  4.362  2.755  1.718  0.606 
14.029 12.669 11.194  9.852  8.569  7.228  5.437  4.205  3.154  1.553 -0.197 
14.045 12.894 11.366 10.407  8.539  7.020  6.376  4.603  2.806  1.521  0.347 
14.229 13.013 10.859 10.487  8.578  6.857  5.375  4.394  3.104  1.086 -0.419 
14.338 12.336 10.803  9.886  8.696  7.148  5.837  4.009  2.641  1.167 -0.672 
14.149 12.680 11.507 10.576  8.591  7.368  5.364  4.048  2.455  0.525  0.088 
14.338 13.102 11.258  9.744  8.499  7.021  5.378  4.374  2.957  1.506 -0.266 
13.393 12.770 11.048  9.903  8.382  7.026  5.341  4.978  2.604  1.107 -0.427 
14.225 12.522 11.433  9.921  8.580  6.902  5.927  4.409  2.608  1.062  0.197 
14.402 12.756 11.900  9.977  8.536  7.276  5.484  4.015  2.476  1.447  0.473 
14.070 12.506 11.001  9.708  7.632  7.289  5.572  3.713  3.393  1.401  0.052 
14.394 12.911 11.294 10.208  8.181  6.859  5.680  4.871  2.511  1.270  0.002 
13.800 12.934 11.438 10.020  8.192  6.409  6.045  4.491  3.119  1.642  0.128 
13.805 13.572 11.557 10.110  8.503  7.175  5.670  4.237  2.895  1.418 -0.414 
13.686 12.793 11.400  9.259  9.066  7.101  5.293  4.412  3.086  1.765 -0.081 
13.617 12.601 11.021  9.703  8.834  7.208  5.533  3.912  2.110  1.733 -0.110 
14.550 12.737 11.321 10.050  8.678  6.994  5.201  4.196  2.672  0.742 -0.246 
14.591 12.507 11.348  9.805  8.660  7.213  5.983  4.090  2.891  1.669 -0.250 
14.386 12.727 11.268  9.902  8.963  7.477  5.976  4.111  2.998  1.632 -0.036 
14.411 12.638 11.667  9.467  8.473  6.853  5.832  4.452  2.350  0.922 -0.040 
14.224 12.928 10.758  9.776  8.069  7.306  6.305  4.541  2.990  0.862 -0.032 
13.426 12.602 11.124  9.613  8.653  7.536  5.942  4.398  3.189  1.169  0.216 
13.868 12.894 11.327  9.471  8.565  7.014  5.784  3.868  3.332  2.105  0.537 
14.002 12.532 11.240  9.487  8.796  7.145  5.720  4.365  2.599  1.867 -0.338 
14.111 12.962 11.270  9.809  8.436  6.952  5.271  4.535  2.705  1.360 -0.152 
14.354 13.374 11.092 10.092  8.319  6.870  5.962  4.392  2.538  1.183 -0.749 
14.468 12.279 11.614  9.775  7.681  7.168  6.108  4.708  2.562  1.710 -0.075 
13.684 12.182 11.516  9.873  8.525  6.757  5.489  4.248  3.529  1.249  0.245 
14.075 12.751 11.277 10.211  8.407  7.118  5.245  4.662  3.325  1.273 -0.350 
14.403 12.113 11.180  9.503  7.968  6.422  6.418  4.260  2.514  1.472 -0.289 
14.406 12.565 11.469  9.861  8.680  7.257  5.673  3.978  2.736  1.551 -0.224 
14.179 12.697 11.644 10.744  8.000  7.248  5.417  4.567  3.001  1.509  0.077 
14.088 12.851 11.234  9.892  8.036  7.261  5.890  3.658  3.094  1.328 -0.298 
14.489 12.624 11.200 10.126  8.386  6.783  5.673  3.912  2.507  1.312  0.224 
14.089 12.953 11.522  9.139  8.844  7.101  5.925  4.676  2.216  1.198  0.074 
14.224 12.953 11.301  9.742  8.442  6.863  5.440  4.035  3.305  1.870  0.006 
14.457 12.761 12.058  9.527  8.627  7.169  5.371  4.524  2.606  1.141 -0.027 
14.302 13.031 11.132 10.233  8.356  6.882  5.945  3.740  2.242  1.614  0.137 
14.520 12.967 11.042  9.833  7.954  7.109  5.547  4.716  3.067  1.506  0.107 
13.988 12.719 11.884  9.636  8.168  7.134  5.329  4.878  3.101  1.148 -0.160 
14.092 12.893 10.689  9.823  9.065  7.094  5.667  4.936  2.180  1.370  0.319 
13.706 12.880 11.430  9.729  8.657  6.690  5.538  4.305  2.559  0.970 -0.184 
13.983 12.930 11.536 10.240  8.783  6.972  5.489  4.556  2.095  1.820  0.508 
13.818 13.102 11.284  9.928  7.811  6.847  5.897  4.215  2.823  1.836  0.295 
13.807 12.536 11.104  9.839  8.636  6.779  5.190  3.794  2.966  1.550 -0.202 
14.351 12.308 11.644  9.848  8.354  6.767  6.071  3.791  2.719  0.693  0.446 
14.255 12.739 10.724  9.918  8.258  6.754  5.286  4.191  3.148  1.829 -0.219 
14.416 11.723 10.775  9.592  8.700  6.664  5.473  4.779  3.157  1.870  0.156 
14.131 13.046 11.391  9.341  8.672  6.906  5.131  4.374  2.552  1.181 -0.102 
13.678 12.482 11.099  9.840  8.132  6.641  5.513  4.188  3.284  1.732 -0.604 
13.817 12.472 11.005  9.941  7.605  7.520  5.182  4.781  2.808  1.308  0.124 
13.949 13.257 11.784  9.721  8.107  7.828  5.674  4.237  2.959  1.143  0.231 
13.843 12.651 11.319  9.813  8.086  7.062  5.453  4.601  2.234  1.898  0.167 
14.039 12.414 10.989  9.558  8.582  7.318  5.789  4.291  3.166  1.586  0.725 
14.247 12.674 10.912 10.120  8.531  6.893  5.617  3.752  3.162  0.996 -0.122 
14.325 12.946 10.717  9.671  8.311  6.922  5.473  4.332  3.190  1.813 -0.128 
