10.617  9.255  7.864  7.581  6.964  7.542  7.450  7.678  8.310  8.947  9.906 
 9.812  9.031  8.095  7.413  6.678  7.004  7.306  7.417  8.492  8.819 10.337 
10.378  9.552  8.594  6.693  7.185  7.499  7.400  7.817  8.716  9.230 10.225 
10.111  8.725  8.208  7.573  7.261  6.636  7.267  8.164  7.956  9.502 10.278 
 9.790  8.900  8.427  7.944  7.421  6.668  7.265  7.801  8.380  9.372  9.808 
 9.781  9.183  8.486  7.923  7.719  7.214  7.207  7.667  7.947  8.994 10.259 
10.079  9.208  8.328  7.800  7.302  7.108  6.767  7.950  8.247  9.273 10.057 
 9.900  8.917  8.544  7.631  7.664  6.694  7.421  7.419  7.921  8.756 10.267 
 9.487  9.380  7.991  7.781  7.178  6.766  7.103  7.451  8.568  8.953  9.162 
10.330  8.808  8.334  7.572  7.223  6.615  7.459  7.759  8.228  9.413  9.903 
10.566  9.148  7.895  8.170  7.563  7.572  7.194  8.351  8.373  9.404 10.198 
 9.650  9.282  8.618  7.426  6.826  7.173  7.324  8.372  8.451  9.228  9.494 
10.404  9.398  8.206  7.738  7.752  7.611  7.301  7.955  7.876  9.110  9.462 
 9.833  9.406  8.200  7.820  8.108  6.789  7.575  7.826  8.109  9.119 10.376 
 9.633  9.174  8.315  6.607  7.530  8.038  6.797  7.533  8.609  8.955 10.019 
10.031  9.535  8.007  7.810  6.952  6.715  7.028  7.624  8.094  9.514 10.052 
10.446  8.867  8.066  8.104  7.231  7.093  7.307  8.138  7.901  8.968 10.161 
 9.433  8.828  8.083  7.679  7.433  6.581  7.350  7.536  8.650  8.801 10.249 
10.079  9.658  8.290  8.164  7.127  7.087  7.136  7.469  8.924  9.136 10.075 
 9.721  8.889  8.319  7.931  7.321  7.381  7.241  7.871  8.566  8.946  9.766 
 9.651  9.411  8.712  7.387  7.365  7.473  7.475  7.056  8.907  8.587 10.290 
 9.838  8.313  8.519  7.507  6.966  7.216  7.635  7.527  8.508  9.133  9.769 
 9.872  8.606  8.320  8.013  7.360  6.813  7.543  8.129  8.097  9.220  9.850 
 9.555  9.302  8.532  7.587  7.317  7.355  7.317  7.266  8.448  9.001  9.959 
 9.821  9.217  8.141  8.075  6.972  7.377  7.198  7.665  8.109  9.350  9.872 
10.285  9.141  8.101  7.337  7.097  7.373  7.262  7.285  8.335  9.274 10.032 
 9.753  8.879  8.190  7.823  6.802  7.450  7.658  7.518  7.852  9.443 10.446 
10.108  9.899  8.392  7.789  7.314  6.646  7.097  6.896  7.931  9.024  9.936 
10.199  8.627  8.622  7.656  7.469  7.268  6.740  7.728  7.848  8.905  9.944 
10.415  8.997  8.067  7.399  7.408  6.686  7.165  7.414  8.317  8.568 10.423 
 9.992  8.458  7.730  7.426  6.815  7.353  6.985  8.517  8.106  8.664  9.744 
 9.961  9.709  8.313  7.367  6.722  7.053  6.919  7.630  8.285  8.665  9.839 
10.152  9.561  8.005  7.510  7.379  7.315  7.769  7.479  8.165  8.422  9.838 
10.142  9.024  8.216  7.715  7.431  6.543  7.430  7.543  8.375  8.702  9.600 
10.227  9.055  8.514  7.739  7.870  7.044  7.229  7.747  8.813  8.908  9.907 
 9.923  8.653  8.335  7.738  7.370  7.073  7.085  7.531  8.133  9.101 10.388 
 9.652  8.879  8.387  7.163  7.648  6.776  7.673  7.485  7.833  8.700 10.337 
10.239  9.498  7.977  7.710  7.760  6.873  7.591  7.135  8.602  8.644 10.181 
 9.788  9.057  8.429  7.905  6.758  6.619  7.234  7.713  7.943  9.022 10.640 
10.018  8.629  8.671  7.391  7.429  6.488  7.500  7.491  8.612  9.361 10.141 
 9.955  9.211  8.694  7.201  7.733  6.971  7.057  7.468  8.553  9.522 10.119 
10.220  9.484  8.204  7.412  7.100  7.450  6.857  7.618  8.329  9.010  9.621 
 9.912  9.243  8.086  7.831  7.477  6.797  7.162  7.402  7.886  8.948 10.062 
10.244  9.227  7.959  7.522  7.625  6.991  7.739  7.449  7.733  8.972 10.627 
 9.564  9.191  7.819  7.562  7.471  6.635  7.396  7.715  8.615  8.458 10.015 
10.109  9.125  8.300  7.783  7.236  7.408  6.912  7.904  7.741  9.519  9.821 
10.113  9.716  8.689  7.293  7.578  6.830  7.123  7.177  7.914  9.150  9.943 
10.235  9.166  8.277  7.173  7.285  7.540  7.208  7.761  8.425  8.807  9.484 
 9.965  8.351  8.561  7.168  7.125  7.349  7.515  7.161  8.189  9.407 10.168 
10.030  9.052  7.846  7.361  7.359  7.169  7.002  7.520  8.575  8.666 10.378 
10.182  8.881  8.444  8.155  7.461  6.414  6.936  7.922  8.236  8.372  9.624 
 9.954  9.136  8.336  7.508  6.844  6.833  6.915  7.941  8.759  8.246 10.040 
10.287  9.617  7.912  7.408  7.613  7.200  7.092  7.443  8.359  9.613  9.650 
10.046  9.211  7.928  7.873  7.237  7.449  7.046  7.750  8.553  8.745  9.881 
10.577  9.323  7.731  7.681  7.105  7.416  7.907  7.332  7.696  9.312  9.426 
10.171  9.240  7.797  7.872  7.190  7.168  7.121  8.021  8.448  8.960 10.003 
10.420  9.101  8.327  7.786  7.216  7.297  6.658  7.258  8.374  9.169  9.578 
10.407  8.360  8.378  7.357  7.364  7.445  7.032  7.635  8.230  8.540  9.723 
 9.774  8.420  8.698  7.290  6.814  6.830  7.197  7.438  8.193  8.791 10.540 
 9.142  9.147  7.708  7.735  7.549  6.815  7.330  7.735  8.168  9.579 10.349 
10.219  8.458  7.691  7.258  7.438  7.053  7.149  7.762  8.329  9.039 10.368 
10.445  8.975  8.064  7.796  7.539  6.460  7.761  7.652  7.986  8.853  9.697 
10.851  9.056  7.882  7.528  7.051  7.083  7.622  7.813  7.948  8.942 10.036 
 9.492  8.656  7.988  7.743  7.591  7.516  6.780  7.498  7.594  9.366 10.507 
10.022  9.539  8.405  7.837  6.688  7.309  7.126  7.575  8.028  9.525 10.402 
 9.789  8.755  8.584  7.806  7.090  7.093  7.273  7.391  8.217  9.515 10.143 
 9.807  9.056  8.416  7.888  7.268  7.546  6.999  7.739  8.717  8.817 10.389 
 9.439  8.841  8.620  7.524  7.396  7.151  7.685  7.820  7.594  9.603  9.689 
10.300  9.393  8.302  7.453  6.957  6.577  7.196  7.501  8.280  9.252  9.851 
10.192  8.851  8.471  7.531  7.816  6.899  7.198  6.928  8.388  9.101  9.779 
10.018  8.930  8.818  7.499  7.947  6.929  7.429  7.231  8.077  9.186 10.064 
10.506  8.837  8.399  8.132  6.995  6.657  7.403  7.463  8.574  8.987  9.872 
 9.527  9.584  8.364  8.011  7.054  7.091  7.375  7.694  8.088  8.863  9.772 
10.105  9.169  8.250  7.507  7.306  7.107  6.946  7.376  7.939  8.900 10.419 
 9.924  9.366  8.443  8.048  6.949  6.357  6.961  7.594  8.026  9.804  9.733 
 9.944  8.699  7.998  7.769  6.867  7.145  7.170  7.384  7.806  9.359  9.796 
 9.475  9.086  8.357  8.165  6.899  6.693  7.372  7.522  8.472  9.332 10.447 
10.181  9.108  8.674  7.591  7.570  7.226  7.364  7.565  7.733  9.551 10.511 
 9.703  9.297  8.708  7.272  7.117  6.826  7.444  7.401  8.224  9.001  9.995 
 9.950  9.696  8.349  7.440  7.558  7.329  7.470  7.936  8.201  9.167  9.921 
10.603  9.096  8.306  6.992  6.917  6.886  6.801  7.735  8.397  9.243 10.192 
 9.993  9.328  8.500  7.718  7.279  6.656  7.259  7.895  8.786  9.061  9.636 
10.357  8.981  8.146  7.880  7.314  7.120  7.406  7.294  8.143  8.882  9.819 
10.394  9.181  8.550  7.506  7.260  7.591  7.270  7.346  8.560  8.821 10.075 
10.073  9.097  8.124  7.446  7.258  7.055  7.031  7.567  7.675  9.142 10.520 
10.083  9.095  8.319  7.512  7.358  6.943  7.028  8.256  8.272  9.204 10.259 
 9.710  9.028  8.199  7.722  7.282  6.943  6.633  7.568  7.742  8.943 10.329 
10.172  9.207  8.832  7.253  7.744  6.989  7.129  8.262  8.740  8.998  9.591 
10.225  8.999  8.287  7.688  7.126  7.268  7.437  7.466  8.100  9.334 10.038 
10.313  8.912  8.066  7.395  6.860  7.325  7.770  7.333  7.767  8.805 10.132 
 9.894  9.072  8.034  7.249  7.382  7.161  7.206  7.579  8.589  8.969 10.416 
10.393  9.082  8.073  8.517  6.977  7.194  7.376  7.213  8.522  9.049  9.658 
10.584  9.236  8.407  7.972  6.748  6.843  8.290  7.991  7.931  8.530 10.060 
 9.631  9.091  8.239  7.676  6.682  6.835  7.322  8.002  8.051  8.972  9.775 
10.482  9.543  8.524  7.456  7.351  7.002  7.205  7.257  8.091  9.140 10.157 
10.595  8.572  8.203  7.382  6.860  7.665  6.667  7.915  8.514  9.306  9.709 
 9.772  8.883  7.885  7.460  6.620  6.955  8.001  7.961  8.893  8.628 10.309 
10.452  8.684  8.419  7.599  7.442  7.197  7.053  7.523  8.691  8.875 10.255 
10.401  9.232  8.023  7.348  7.030  7.626  7.443  7.898  8.530  8.897  9.411 
10.097  9.352  8.671  7.007  6.862  7.190  7.306  7.486  8.276  9.476  9.702 
 9.584  8.805  8.110  7.757  6.650  7.026  7.158  7.926  7.888  8.372 10.069 
10.506  9.461  8.413  7.478  7.589  7.120  7.720  7.461  8.566  8.760 10.430 
10.436  9.446  8.479  7.725  6.987  6.580  6.907  6.927  8.113  8.629 10.012 
 9.913  9.397  8.394  7.803  7.251  6.680  7.368  7.455  8.568  8.849 10.252 
10.015  8.926  8.440  7.800  6.778  7.063  7.845  7.451  8.111  9.255 10.020 
 9.843  8.746  7.891  7.876  7.481  7.488  7.409  7.812  8.054  9.168  9.647 
 9.768  8.690  8.380  7.607  7.289  7.370  7.026  7.153  8.183  9.042  9.858 
 9.729  9.452  8.681  7.298  7.656  6.991  6.554  7.319  8.578  9.092 10.249 
10.292  9.113  8.532  8.259  7.084  7.205  7.431  8.129  8.395  9.339  9.893 
 9.446  9.168  7.955  7.509  7.618  7.220  7.492  7.397  8.590  8.832  9.761 
10.783  8.616  8.562  7.577  6.932  7.288  6.819  7.691  8.341  9.584 10.020 
10.025  9.180  7.970  7.995  7.564  6.788  6.770  6.830  8.291  8.808  9.687 
 9.717  8.801  7.860  7.436  7.279  6.963  7.106  7.631  8.301  8.668 10.108 
 9.775  9.304  8.366  7.897  7.353  7.228  6.841  7.161  8.135  9.027 10.160 
10.019  9.148  8.398  7.838  6.930  7.120  6.926  7.533  8.345  8.534 10.032 
 8.985  9.008  8.323  7.569  7.361  7.097  7.710  7.805  8.805  8.470  9.839 
 9.640  9.245  7.842  7.202  6.912  7.094  7.254  7.496  8.173  8.846 10.141 
 9.863  9.076  8.700  7.905  7.024  7.184  7.554  7.834  8.143  9.233 10.246 
10.328  8.825  8.092  7.597  6.809  7.500  7.758  7.531  8.056  8.994  9.905 
 9.723  8.560  8.162  7.791  7.100  6.759  7.297  7.565  7.785  9.317  9.446 
 9.984  8.942  7.924  7.958  6.949  6.929  7.178  7.562  8.104  8.818 10.089 
 9.916  9.163  7.995  7.930  7.626  7.357  7.430  7.506  8.911  9.014  9.727 
10.360  9.481  7.712  7.378  6.496  6.980  7.432  7.831  7.740  8.838 10.173 
10.259  9.226  8.293  7.786  7.807  7.037  7.124  7.039  8.388  8.547 10.332 
10.405  9.218  7.940  7.861  6.916  7.218  6.405  7.896  8.033  9.516 10.385 
 9.998  9.251  8.427  8.088  7.555  7.480  7.319  7.434  8.005  9.646 10.305 
10.017  8.468  8.402  7.340  7.195  7.192  7.215  7.662  8.086  8.690 10.090 
10.401  9.561  8.392  7.362  7.554  6.976  7.366  7.188  8.762  9.108  9.459 
10.161  8.927  8.203  7.206  6.744  6.767  7.686  8.380  8.349  8.865 10.106 
10.069  9.500  8.604  7.605  7.394  7.117  6.672  7.813  8.575  9.113 10.571 
 9.709  8.663  8.536  7.895  7.306  7.734  7.047  8.002  8.689  9.113  9.756 
 9.787  9.475  8.169  7.330  6.590  7.264  6.881  7.096  7.759  8.381  9.504 
 9.887  9.234  8.419  7.886  7.036  7.572  7.417  7.781  8.171  9.303  9.972 
 9.960  8.718  8.077  7.859  6.524  6.747  7.307  7.377  8.217  9.167  9.860 
 9.775  9.306  8.069  7.315  7.351  7.036  6.815  7.752  8.141  8.905 10.179 
10.368  9.002  8.124  7.572  6.934  6.980  7.172  8.237  7.435  9.159  9.854 
 9.764  9.307  8.176  7.824  7.611  6.923  7.326  7.569  7.526  8.739 10.461 
10.067  9.066  8.141  7.508  7.334  7.283  6.755  7.700  8.402  8.554 10.202 
 9.807  8.935  8.210  8.229  7.243  6.883  7.570  7.724  8.895  8.970  9.935 
10.310  8.916  7.859  7.499  8.107  7.223  7.468  7.393  7.875  8.927 10.241 
10.170  8.002  8.416  7.998  7.596  6.698  7.686  7.714  8.039  8.170 10.123 
 9.758  8.865  8.189  8.248  6.998  6.987  7.007  8.298  8.637  8.855  9.788 
 9.838  9.138  8.676  8.016  7.140  6.942  6.840  7.598  8.787  9.272  9.917 
10.047  8.792  8.470  7.748  6.866  7.228  7.237  7.555  8.161  9.033 10.141 
 9.788  8.782  7.796  7.355  7.275  7.181  7.169  7.340  8.698  8.844 10.462 
 9.938  9.534  8.343  7.987  6.858  7.226  7.575  7.529  8.351  9.242  9.843 
 9.450  8.619  8.282  7.685  7.168  6.878  6.781  7.742  8.573  8.849  9.515 
10.052  9.005  8.463  7.242  7.111  7.222  7.127  7.998  8.499  9.528  9.878 
 9.896  9.127  7.574  7.587  7.045  6.935  7.570  7.854  8.082  9.723  9.766 
 9.601  9.077  8.700  7.504  7.818  7.162  7.680  8.013  8.203  8.567  9.944 
 9.735  8.884  8.077  7.686  7.381  7.203  7.935  7.680  8.990  8.645 10.856 
 9.796  9.449  8.819  7.234  6.851  7.274  6.794  6.805  8.272  8.864 10.350 
 9.922  8.598  8.369  7.121  7.458  7.038  7.305  7.878  8.356  9.537  9.227 
 9.858  9.040  8.032  7.673  7.203  7.492  6.856  7.556  7.845  9.773  9.629 
10.193  8.968  7.692  7.371  6.945  6.787  7.074  6.764  7.765  9.995  9.954 
10.341  9.164  8.681  7.836  7.224  6.904  6.500  7.621  8.080  9.243 10.000 
10.344  8.995  8.460  7.621  7.754  6.716  7.271  7.488  8.270  8.656 10.003 
10.066  9.105  8.408  7.803  7.654  6.848  7.022  7.871  8.013  8.681  9.606 
 9.700  9.216  8.334  7.171  7.164  7.322  7.140  7.519  8.409  8.657  9.812 
 9.888  9.477  8.310  7.992  6.743  7.312  7.218  7.617  7.808  9.717 10.178 
 9.554  9.238  8.444  8.094  7.347  7.201  7.048  7.843  8.096  8.198 10.021 
10.069  9.422  8.345  7.794  6.856  6.743  6.936  7.517  8.813  8.947  9.911 
10.077  8.863  8.056  8.242  7.129  7.264  7.308  7.611  8.217  8.832  9.797 
 9.487  9.438  8.434  7.745  6.964  7.282  7.067  7.978  8.116  8.289  9.515 
 9.776  9.041  8.182  7.466  6.903  7.888  7.578  7.633  8.721  9.571 10.051 
 9.834  9.199  8.768  7.460  6.477  7.015  7.290  7.684  7.776  9.400  9.913 
 9.708  9.073  8.391  7.103  7.005  6.884  7.290  8.026  7.895  9.166 10.394 
 9.949  9.430  8.144  7.632  6.746  7.406  7.924  7.454  8.299  9.189 10.063 
10.870  8.848  8.048  7.471  6.880  7.206  7.226  7.533  8.248  9.015  9.770 
10.498  9.051  8.457  7.823  7.427  7.202  7.362  7.627  8.205  9.335  9.852 
 9.900  8.688  8.580  8.437  6.943  7.240  6.484  7.721  8.220  9.023  9.556 
 9.219  9.388  8.550  7.383  7.383  7.191  6.663  7.444  8.445  9.421 10.008 
 9.611  8.782  8.364  7.696  6.819  6.586  7.370  7.581  8.071  8.973 10.124 
10.004  8.669  8.278  7.505  7.116  6.521  7.118  7.618  7.858  9.191  9.409 
10.097  8.924  8.299  7.450  6.597  7.178  7.178  7.614  8.198  9.431  9.758 
10.249  9.619  7.940  7.533  7.162  7.486  7.339  7.529  8.405  9.535 10.194 
 9.410  9.569  8.277  7.325  7.102  7.096  6.737  7.663  7.748  8.314 10.265 
10.089  8.763  8.165  7.452  6.702  6.961  6.949  7.551  8.307  8.539  9.863 
 9.854  8.720  8.494  8.447  7.063  6.958  7.043  7.600  8.205  9.416  9.790 
10.101  8.633  7.760  8.225  6.489  6.697  6.728  7.797  8.449  9.122 10.432 
 9.944  9.013  8.493  8.196  7.185  7.324  6.691  7.594  8.634  8.997  9.997 
10.020  8.764  7.838  7.341  6.653  7.250  7.237  7.346  7.647  8.920 10.929 
 9.957  9.277  8.465  7.441  6.944  7.554  7.509  7.617  8.588  9.434  9.664 
10.285  9.401  8.095  7.044  7.497  7.242  7.193  7.398  8.197  9.424 10.361 
10.749  8.991  8.264  7.521  7.518  6.661  7.648  8.054  8.265  8.754 10.320 
 9.769  8.940  7.795  7.433  6.827  7.771  7.458  8.176  8.140  8.620  9.861 
 9.967  9.547  8.314  7.771  7.813  7.505  7.429  7.661  7.478  9.133  9.620 
 9.541  8.865  8.397  7.288  6.800  6.972  7.499  7.716  7.715  8.923 10.280 
 9.590  9.604  8.138  7.723  6.883  7.248  7.032  7.116  8.766  9.314 10.296 
 9.541  9.305  8.004  7.945  7.323  6.579  7.505  8.219  8.291  9.244  9.492 
 9.612  9.062  8.206  7.888  7.347  7.376  7.195  8.200  8.974  9.051  9.300 
 9.995  9.121  9.010  7.605  6.842  7.149  7.358  7.870  8.262  9.125 10.014 
10.062  9.793  8.215  7.928  7.236  7.274  6.696  7.412  7.380  8.976 10.673 
10.293  9.213  8.192  7.897  7.401  7.048  6.659  7.621  8.158  8.757  9.651 
 9.909  9.255  8.821  7.347  7.232  6.818  7.623  7.522  7.949  9.049  9.654 
 9.935  9.331  7.915  7.873  7.137  6.770  6.985  7.388  8.293  8.972 10.324 
10.140  8.540  8.570  7.887  7.749  7.459  7.333  7.874  8.170  9.283 10.327 
 9.501  8.998  7.368  7.568  7.115  7.066  6.995  7.106  8.286  9.127 10.092 
10.041  9.118  8.719  7.776  7.454  7.123  7.294  7.964  8.385  8.561 10.601 
 9.955  8.945  7.942  8.445  6.893  6.914  7.428  7.338  8.572  9.037  9.833 
10.190  9.056  7.872  7.709  7.217  6.886  6.994  6.872  8.356  9.158  9.924 
10.410  9.159  7.801  7.605  7.385  6.969  6.860  7.139  8.228  8.535  9.757 
 9.664  9.541  8.157  8.097  6.745  6.988  7.369  7.214  8.017  9.104  9.869 
 9.775  8.794  8.319  7.810  7.244  7.321  7.411  8.066  8.028  9.188  9.979 
 9.670  8.732  7.958  7.853  6.823  6.818  7.813  7.853  8.267  9.488 10.289 
10.196  8.832  8.434  7.919  7.401  7.306  7.011  7.441  8.057  8.830  9.983 
 9.496  8.686  8.447  7.521  7.317  7.484  6.778  7.479  8.163  9.526 10.348 
 9.940  9.515  8.459  7.363  7.934  6.595  7.197  7.390  8.574  8.879  9.834 
 9.834  8.822  8.456  7.517  7.189  6.979  7.162  7.462  8.510  9.283  9.480 
10.004  8.778  8.458  7.273  7.297  6.768  6.935  7.488  7.719  9.444 10.294 
 9.962  9.245  8.442  7.795  7.460  7.871  7.356  7.708  8.407  8.732  9.830 
 9.601  9.030  8.131  7.930  7.315  7.066  7.269  7.877  8.014  9.422  9.879 
10.200  9.314  7.728  7.495  7.500  6.654  7.161  6.987  8.512  8.882  9.600 
10.322  9.081  8.543  7.840  7.281  6.700  6.851  7.665  8.389  8.644  9.746 
 9.798  8.691  8.302  7.660  6.978  7.659  7.062  7.521  7.743  9.141 10.049 
 9.496  8.902  7.875  7.159  7.674  6.821  7.199  7.905  8.244  9.140 10.452 
10.516  8.987  7.827  7.796  7.172  7.165  7.150  7.537  8.847  8.765 10.042 
 9.568  9.474  8.149  8.053  7.367  7.996  6.892  8.018  8.158  9.448  9.763 
 9.611  9.436  8.215  7.543  7.020  7.301  7.345  7.065  8.273  9.307  9.955 
 9.281  9.268  8.263  7.121  6.813  7.460  7.102  7.265  8.095  9.459 10.232 
10.409  9.226  7.970  7.960  7.154  6.907  7.403  7.452  9.138  8.468 10.579 
 9.867  9.340  8.445  7.540  7.080  7.060  7.245  7.682  8.916  9.142 10.158 
 9.306  8.828  8.338  7.304  7.525  6.620  7.337  7.305  8.505  9.280 10.270 
10.164  8.683  7.574  8.052  7.062  6.548  7.078  7.453  8.523  8.734 10.451 
10.149  9.160  8.248  8.181  7.325  6.781  7.387  7.593  8.278  9.089  9.617 
 9.924  9.294  8.307  7.411  7.483  6.958  7.013  7.623  8.352  9.264  9.844 
10.242  9.374  8.286  7.253  7.212  7.757  7.389  7.852  8.012  9.008 10.276 
 9.437  9.197  7.950  7.600  6.796  7.260  7.010  7.358  8.780  8.927 10.340 
 9.423  8.735  8.349  7.544  7.384  6.926  6.990  8.038  7.632  9.480 10.069 
10.228  8.541  7.962  8.231  7.458  6.869  6.972  7.446  8.730  8.846 10.273 
 9.681  9.022  8.281  7.583  6.990  7.558  6.697  7.915  8.274  8.608  9.748 
 9.881  9.369  8.502  7.579  6.750  7.450  7.244  7.593  7.856  8.946 10.023 
10.232  9.149  8.343  7.275  7.320  6.847  6.653  7.862  8.831  8.253  9.848 
 9.760  8.584  7.971  7.715  7.549  7.104  6.898  7.571  8.143  8.921 10.385 
10.077  8.608  7.934  8.081  6.559  6.953  6.837  7.719  8.279  8.590 10.177 
 9.805  9.052  7.761  7.309  7.548  6.868  6.671  7.497  8.107  8.851  9.602 
 9.586  8.854  8.289  7.464  7.204  6.914  7.177  7.976  8.287  8.865  9.550 
 9.647  9.094  8.015  7.742  7.327  6.960  7.034  7.622  7.971  8.814 10.094 
 9.848  9.195  8.573  7.770  7.622  7.794  7.393  7.774  8.196  9.132 10.101 
 9.695  9.488  7.656  7.994  7.092  7.210  6.885  7.723  8.065  8.792 10.023 
 9.398  8.522  7.846  7.433  7.267  7.007  7.335  7.643  8.230  8.973 10.129 
 9.410  8.652  8.585  7.675  7.283  7.355  7.055  7.916  8.091  8.963  9.530 
10.410  9.289  7.508  7.660  7.394  6.812  6.845  6.973  8.133  9.318  9.683 
 9.852  8.701  8.943  7.587  7.556  7.294  7.875  7.492  8.632  9.236  9.984 
 9.918  9.011  8.733  7.300  7.313  7.369  7.330  7.370  7.520  9.135 10.261 
10.270  9.142  8.125  8.143  7.304  7.431  6.608  7.731  8.544  8.687  9.822 
10.036  8.921  8.706  7.371  7.412  7.227  7.090  7.139  7.536  8.350  9.316 
 9.951  9.190  8.027  7.694  7.625  6.804  6.877  7.082  7.826  9.260  9.792 
 9.993  8.812  8.444  7.146  7.249  6.738  7.169  7.133  8.087  9.015  9.784 
10.206  9.573  8.269  7.351  7.315  7.140  7.260  7.533  8.710  8.757  9.618 
 9.642  8.870  8.299  7.416  6.579  7.380  6.941  7.816  8.073  9.595 10.449 
 9.450  9.204  8.360  7.949  7.315  7.279  7.532  7.290  8.506  9.211 10.205 
 9.886  9.113  8.337  7.553  7.454  7.153  7.119  7.797  8.354  8.966  9.913 
 9.938  8.905  8.037  8.167  6.783  7.323  7.271  8.039  7.795  8.862  9.992 
 9.580  9.098  8.549  6.891  7.343  7.136  7.048  7.725  8.060  9.168 10.947 
10.024  9.123  8.403  7.551  7.260  7.236  7.594  8.115  8.598  8.839 10.105 
10.379  9.340  8.638  7.441  7.326  7.189  6.985  8.024  8.181  9.120 10.642 
 9.993  8.792  7.939  7.939  6.640  7.113  7.174  7.877  8.707  8.848  9.710 
10.549  8.709  8.016  7.856  7.212  6.818  7.252  7.587  8.676  9.379 10.260 
 9.992  8.847  8.639  7.818  7.016  7.118  7.295  8.165  8.437  9.001  9.928 
 9.236  9.041  8.439  8.150  7.668  7.357  6.629  7.560  8.685  9.133  9.683 
 9.577  9.196  8.267  7.629  7.249  7.038  7.644  6.920  8.058  8.596  9.991 
10.040  9.179  8.773  7.701  7.464  6.608  7.308  7.942  7.999  9.040 10.063 
 9.519  8.878  8.146  7.505  6.983  7.652  7.735  7.395  8.753  9.116  9.751 
 9.802  8.798  7.793  7.629  7.763  7.013  7.346  8.003  8.530  8.665 10.087 
10.165  9.033  7.977  7.786  7.285  7.567  7.541  6.762  8.550  9.156  9.934 
 9.868  9.148  8.310  7.537  7.063  6.689  7.237  7.291  8.420  8.839 10.299 
 9.794  9.361  8.324  7.459  7.298  7.176  7.431  7.575  8.509  8.642  9.600 
 9.893  9.157  8.379  7.522  6.934  7.757  7.018  6.912  8.380  9.052  9.779 
10.094  8.911  8.649  7.631  6.786  7.047  7.450  7.368  8.220  8.954 10.083 
 9.882  8.771  8.260  6.957  6.607  7.376  7.194  7.464  8.226  9.325  9.784 
 9.954  8.905  7.921  8.072  7.428  6.928  7.745  7.478  8.485  9.194 10.092 
 9.699  8.931  7.762  7.474  7.360  7.220  7.053  7.934  8.206  8.504 10.272 
 9.842  9.088  7.888  7.424  7.297  7.131  7.725  8.018  7.638  8.508  9.750 
10.317  9.344  8.977  7.328  6.678  7.210  7.417  8.080  7.996  9.159 10.027 
10.039  8.962  8.202  8.126  7.608  7.488  7.202  7.730  8.167  8.801 10.003 
10.153  9.122  7.794  7.917  7.488  7.274  6.991  7.810  8.400  8.979 10.046 
10.180  8.681  8.130  7.852  7.298  6.885  7.762  7.900  7.955  8.572 10.320 
10.275  9.179  8.763  8.053  6.978  7.237  7.809  7.253  8.623  9.011 10.385 
 9.950  8.543  8.166  7.438  7.379  6.827  7.215  8.075  7.831  8.347  9.999 
 9.951  8.864  7.911  7.665  7.065  7.364  7.234  8.205  7.911  8.843  9.728 
 9.715  9.212  8.478  7.536  6.945  6.867  7.101  7.205  8.845  9.108 10.525 
 9.961  8.741  7.981  7.513  7.200  7.233  7.536  7.081  8.011  8.384 10.037 
 9.730  8.656  8.472  7.288  7.171  7.207  7.257  7.384  8.220  9.115 10.074 
 9.968  8.466  8.792  7.688  7.211  6.842  6.768  7.574  8.541  8.940  9.576 
 9.955  9.247  7.819  7.526  7.239  7.179  7.499  7.412  8.458  9.079 10.155 
10.033  8.711  8.670  7.508  7.502  7.193  7.117  7.376  8.871  9.246  9.940 
10.682  8.905  8.350  7.685  7.449  6.909  7.790  7.786  7.756  8.878  9.537 
10.196  8.960  7.889  7.105  7.201  7.899  7.029  7.689  7.674  9.114  9.898 
10.061  8.539  8.136  7.452  7.120  6.724  7.386  7.083  8.292  9.719  9.852 
 9.949  8.922  8.296  7.682  6.935  6.687  7.155  8.053  8.638  9.286  9.949 
 9.639  9.528  8.809  7.947  7.577  6.724  6.694  7.759  8.520  8.836 10.009 
 9.984  8.027  7.821  7.325  7.014  7.390  7.262  8.175  7.805  8.945  9.697 
 9.780  9.015  8.210  7.878  7.296  6.716  7.344  7.679  8.058  8.735  9.696 
 9.830  8.986  8.214  7.549  7.232  7.246  7.597  8.139  8.069  9.138 10.084 
10.543  9.524  7.818  7.662  7.647  6.648  7.101  7.438  7.999  9.261 10.374 
10.065  9.561  8.116  8.039  6.822  7.251  6.658  7.665  8.418  8.649 10.517 
10.141  8.637  7.829  7.776  7.150  7.435  7.040  7.924  8.206  9.091 10.346 
10.035  9.056  7.890  7.796  7.651  7.018  6.907  7.238  8.388  8.497  9.970 
 9.862  9.681  7.942  7.937  6.908  7.926  7.353  7.263  8.607  8.838  9.963 
10.293  9.010  8.334  7.303  7.083  7.321  7.273  7.042  8.369  8.793  9.846 
 9.569  8.741  8.455  7.479  7.014  6.589  7.399  7.719  7.792  9.381 10.170 
10.540  9.124  7.868  7.502  6.778  7.335  6.999  7.487  7.978  9.349  9.823 
 9.647  8.752  8.354  7.389  7.492  7.237  7.932  7.759  8.183  9.264 10.458 
10.489  9.105  7.890  7.534  7.204  6.830  7.487  8.069  7.987  9.247 10.185 
10.343  8.872  7.927  7.233  7.363  7.365  7.166  7.657  8.778  9.324 10.041 
10.024  9.648  8.144  7.069  8.013  6.800  6.667  7.779  8.238  9.024  9.839 
 9.864  9.236  8.237  7.699  7.512  6.836  7.665  7.664  8.420  9.075  9.574 
 9.899  9.333  8.226  7.854  6.634  7.437  7.083  7.917  8.524  9.327 10.323 
10.447  8.842  9.292  7.243  7.977  7.312  6.985  7.484  7.967  9.099  9.907 
10.408  8.864  8.704  7.419  7.619  7.235  7.307  7.550  8.543  8.904  9.828 
10.045  9.078  8.726  8.081  7.534  7.435  7.743  7.732  8.061  9.332 10.424 
 9.270  8.393  8.471  7.320  7.317  7.147  7.178  8.261  8.505  9.120  9.846 
10.245  9.110  7.986  7.425  7.014  6.469  7.369  7.680  8.156  9.219  9.386 
 9.813  9.563  8.136  7.169  6.890  6.609  7.269  7.098  8.329  9.599  9.557 
10.165  9.351  8.506  7.747  7.211  6.640  8.142  7.702  8.091  9.357  9.936 
10.124  9.667  8.067  7.047  7.358  7.304  6.857  7.550  8.217  8.842 10.040 
 9.899  9.034  8.367  7.556  7.017  7.022  7.450  7.850  8.315  8.270 10.438 
10.382  9.411  8.236  7.747  7.339  6.932  7.199  7.329  7.962  9.579  9.801 
10.172  9.192  9.215  7.687  7.370  6.973  6.869  8.259  8.436  9.390 10.348 
 9.763  8.956  8.284  7.958  6.980  6.587  7.440  7.283  7.941  9.147 10.116 
10.137  8.953  8.213  7.691  7.435  6.856  7.604  8.101  8.072  8.997  9.774 
 9.926  9.379  8.492  7.888  7.630  7.028  6.993  7.671  8.061  9.754 10.057 
10.278  9.680  8.142  7.573  7.035  6.917  7.431  7.633  8.142  9.487  9.580 
10.683  9.403  8.231  7.803  7.026  7.633  7.457  7.609  8.977  8.787  9.937 
10.097  9.011  8.022  7.318  7.638  7.081  7.624  7.717  8.338  8.562 10.302 
 9.924  9.418  8.767  7.299  7.077  6.631  7.241  7.400  8.284  8.597  9.862 
 9.964  8.653  7.801  7.950  7.324  6.856  7.019  7.690  7.324  8.994  9.745 
 9.355  9.486  8.146  7.739  7.120  6.983  6.770  7.150  8.286  9.141 10.543 
 9.528  8.894  8.607  7.670  7.517  7.030  7.130  7.830  7.949  8.560 10.266 
 9.869  8.783  8.164  7.796  6.948  6.696  7.349  7.216  8.229  8.877 10.110 
10.230  8.939  8.574  7.993  7.123  7.173  7.596  7.443  8.131  8.959 10.020 
 9.604  9.097  7.597  7.965  7.281  7.332  6.698  7.307  8.479  9.061  9.707 
 9.918  9.488  8.335  7.789  7.052  6.803  6.840  7.801  7.778  9.844  9.919 
 9.933  8.846  8.097  7.748  7.144  7.066  7.506  7.917  7.887  9.150  9.802 
 9.736  8.898  7.783  7.555  7.000  6.409  6.892  7.628  8.020  8.680 10.189 
 9.923  9.211  8.055  7.772  7.205  7.184  6.741  7.563  8.663  9.332 10.171 
 9.607  8.765  8.502  7.598  7.363  7.014  7.561  7.214  7.860  9.491  9.263 
 9.817  8.561  7.889  8.120  7.196  7.133  7.029  7.763  7.851  8.491 10.794 
10.343  9.186  8.378  7.432  6.921  7.167  7.127  7.347  8.038  8.674  9.941 
10.213  9.074  8.493  7.990  7.070  7.089  7.014  6.961  7.799  8.960 10.347 
 9.697  9.530  8.029  7.310  7.587  6.957  7.549  7.016  8.121  8.330  9.945 
 9.773  9.215  8.506  7.441  7.570  6.954  7.092  6.759  8.084  9.532 10.215 
 9.946  8.781  9.051  8.391  6.579  7.302  7.809  7.809  7.947  8.992  9.633 
 9.953  8.772  7.762  7.798  7.271  6.982  7.490  7.275  8.378  8.374  9.962 
10.270  9.560  8.210  7.377  7.680  6.677  7.617  7.789  8.452  8.803 10.183 
 9.445  9.714  7.802  7.876  7.427  6.796  7.544  7.435  7.770  9.478  9.946 
10.174  9.006  8.059  7.311  7.013  7.329  7.183  7.718  8.213  9.103  9.571 
 9.852  8.946  8.445  8.024  7.565  7.476  7.454  7.863  8.856  9.255  9.682 
10.323  8.998  7.969  7.191  7.059  7.191  7.443  7.419  8.459  8.869 10.323 
10.168  8.809  8.520  7.388  7.630  7.298  7.402  7.601  8.536  9.377  9.726 
 9.804  9.216  7.923  7.756  7.178  6.956  6.896  7.305  8.607  9.119 10.126 
10.177  9.117  8.289  7.754  7.653  7.103  7.378  8.233  7.870  9.251 10.187 
10.537  8.714  8.413  7.979  7.570  7.116  7.162  7.858  8.255  9.448 10.227 
10.118  8.609  8.187  7.241  7.171  6.167  7.492  7.146  8.133  8.846 10.352 
 9.901  8.919  8.115  7.421  7.832  7.384  6.804  7.401  8.018  9.195  9.848 
 9.888  9.082  8.035  7.649  7.096  7.708  6.807  7.457  8.239  9.250 10.093 
10.113  8.617  8.639  7.609  8.362  7.588  7.638  7.932  7.986  9.243 10.027 
10.101  9.271  8.336  7.877  7.538  7.054  7.768  7.375  8.002  8.610 10.298 
10.062  9.486  8.545  7.291  7.137  7.628  7.142  7.534  7.588  9.054 10.032 
10.029  8.812  8.198  8.063  7.036  7.080  7.240  7.068  8.256  9.300 10.111 
 9.377  8.685  8.131  7.893  7.645  7.402  7.238  7.690  7.408  9.600  9.833 
 9.769  9.297  8.542  7.198  6.574  6.880  7.618  7.241  8.395  8.991 10.103 
 9.627  9.275  8.345  7.586  6.893  7.210  6.877  8.009  8.004  8.531 10.089 
 9.556  8.614  8.298  7.856  7.355  6.793  7.491  7.646  8.635  8.679  9.476 
10.059  8.407  7.944  7.467  6.986  7.078  7.542  7.613  8.249  8.938  9.840 
 9.967  9.324  8.116  7.317  7.072  7.202  7.432  7.334  8.089  9.359 10.137 
10.104  9.475  8.464  7.517  6.604  6.682  7.222  8.054  8.483  9.019 10.357 
 9.920  9.154  8.283  7.705  7.414  6.700  6.832  8.014  8.082  9.369 10.040 
10.475  8.936  8.407  7.419  7.195  7.458  7.590  7.878  8.368  8.433 10.269 
 9.868  9.514  7.769  7.734  7.069  7.373  8.018  6.937  8.486  9.765 10.120 
10.171  8.980  8.438  7.522  7.441  7.633  7.329  7.464  8.246  9.140 10.089 
10.000  8.700  8.673  7.916  7.371  7.044  6.848  7.155  8.443  9.053 10.124 
10.623  8.366  7.977  7.484  7.000  7.450  7.344  7.111  8.311  9.271 10.503 
 9.646  8.949  8.530  7.460  7.667  7.258  7.001  7.521  8.211  9.370  9.956 
10.434  9.293  8.158  7.576  7.137  7.286  7.190  7.529  7.993  9.108 10.047 
10.117  9.406  7.664  7.670  7.046  7.276  6.873  8.099  8.393  9.029 10.051 
 9.863  8.696  8.026  7.966  7.210  7.212  6.973  8.146  8.001  8.916 10.413 
10.421  9.301  8.630  8.305  7.089  7.203  7.057  7.550  8.212  9.471  9.889 
10.278  8.751  8.672  7.697  7.603  6.844  6.784  7.880  8.079  9.066 10.341 
 9.892  9.354  8.334  7.672  7.515  7.183  6.548  7.626  8.991  9.193 10.058 
 9.724  8.067  8.188  7.634  7.190  7.473  6.594  7.316  8.457  9.117  9.995 
10.340  9.210  7.972  7.026  7.490  6.817  6.725  7.246  7.803  9.146 10.262 
 9.943  8.669  8.217  6.738  7.127  6.508  6.806  7.918  8.109  9.169 10.065 
 9.891  9.227  8.293  7.471  7.079  6.414  6.954  7.685  8.170  9.051 10.331 
 9.864  8.774  8.585  7.524  7.583  7.591  7.043  8.267  8.342  9.101 10.434 
10.093  9.280  8.166  7.629  7.166  7.749  7.539  7.555  8.233  9.188 10.134 
 9.543  8.868  7.620  7.761  7.313  7.067  6.347  7.386  8.190  9.319 10.349 
 9.933  9.461  8.337  8.130  6.994  7.025  6.832  7.274  8.407  9.099 10.304 
 9.470  8.985  8.137  7.659  6.567  6.801  6.896  7.181  8.206  8.997  9.561 
10.014  8.938  7.812  7.469  7.210  7.279  7.164  7.759  8.137  9.053 10.063 
10.310  9.187  7.804  7.281  7.566  7.345  7.443  7.612  8.701  8.920 10.500 
10.023  9.375  8.455  7.917  6.737  7.249  6.991  8.040  8.399  8.953 10.088 
10.009  9.301  8.004  7.324  7.406  7.247  6.713  7.217  8.226  8.792 10.407 
10.081  8.784  7.961  7.855  7.939  7.333  6.807  7.119  8.975  8.954  9.541 
10.001  9.347  8.209  7.506  7.669  6.987  7.611  7.394  8.109  9.538  9.817 
10.676  8.854  8.192  7.880  7.151  6.398  6.907  7.624  7.899  8.629 10.693 
 9.745  8.703  8.455  7.628  7.333  7.312  6.974  7.052  8.021  9.267  9.835 
 9.919  8.792  7.711  7.918  7.614  7.144  7.009  7.665  8.249  8.711  9.870 
 9.450  9.708  7.830  7.644  6.704  7.467  7.241  7.634  8.855  9.452  9.907 
10.138  9.432  8.683  7.266  7.187  6.980  7.100  6.814  8.051  9.026 10.363 
 9.374  9.319  8.296  7.844  7.191  7.002  7.125  7.361  8.635  9.222 10.137 
 9.974  8.590  8.544  8.273  7.356  6.865  7.531  7.292  7.918  9.464  9.444 
10.303  8.789  8.459  7.655  6.692  6.561  7.098  7.962  8.732  9.005 10.029 
 9.563  9.023  8.358  7.384  6.857  7.663  7.149  7.662  8.295  9.000  9.785 
 9.817  8.840  7.993  7.479  7.310  7.160  7.424  8.345  8.227  9.049 10.287 
 9.930  8.949  8.431  7.580  7.204  6.715  7.448  7.448  7.844  8.881  9.912 
 9.879  8.908  8.287  8.064  7.238  7.227  7.423  7.619  8.351  8.874  9.514 
 9.979  9.013  7.909  7.337  7.564  7.018  6.650  7.373  7.534  8.960 10.383 
 9.875  8.971  8.798  7.452  7.259  6.940  7.035  7.168  7.984  9.548 10.114 
10.048  8.403  7.656  7.729  7.225  7.565  7.580  7.931  8.573  8.848  9.999 
 9.976  8.727  8.048  7.359  7.662  6.441  7.812  7.603  8.206  9.355 10.100 
10.387  8.954  7.740  7.496  7.078  7.110  7.220  7.730  8.331  9.551 10.119 
 9.929  8.981  8.795  7.498  7.196  7.142  7.185  7.771  8.755  8.899  9.562 
 9.491  9.160  8.339  7.557  6.888  7.215  7.070  7.867  8.237  8.976  9.897 
 9.837  9.400  8.137  7.846  6.658  7.018  7.103  7.689  8.658  9.110  9.832 
 9.690  9.363  8.400  7.479  7.220  7.655  7.843  7.348  7.693  9.422 10.686 
10.024  9.009  8.260  7.282  6.769  7.114  6.981  7.621  8.367  9.306 10.286 
 9.936  9.270  8.163  7.882  7.347  7.213  7.587  7.611  7.927  8.954 10.244 
 9.476  9.148  8.293  7.782  7.222  7.370  7.253  7.726  8.083  8.715  9.698 
10.546  9.700  7.856  7.533  6.552  7.357  7.280  6.863  7.940  9.174  9.635 
 9.649  8.647  8.026  8.324  7.292  6.295  6.622  7.484  7.711  9.216 10.287 
10.448  9.111  8.769  7.616  7.128  6.963  7.189  7.651  7.961  8.549 10.488 
 9.579  8.893  8.291  7.825  7.118  7.334  7.106  7.520  7.696  8.608  9.783 
 9.972  8.974  8.794  7.897  6.684  6.942  6.861  8.083  8.140  9.726  9.980 
10.019  8.452  8.015  7.559  7.048  7.268  7.073  8.117  8.696  8.731 10.185 
10.051  8.952  8.468  7.887  7.407  7.233  7.188  7.741  8.000  8.474 10.028 
 9.926  8.711  7.968  7.693  7.243  7.325  6.966  7.578  8.286  8.547 10.000 
 9.647  8.992  8.144  7.895  7.172  7.107  6.733  7.698  8.387  9.369 10.185 
 9.635  8.800  8.576  7.284  6.909  6.962  7.000  7.761  7.819  9.031 10.022 
 9.735  8.398  8.145  7.403  7.192  6.787  7.091  7.769  8.444  8.335  9.940 
 9.929  8.978  8.327  7.740  7.042  7.203  7.239  7.278  7.991  8.694  9.970 
11.007  9.220  8.157  7.882  7.278  7.168  7.269  7.438  7.964  8.888  9.640 
 9.746  9.265  8.532  7.413  7.114  7.063  6.874  6.995  8.143  8.700  9.888 
 9.944  9.243  7.995  7.426  7.057  7.707  6.887  7.899  8.072  8.605 10.267 
 9.869  9.008  8.392  7.848  7.427  7.371  6.956  7.548  8.453  9.209 10.237 
10.205  9.468  8.003  7.447  7.854  7.280  7.605  7.308  8.593  9.587  9.954 
 9.143  9.042  8.333  7.510  7.020  6.926  6.594  7.469  8.237  8.715  9.702 
 9.686  8.882  8.217  7.762  7.013  6.994  7.438  8.065  9.000  8.711  9.794 
10.621  9.261  8.811  7.853  7.746  6.721  7.719  7.425  8.218  9.431  9.771 
 9.736  8.866  8.315  7.734  7.296  6.761  7.373  7.702  7.703  8.772  9.884 
 9.822  9.119  7.918  7.884  7.105  6.834  7.328  7.822  8.230  9.017 10.182 
 9.938  8.794  7.872  7.349  7.311  7.685  7.127  7.188  8.334  9.523 10.399 
 9.842  9.007  8.076  7.607  7.075  7.782  7.998  7.388  7.873  8.474 10.166 
 9.720  9.008  8.406  7.167  6.876  7.362  7.515  7.348  8.051  9.585  9.966 
10.043  8.756  8.201  7.780  7.173  7.207  7.207  7.241  8.603  8.746 10.198 
 9.457  8.810  8.470  7.582  6.262  7.015  7.090  7.553  8.404  9.109 10.377 
10.338  8.888  7.993  8.013  7.660  7.106  7.225  7.484  8.116  9.309 10.411 
10.206  8.893  8.433  7.538  6.668  7.031  7.507  7.450  8.473  8.964 10.382 
 9.932  9.427  7.810  7.237  7.098  6.664  7.118  7.804  8.236  9.010 10.022 
10.038  9.341  7.982  7.591  7.674  6.953  6.827  6.968  9.056  9.229  9.763 
 9.949  8.941  7.562  7.645  7.243  7.464  7.158  7.680  8.624  8.927  9.811 
 9.759  8.277  8.613  7.478  7.107  6.787  6.361  7.923  8.215  9.117 10.141 
 9.596  9.147  8.618  7.738  7.061  6.961  7.609  7.717  8.159  8.866  9.675 
 9.993  8.861  8.523  7.394  7.185  7.096  7.440  7.141  7.282  9.421  9.975 
10.056  9.065  8.090  7.769  6.650  6.872  7.497  7.365  8.385  8.781  9.860 
 9.952  8.734  8.101  6.796  6.840  7.099  6.995  7.901  8.022  8.834 10.108 
 9.902  9.427  8.399  7.227  6.870  6.204  7.313  7.785  8.547  8.853  9.658 
 9.961  9.394  8.544  8.251  7.046  7.058  7.292  7.439  8.314  9.051 10.436 
 9.578  8.568  8.205  7.796  7.279  7.182  7.444  7.737  8.252  9.698 10.232 
10.030  9.125  8.270  8.157  7.284  6.761  7.397  7.590  8.746  8.899  9.467 
10.062  8.976  8.142  7.638  7.546  6.647  7.081  7.891  8.464  9.753 10.354 
10.062  9.250  8.323  7.472  7.296  7.387  7.636  7.812  8.371  8.965 10.079 
 9.768  8.745  7.940  7.934  7.518  7.292  6.559  8.034  8.221  8.901  9.879 
 9.619  8.619  8.193  8.092  7.342  7.385  7.259  7.311  9.025  9.414 10.275 
10.022  9.053  8.268  7.140  6.964  7.231  6.755  7.124  7.782  9.039 10.422 
10.384  8.563  7.916  7.307  6.960  6.472  7.416  7.384  8.250  9.542 10.477 
10.111  8.943  8.516  8.429  7.013  7.457  7.387  7.003  8.646  8.763 10.032 
10.195  9.266  7.941  7.679  7.013  6.723  6.961  7.501  8.168  8.651  9.296 
 9.849  9.246  7.965  7.864  6.866  6.769  7.287  7.452  8.135  8.872  9.589 
10.179  9.503  8.136  7.590  7.454  7.206  6.884  7.375  8.204  8.999 10.315 
 9.772  9.224  8.546  7.121  6.389  7.150  6.762  8.277  7.223  9.144  9.729 
10.180  9.009  7.986  7.749  7.484  6.507  7.341  7.268  8.393  8.787 10.023 
10.441  9.183  8.304  7.255  7.624  6.618  7.072  7.585  8.203  9.199  9.768 
 9.871  8.896  8.308  8.117  7.223  7.273  6.294  7.634  8.209  9.283 10.264 
10.155  9.244  7.874  7.096  7.600  7.064  6.808  7.451  8.171  9.143 10.004 
10.277  8.740  8.468  7.799  6.759  7.211  7.030  7.524  8.495  8.863 10.429 
 9.881  8.836  8.225  8.327  6.981  6.937  7.922  7.269  8.387  8.911 10.535 
 9.943  8.882  8.596  7.851  6.621  7.260  7.697  6.709  8.055  9.317  9.994 
10.338  8.837  8.164  7.516  7.229  7.063  7.585  7.458  7.976  9.513 10.009 
 9.900  9.118  7.943  7.541  6.746  7.267  7.403  7.637  7.699  9.212 10.242 
 9.464  8.849  8.845  7.709  7.359  6.580  7.887  7.433  8.445  9.147 10.782 
 9.689  9.080  8.548  7.501  7.600  6.858  6.818  7.485  8.763  8.631  9.824 
10.140  8.623  8.302  7.954  7.296  7.016  7.264  7.965  8.320  9.270 10.645 
 9.914  9.021  7.755  7.909  7.718  7.079  7.157  7.362  8.339  9.476 10.151 
10.680  8.981  7.999  7.978  7.408  7.144  7.585  7.621  8.369  8.809 10.034 
10.062  9.090  8.129  7.325  7.042  6.880  7.332  7.879  8.448  8.852  9.878 
 9.985  9.116  8.795  8.023  6.949  7.265  7.519  7.614  8.611  9.160 10.244 
 9.505  9.260  7.952  7.862  7.452  6.564  7.599  7.745  8.190  8.846  9.845 
10.341  9.421  8.547  8.042  7.507  6.757  6.684  7.974  8.241  9.012  9.884 
10.120  9.327  8.053  7.610  7.199  7.451  7.643  6.947  8.575  8.892 10.357 
 9.948  9.212  8.080  7.643  7.263  6.863  7.455  7.582  7.990  8.616 10.449 
10.143  9.560  9.184  7.880  6.894  7.295  7.777  7.030  8.601  9.401  9.862 
10.229  8.708  8.539  7.409  7.392  7.191  6.904  7.094  8.287  8.971 10.104 
10.014  8.905  7.874  7.551  7.536  6.877  7.386  7.601  8.809  9.134  9.720 
10.233  8.779  8.361  7.558  7.674  6.755  7.293  7.732  7.987  9.223  9.810 
10.232  8.983  8.533  6.847  7.091  6.658  6.728  7.875  8.414  8.754  9.449 
10.034  8.774  8.297  7.769  6.948  7.512  7.211  7.314  8.618  8.979  9.898 
10.188  9.260  8.142  7.547  6.323  7.034  7.179  7.533  8.245  9.408  9.982 
 9.293  9.076  7.379  7.505  7.367  7.268  6.889  7.997  8.936  9.718 10.045 
 9.896  9.075  7.975  7.786  7.119  7.344  6.686  7.699  8.107  9.022 10.951 
10.385  8.807  7.842  7.843  6.944  7.165  7.249  8.029  8.050  9.018  9.545 
 9.841  8.870  8.068  7.753  7.676  6.716  7.102  7.967  8.818  8.711 10.631 
10.077  8.978  7.858  7.560  7.691  6.964  7.218  7.998  8.598  8.650  9.496 
 9.854  9.405  8.433  6.869  6.765  7.488  7.010  7.525  8.058  8.787 10.042 
10.805  9.077  8.395  7.775  7.401  7.177  7.554  7.389  7.923  9.090  9.823 
 9.897  9.185  8.079  7.883  7.371  7.050  6.836  7.607  7.890  9.338 10.177 
10.236  8.764  8.268  8.106  7.110  7.257  7.000  7.373  8.301  8.984  9.622 
 9.859  9.629  8.529  7.925  7.391  7.183  7.062  7.577  7.644  8.941 10.168 
 9.598  9.130  8.727  7.605  6.455  6.916  6.528  7.137  8.191  9.174 10.406 
10.003  9.062  8.380  7.490  6.951  7.396  7.372  7.232  8.390  9.232  9.292 
10.248  9.571  8.206  7.534  6.706  7.051  7.328  7.763  8.162  8.507 10.194 
10.079  9.134  7.924  7.573  6.929  6.678  7.314  7.866  8.920  8.847  9.540 
 9.851  9.185  8.824  7.604  7.124  7.397  8.007  7.298  8.935  8.527 10.050 
10.271  8.496  8.263  7.854  7.351  7.224  7.209  7.272  9.215  8.908  9.668 
 9.977  8.534  8.022  7.756  7.896  7.061  7.334  7.567  8.607  9.202  9.887 
 9.627  8.936  7.605  7.171  7.121  7.089  7.042  7.747  8.150  8.665 10.290 
10.122  9.025  8.336  7.742  7.119  7.560  7.655  7.704  8.569  9.361  9.815 
10.336  9.253  8.251  7.456  6.896  6.976  7.557  7.929  8.454  8.323 10.282 
 9.284  8.978  8.002  7.436  7.300  6.646  7.380  8.049  8.495  8.819  9.690 
 9.549  9.164  8.272  7.181  6.963  7.385  7.210  7.499  8.197  8.908  9.842 
 9.980  9.191  8.656  8.086  7.349  6.696  7.154  7.349  8.342  9.328 10.635 
 9.609  9.343  8.875  7.573  7.066  7.472  7.038  7.772  8.473  9.232  9.882 
10.453  8.578  8.172  7.598  6.807  7.138  7.168  7.792  8.484  9.456 10.223 
10.059  8.940  8.703  7.368  6.837  6.348  6.838  8.080  7.910  8.799 10.231 
10.037  8.906  7.770  6.885  6.957  7.097  7.015  8.324  8.548  9.428 10.175 
 9.782  8.902  8.229  7.148  6.912  7.632  7.355  7.902  8.362  9.559  9.727 
10.319  9.206  7.903  7.762  6.631  7.017  7.012  7.665  8.131  9.079  9.982 
10.136  8.841  8.391  7.518  7.387  7.420  7.149  7.407  8.238  9.533 10.132 
 9.470  8.723  8.575  7.399  7.388  7.228  7.219  8.115  8.199  8.660  9.776 
 9.860  9.256  8.228  7.927  6.641  7.563  6.694  7.703  7.959  9.675  9.972 
10.486  8.836  8.355  8.058  7.295  7.191  7.131  7.938  8.158  8.935  9.735 
10.239  8.631  8.157  8.099  7.626  7.012  7.390  8.201  8.150  9.418  9.952 
 9.649  8.936  8.080  7.521  7.935  6.513  7.066  8.002  7.993  8.502 10.602 
10.462  9.105  8.384  8.397  7.192  6.889  7.252  8.015  8.216  9.131  9.351 
 9.827  9.354  8.126  8.040  7.539  6.662  7.897  7.519  8.239  9.118 10.164 
 9.863  8.713  8.253  7.499  7.386  6.558  7.268  8.336  8.480  9.326 10.236 
10.386  8.744  8.277  7.377  7.090  7.237  7.200  7.963  8.145  8.895  9.885 
10.263  9.182  8.440  8.105  7.720  7.496  7.091  7.772  8.046  9.055  9.740 
 9.408  8.920  8.135  7.244  7.055  7.550  7.707  7.610  8.313  9.106 10.225 
10.585  8.947  8.247  7.708  6.947  7.174  7.202  7.192  8.383  8.742 10.279 
 9.728  9.664  8.022  7.739  6.869  7.791  7.282  7.768  8.260  8.673  9.342 
 9.883  8.702  8.349  7.738  7.346  6.967  7.320  7.218  8.315  8.964 10.124 
 9.930  8.386  8.017  7.738  7.272  7.152  7.284  7.750  8.318  9.144  9.742 
 9.909  8.900  7.889  7.414  6.889  7.121  6.510  7.346  8.129  8.626  9.769 
 9.800  9.163  8.524  7.516  7.518  7.371  7.877  7.675  8.348  8.984  9.785 
10.116  8.986  8.007  8.417  7.503  7.098  7.062  7.570  8.354  8.910  9.908 
 9.852  8.882  8.183  7.796  7.134  6.787  7.104  7.708  8.365  8.920  9.741 
 9.942  9.000  7.996  7.392  6.898  7.387  6.868  8.090  8.130  9.090 10.245 
10.463  8.920  8.343  7.309  6.938  6.801  7.117  7.583  8.264  8.905  9.583 
10.279  9.179  8.129  7.138  7.182  7.190  7.197  7.624  8.358  9.353  9.551 
 9.511  8.796  8.561  7.311  6.908  6.342  7.511  7.650  8.526  9.057 10.005 
 9.944  9.488  8.106  7.301  7.414  6.881  7.138  7.998  8.128  8.961  9.670 
10.096  8.777  8.211  7.448  6.800  7.551  7.632  7.840  8.725  9.374 10.237 
 9.938  8.890  8.045  7.214  7.439  7.122  6.933  7.306  8.614  9.001  9.793 
10.397  9.407  7.573  7.588  7.161  6.552  7.531  7.151  7.877  9.384 10.272 
10.463  8.850  8.399  7.812  7.193  7.757  7.105  7.499  7.543  9.000 10.615 
 9.838  8.857  8.755  7.390  6.982  7.407  7.610  7.543  7.971  9.259 10.208 
 9.236  9.295  8.571  7.194  7.529  7.460  7.433  7.383  8.533  8.953 10.393 
 9.473  9.201  8.251  7.964  7.378  7.255  7.526  7.536  8.144  9.389 10.132 
10.251  8.992  7.893  7.700  7.144  6.988  7.173  7.064  7.970  9.042 10.053 
 9.977  8.680  7.873  7.491  6.951  6.671  6.814  7.252  8.958  9.544  9.866 
10.096  9.368  8.243  6.803  7.012  7.367  7.633  7.295  8.508  9.145  9.676 
 9.809  9.029  7.984  8.235  7.097  6.822  7.661  7.267  7.606  8.814  9.967 
 9.938  8.830  8.075  7.629  7.199  6.368  7.077  7.760  8.556  9.151 10.054 
10.252  9.316  8.319  7.434  6.555  6.751  7.537  7.268  8.341  9.426 10.434 
 9.806  9.384  8.390  7.765  7.399  6.985  7.069  7.655  7.901  8.863 10.010 
 9.745  9.051  8.941  7.754  6.980  6.819  7.455  7.641  8.729  8.870  9.827 
 9.995  9.480  8.370  7.911  6.708  7.106  7.187  8.165  8.148  8.610 10.397 
10.252  8.554  7.728  7.434  7.378  7.557  7.060  7.606  8.498  9.237  9.853 
10.188  9.360  8.338  8.087  7.183  6.389  7.501  7.038  7.862  9.258 10.498 
10.084  8.517  8.142  8.040  7.113  6.641  7.502  7.614  8.418  8.944  9.846 
 9.692  9.081  8.031  7.760  6.984  6.776  6.347  7.360  8.403  8.782 10.099 
10.014  8.959  7.677  7.632  7.342  7.157  6.844  7.871  7.556  8.621 10.159 
10.427  8.652  7.832  7.343  7.122  7.329  7.108  7.724  8.333  9.195  9.685 
 9.833  9.371  8.872  7.648  7.603  7.109  7.461  7.368  8.538  9.091  9.993 
10.375  9.190  8.125  7.226  7.466  7.264  7.470  8.173  8.366  8.240  9.858 
 9.064  8.991  8.494  7.248  7.116  7.633  7.427  7.918  8.101  8.991 10.011 
 9.917  9.374  8.357  8.123  6.967  6.930  6.853  7.282  8.659  9.164  9.989 
10.150  8.696  8.254  7.729  7.345  6.617  7.227  7.903  8.564  8.932 10.759 
10.764  9.302  8.420  7.966  7.544  6.806  7.113  7.622  8.234  9.340  9.602 
 9.788  9.458  8.193  7.505  7.667  7.378  7.566  8.061  8.279  8.561  9.568 
 9.926  8.870  8.767  7.401  7.015  6.986  7.445  7.657  8.094  9.305 10.162 
 9.733  8.937  8.109  7.749  6.712  7.216  6.722  7.503  8.712  9.102  9.799 
10.085  9.009  7.716  6.738  6.610  7.362  7.296  7.767  8.233  9.059 10.356 
10.160  9.581  7.550  7.967  7.449  6.916  7.205  7.458  8.357  9.529 10.202 
 9.858  9.258  8.347  7.797  6.527  7.322  7.451  7.734  8.261  8.688 10.049 
 9.682  9.081  8.515  7.898  7.393  7.290  7.007  8.145  8.599  8.660  9.882 
10.051  8.757  8.088  7.858  7.026  6.808  7.412  7.615  8.060  8.846 10.175 
 9.823  9.016  8.272  7.831  6.768  7.195  7.787  7.490  8.897  8.759  9.779 
 9.936  9.310  8.417  7.147  7.382  7.186  8.029  7.915  8.588  8.277  9.720 
10.598  9.560  8.209  7.576  6.742  7.351  7.023  7.934  8.291  9.139  9.960 
10.316  9.325  8.496  7.678  7.744  7.189  7.370  8.289  8.334  9.289  9.719 
10.060  9.166  8.217  7.439  7.281  7.423  7.064  7.346  8.280  9.253 10.255 
10.030  8.898  8.476  8.072  7.493  6.756  7.145  7.483  8.014  9.224  9.729 
10.507  8.754  8.413  8.753  7.176  6.659  7.725  7.322  8.489  9.441  9.441 
 9.774  9.171  8.736  7.683  7.307  6.451  7.575  7.430  8.536  8.964  9.893 
10.476  8.877  8.028  8.380  7.496  7.068  7.650  7.151  8.398  8.905  9.571 
10.223  8.608  8.664  7.385  7.066  7.124  7.025  7.625  8.691  9.000 10.107 
 9.968  8.480  8.765  7.650  7.398  7.420  7.346  8.146  8.091  8.697  9.967 
10.253  8.823  8.162  7.748  6.937  7.772  7.324  7.495  8.537  9.093 10.079 
10.164  8.579  7.907  7.479  7.220  6.805  7.017  7.541  7.476  8.492  9.578 
 9.946  9.064  8.211  7.951  7.220  6.820  7.183  7.613  8.088  9.087 10.118 
 9.963  8.700  7.873  7.682  6.948  7.209  7.669  7.578  8.127  8.555 10.111 
10.226  8.837  8.469  7.506  7.122  7.158  7.603  7.658  8.678  9.385  9.730 
 9.687  9.086  8.287  7.681  7.276  6.515  6.874  7.693  8.531  9.144  9.351 
10.249  9.072  8.889  7.477  7.162  6.946  6.893  7.463  7.967  9.062 10.206 
 9.707  9.108  8.318  7.356  7.567  7.002  7.478  7.577  8.348  9.357 10.237 
 9.463  9.029  8.006  7.656  7.651  6.886  6.976  7.425  8.617  8.791 10.213 
 9.931  8.854  8.490  7.276  7.359  7.103  7.466  7.431  8.252  8.965 10.344 
10.718  9.583  8.264  7.284  7.286  7.587  7.499  7.771  7.864  9.147  9.374 
10.655  8.645  7.802  7.499  6.975  7.331  7.356  7.276  8.277  8.784 10.103 
 9.547  9.539  8.135  7.363  7.656  6.656  6.840  7.352  7.781  8.828 10.151 
 9.674  9.098  8.208  7.697  7.688  6.276  7.433  7.820  7.455  8.868 10.365 
 9.796  9.096  8.401  7.963  6.768  7.119  7.212  8.143  8.105  9.156  9.978 
 9.635  9.196  8.142  7.688  7.229  6.841  6.859  7.365  7.898  9.165  9.712 
10.040  8.735  7.988  7.387  7.004  7.092  7.238  7.338  8.248  9.207  9.927 
10.072  8.777  7.985  7.725  7.173  7.485  7.311  7.153  8.953  8.803  9.935 
10.627  9.138  8.300  7.090  7.371  6.857  7.789  7.399  8.510  9.263 10.031 
10.179  9.045  7.793  7.491  7.018  6.643  7.076  8.001  8.293  9.473 10.103 
 9.855  9.153  8.861  7.558  6.825  6.734  7.171  7.750  7.947  8.724  9.512 
10.157  9.801  7.790  7.324  7.112  7.090  7.651  7.639  8.324  9.179 10.139 
 9.731  9.156  8.812  7.928  6.794  7.195  7.271  7.661  8.005  8.994  9.556 
 9.942  8.860  8.328  7.659  7.413  6.986  7.104  7.882  8.448  8.986 10.236 
 9.647  9.176  8.643  7.364  7.171  6.850  7.695  7.770  8.207  9.048  9.990 
10.835  9.243  8.514  7.925  6.561  7.147  7.124  8.171  8.800  9.478  9.792 
 9.963  8.698  8.179  7.298  7.082  7.472  7.461  7.589  7.807  9.450 10.303 
 9.968  9.091  8.381  7.571  7.302  6.918  7.857  7.713  8.195  8.822  9.988 
10.161  9.423  7.752  7.361  6.931  7.065  7.369  7.830  8.163  9.121  9.912 
10.230  9.574  7.928  7.785  7.257  7.157  7.564  7.729  8.189  8.708 10.015 
10.063  8.612  8.823  7.497  6.711  7.090  7.117  7.437  8.417  9.596  9.701 
10.252  9.081  8.066  8.009  7.677  7.362  7.162  7.635  8.107  9.117  9.634 
10.532  9.037  8.619  7.658  7.505  7.084  7.454  7.315  8.304  9.386  9.448 
 9.959  9.021  8.154  7.457  7.748  6.885  7.117  7.656  8.204  8.876 10.205 
10.051  9.144  8.402  7.648  6.922  6.949  7.367  7.552  8.097  8.728  9.665 
10.445  9.328  7.945  7.427  7.484  6.419  7.657  7.592  8.115  9.198  9.528 
10.089  9.306  8.063  7.558  7.078  7.209  7.690  7.468  8.469  9.028  9.812 
10.195  8.492  7.622  7.744  7.712  7.090  7.319  7.356  8.502  9.019  9.830 
 9.816  9.081  8.244  7.714  7.240  7.183  7.113  7.437  8.256  9.579  9.577 
10.063  8.963  8.276  7.375  7.244  7.245  7.746  7.599  8.605  8.793  9.940 
10.733  8.898  8.106  7.413  7.301  6.805  7.039  7.108  8.335  8.634 10.192 
 9.514  8.856  8.055  7.185  7.732  6.861  6.964  7.399  8.014  8.990  9.798 
 9.769  8.926  8.636  8.178  7.388  6.530  6.599  7.203  8.536  8.662  9.747 
 9.938  8.727  8.297  7.501  6.958  7.133  7.196  7.505  7.587  9.257 10.055 
 9.381  8.967  8.337  8.132  7.356  6.811  7.357  7.488  7.895  8.868  9.768 
10.431  9.059  8.154  7.719  7.292  7.247  7.404  8.004  7.992  9.123  9.915 
 9.777  9.383  8.110  7.689  7.048  7.065  6.885  7.136  8.285  8.456 10.291 
 9.702  8.537  8.803  7.228  7.095  6.791  7.272  7.909  7.827  8.453 10.024 
 9.828  8.802  8.158  7.606  6.821  7.360  7.206  7.821  8.805  8.678 10.588 
 9.675  9.026  8.320  7.304  6.883  7.520  7.311  7.815  8.155  8.737 10.274 
10.195  9.126  8.226  7.320  7.329  6.958  7.251  7.672  8.295  8.444 10.484 
10.052  8.878  8.372  7.456  6.866  6.986  7.297  7.489  7.720  9.345 10.618 
 9.718  9.369  8.053  8.291  6.958  7.192  7.260  7.666  8.440  9.452  9.918 
 9.918  8.953  7.881  7.823  7.001  6.738  6.302  7.529  7.844  8.542  9.535 
 9.902  9.126  7.949  7.380  7.668  7.062  7.214  7.847  7.785  9.241 10.185 
10.577  9.193  8.177  7.075  7.777  7.366  7.711  7.548  7.816  9.004  9.810 
10.329  9.065  8.235  7.012  6.849  7.335  6.535  7.915  8.491  9.230 10.600 
 9.845  9.384  7.748  8.364  6.932  6.442  7.077  7.393  8.226  9.102 10.719 
10.506  9.084  7.950  7.350  6.916  7.120  7.140  7.648  8.257  9.096  9.549 
10.533  9.170  8.153  7.616  7.782  7.431  7.143  7.312  8.659  9.349  9.767 
 9.757  8.516  8.117  7.787  7.472  7.413  7.503  7.446  8.340  9.423 10.364 
10.583  9.279  8.245  7.394  7.211  7.136  7.111  7.660  8.718  9.457  9.955 
10.017  8.853  8.231  7.441  6.955  7.464  6.596  7.710  7.923  9.378  9.550 
 9.672  8.703  8.479  7.361  6.755  6.904  7.328  8.035  8.289  9.306  9.737 
10.278  8.794  8.389  8.298  7.541  7.613  6.779  7.908  8.748  8.614  9.574 
 9.713  9.019  8.486  7.559  7.217  7.489  7.220  7.295  8.446  8.750  9.946 
10.040  9.201  8.378  7.247  7.258  7.128  6.549  7.074  8.499  8.660  9.115 
 9.465  9.489  8.818  7.473  7.016  7.037  7.619  8.228  8.358  9.246 10.144 
10.167  8.362  8.383  7.732  6.832  7.304  7.660  7.313  8.482  8.993  9.566 
10.000  8.868  8.306  7.804  6.893  6.782  6.519  7.543  8.605  8.896  9.785 
 9.954  9.392  8.527  7.080  7.197  6.714  7.114  7.671  8.563  8.339 10.756 
 9.839  9.176  8.508  7.792  7.162  6.845  7.456  7.808  7.735  8.883 10.040 
10.181  8.866  7.938  7.289  6.556  7.206  7.393  7.863  8.167  9.327 10.026 
10.937  8.568  8.638  8.495  6.981  6.854  7.336  7.775  7.513  9.278 10.748 
 9.934  8.429  8.240  8.274  7.242  7.336  7.169  8.220  8.067  9.458 10.061 
 9.935  9.221  8.033  7.126  7.644  6.530  7.233  7.589  8.393  9.146 10.041 
 9.914  8.946  8.590  7.753  6.934  7.163  7.306  8.081  7.982  8.797 10.299 
10.113  8.832  8.470  7.358  7.474  7.212  7.011  7.319  8.095  9.091  9.493 
 9.551  8.480  8.252  7.426  6.995  7.018  7.266  7.536  8.210  9.004  9.957 
 9.554  9.454  7.916  7.646  6.606  6.495  7.248  7.873  8.087  9.037 10.004 
10.281  9.443  7.988  7.783  7.592  6.897  7.011  7.489  7.928  9.106 10.329 
10.437  9.042  8.482  7.583  7.121  6.921  7.022  7.510  8.195  9.019  9.865 
 9.827  8.898  8.744  8.157  7.522  7.225  7.053  7.539  7.936  9.396  9.589 
 9.954  8.714  7.966  7.309  6.637  7.425  6.641  7.799  8.409  8.994  9.389 
 9.881  8.748  8.273  7.577  7.079  7.407  7.476  7.967  8.386  8.865 10.373 
 9.780  9.013  8.129  7.814  7.221  6.802  6.892  7.925  8.372  9.223  9.994 
 9.934  8.956  7.862  7.111  7.286  6.534  6.377  7.928  8.055  9.341 10.193 
10.051  8.695  8.021  7.726  7.268  7.282  7.250  7.295  8.679  8.879  9.772 
 9.462  9.186  8.437  7.835  6.886  6.900  6.941  7.666  8.457  8.704  9.955 
10.300  8.715  8.377  7.448  7.231  7.192  7.622  7.520  7.892  9.202 10.194 
 9.641  8.957  8.033  6.910  7.234  7.371  7.440  7.363  8.592  8.569 10.195 
 9.563  9.151  8.393  7.912  7.159  7.010  6.719  7.436  8.212  8.793  9.856 
10.113  9.499  8.061  7.550  7.193  7.359  7.130  7.568  8.716  9.071  9.177 
10.070  9.197  7.873  7.863  6.949  6.910  7.389  7.645  7.957  8.988  9.823 
 9.980  9.074  8.550  7.627  7.050  7.142  7.077  7.732  8.523  9.740  9.813 
 9.986  9.180  7.910  7.136  7.128  7.622  7.679  7.208  8.502  9.351 10.215 
10.395  8.958  8.137  7.778  7.078  7.318  7.022  7.223  7.849  9.005 10.002 
10.536  9.094  8.217  7.635  7.401  6.449  7.223  7.698  8.128  8.909  9.859 
10.292  9.493  8.471  7.910  7.644  7.174  7.344  7.785  7.844  9.296  9.759 
 9.868  9.144  8.119  7.515  7.639  7.033  7.420  7.494  8.050  9.196 10.286 
10.148  9.152  8.217  8.438  7.368  7.556  7.817  7.895  8.178  8.474  9.593 
10.538  9.592  8.512  7.578  7.080  7.385  8.162  7.472  8.195  8.240  9.834 
10.229  9.294  8.400  7.548  6.229  7.334  6.474  7.937  8.512  8.889 10.254 
 9.255  9.126  7.940  7.737  7.130  6.890  7.396  7.567  8.475  9.562  9.387 
10.178  9.103  8.137  7.597  7.167  7.067  7.051  7.542  8.354  9.824 10.115 
10.127  8.961  8.115  8.109  6.882  7.291  6.879  7.530  8.457  9.299  9.481 
10.376  8.956  8.223  7.080  6.773  6.975  7.367  7.877  8.270  8.990 10.027 
10.300  9.312  8.305  7.243  8.157  7.414  7.050  7.443  7.826  8.861  9.577 
10.170  9.007  7.594  7.930  6.997  7.077  7.568  7.328  7.712  9.779 10.303 
 9.731  8.973  7.609  8.410  7.157  6.867  7.203  7.500  7.806  8.824 10.175 
 9.850  9.186  8.376  7.847  7.673  7.005  7.203  7.428  8.027  9.232 10.400 
 9.889  9.122  8.198  7.431  7.265  7.009  7.841  7.845  8.202  9.347 10.313 
10.070  8.793  8.468  7.339  7.181  7.616  7.383  7.929  7.874  9.286 10.086 
 9.978  8.746  7.865  8.294  6.731  6.874  7.080  7.412  8.129  9.406 10.385 
 9.982  9.137  8.038  7.603  7.340  7.080  7.344  7.511  7.560  9.816  9.568 
 9.843  9.663  8.232  7.695  6.925  6.765  7.164  7.671  8.762  8.594 10.425 
 9.977  8.774  7.868  7.659  7.338  7.045  7.050  7.858  8.192  9.311 10.091 
10.053  8.921  8.064  7.266  6.822  6.377  7.180  7.273  8.320  9.143  9.894 
10.140  9.473  7.692  7.522  7.123  6.875  7.344  7.523  8.201  9.176 10.007 
 9.926  8.274  7.732  7.163  7.645  6.984  7.058  7.857  8.382  9.593  9.707 
10.172  8.824  7.923  7.762  7.134  7.598  7.036  7.799  8.199  9.726  9.214 
10.043  8.668  8.898  7.086  6.693  7.686  6.866  7.905  8.939  9.282  9.736 
 9.926  9.448  7.697  7.571  7.290  7.092  7.017  7.341  8.167  9.501  9.959 
 9.633  8.667  8.726  7.478  6.822  7.079  7.633  7.914  7.872  8.758  9.879 
 9.803  9.100  7.857  7.641  7.814  6.939  7.599  7.805  8.252  9.346 10.037 
10.125  8.898  8.009  7.636  7.036  7.667  7.099  8.025  8.473  9.367  9.831 
10.322  9.224  8.520  8.142  7.123  7.372  7.208  7.799  8.523  8.775 10.654 
 9.879  9.451  7.814  7.027  6.576  7.282  7.548  7.781  7.671  9.160  9.930 
 9.806  8.398  8.399  7.560  7.007  7.024  7.827  7.587  8.589  8.836  9.718 
 9.826  9.188  8.511  7.323  7.264  6.637  7.922  7.044  8.614  9.708 10.001 
10.693  8.898  8.325  7.541  7.212  6.962  7.295  7.517  8.539  9.141 10.159 
 9.866  8.569  8.302  7.710  7.557  7.141  7.263  7.665  8.250  8.725  9.892 
10.109  8.110  7.657  7.778  7.167  6.603  6.660  7.640  7.974  8.895  9.733 
 9.852  8.999  8.266  7.853  7.100  7.119  7.471  7.154  8.653  8.930 10.175 
10.223  8.951  7.597  7.621  6.933  7.269  7.375  8.000  7.960  9.372 10.216 
10.710  9.478  8.391  7.688  7.425  6.682  7.536  7.859  7.932  9.164 10.663 
10.274  8.870  8.184  7.627  7.019  7.658  7.201  7.498  7.801  9.194 10.234 
10.388  9.650  8.550  7.411  7.259  6.606  6.751  8.441  7.983  9.036 10.385 
10.200  9.523  8.170  7.111  7.100  6.673  6.949  7.562  8.128  8.429 10.169 
 9.620  9.039  7.707  7.428  6.996  7.708  7.302  7.388  8.182  8.804  9.863 
 9.773  9.517  8.033  7.628  7.067  6.941  7.146  7.981  8.400  9.246 10.146 
 9.683  8.747  8.793  7.346  7.221  6.668  6.530  8.204  8.450  8.847 10.231 
10.190  9.148  8.125  7.515  7.129  7.333  6.030  7.670  8.825  9.615  9.663 
10.306  9.162  8.750  7.332  7.172  6.483  6.854  7.680  8.420  9.193  9.921 
10.162  8.876  8.101  7.681  7.236  6.884  7.446  7.885  7.712  9.038  9.690 
10.279  8.640  8.147  8.466  7.198  7.039  7.834  7.298  8.225  9.177  9.954 
 9.800  9.438  7.646  7.270  7.480  7.401  6.948  8.101  8.091  8.753 10.132 
10.326  8.925  8.285  7.524  7.802  7.010  7.129  7.599  8.033  8.536 10.236 
 9.891  9.779  8.278  7.835  7.135  7.066  7.260  6.896  8.241  8.809 11.063 
10.600  9.193  8.236  7.551  6.919  7.620  6.772  7.372  8.067  8.906 10.158 
10.469  9.248  8.010  8.131  6.891  6.890  7.477  7.170  8.622  8.793  9.929 
10.504  9.624  8.258  8.035  6.950  7.702  6.867  7.767  9.022  8.950  9.981 
 9.938  8.995  8.219  8.127  6.737  7.781  7.057  7.608  8.304  9.343 10.125 
10.128  9.038  7.968  7.696  6.788  7.493  7.214  7.581  7.842  8.524  9.944 
10.039  9.209  8.488  7.594  6.826  7.337  7.316  8.153  7.963  8.947  9.807 
10.446  9.025  8.139  7.910  7.391  7.489  7.148  8.034  8.667  8.991  9.645 
10.147  9.201  7.771  7.724  7.461  7.301  7.015  7.701  8.284  9.244  9.687 
10.239  8.738  7.884  7.644  6.720  6.544  7.380  8.403  8.177  9.496 10.423 
10.230  8.581  8.194  7.310  6.985  7.174  7.045  8.141  8.490  8.994 10.066 
10.154  9.008  8.220  7.858  6.621  7.234  7.388  8.547  8.755  9.002  9.876 
10.035  9.043  8.010  7.518  7.426  7.355  6.193  7.815  7.975  8.370  9.761 
10.285  8.846  8.599  8.017  7.383  6.587  7.243  7.771  9.010  8.814 10.122 
 9.928  9.089  7.995  8.018  7.478  6.641  7.162  7.232  8.531  8.840  9.129 
10.274  8.566  8.849  8.033  6.795  7.308  7.647  8.021  8.043  8.858 10.721 
 9.405  9.316  8.671  7.548  7.108  6.747  7.478  7.519  8.428  9.080 10.372 
10.091  8.445  8.013  7.853  6.984  6.464  7.305  7.647  8.309  8.091  9.977 
10.220  8.785  8.059  7.674  7.324  7.167  7.398  7.475  8.129  9.123 10.390 
10.045  9.348  8.113  7.867  7.297  7.324  6.996  7.592  8.452  9.452 10.108 
 9.574  8.820  8.224  7.507  7.121  6.799  7.533  6.725  7.845  8.032  9.745 
 9.717  9.393  8.323  7.543  7.275  6.836  7.245  7.045  7.929  8.567  9.620 
10.295  8.860  8.403  7.345  6.795  7.213  7.240  7.515  7.734  8.901 10.243 
 9.384  8.922  8.198  8.230  7.110  7.251  7.341  7.598  7.872  8.963 10.775 
10.587  8.930  8.180  7.715  7.199  7.256  7.235  7.833  8.814  9.034  9.584 
10.192  9.529  7.943  7.535  7.155  7.218  7.222  7.473  7.884  8.701 10.439 
10.192  9.159  8.915  7.366  7.752  7.339  6.753  7.524  8.392  9.000  9.743 
10.013  9.084  7.985  7.291  7.307  6.819  7.708  8.333  7.695  8.753  9.821 
 9.727  8.330  8.163  8.507  7.944  7.081  7.296  7.198  7.552  9.678 10.152 
10.511  8.974  8.241  7.531  7.098  7.442  7.067  7.466  7.954  8.846 10.031 
10.080  9.108  8.029  8.219  7.333  7.145  7.300  7.535  8.522  8.854  9.919 
10.304  9.474  8.192  7.795  7.478  6.776  7.063  7.547  8.928  8.736  9.812 
 9.689  8.815  8.191  7.346  7.423  6.912  7.228  7.628  8.328  8.781  9.746 
10.468  9.019  8.236  8.015  6.801  6.904  6.734  7.376  7.834  9.156  9.577 
 9.595  9.422  8.269  7.787  7.412  7.316  7.212  7.499  7.971  9.093  9.557 
 9.570  9.190  8.033  8.035  7.136  7.243  7.241  8.191  8.185  8.972 10.441 
 9.677  8.793  8.040  7.963  7.304  6.495  7.697  7.337  8.442  9.115 10.485 
10.070  9.330  7.965  7.438  6.784  7.362  7.961  7.314  8.425  8.823 10.249 
 9.896  9.374  8.882  7.430  7.086  6.793  6.916  8.218  8.741  8.341 10.023 
10.035  8.296  8.222  8.023  7.177  7.160  7.041  7.556  8.497  9.040  9.972 
10.259  8.978  8.521  8.104  7.276  6.697  7.336  7.460  7.718  8.784  9.809 
10.077  9.206  8.044  7.575  7.471  7.077  7.427  7.940  8.471  8.853 10.272 
10.302  9.356  8.139  7.293  7.244  7.011  7.029  7.600  8.510  9.537 10.318 
10.396  8.980  8.710  7.613  6.980  6.761  7.177  7.535  8.382  8.904 10.672 
 9.510  9.546  8.358  6.972  6.966  7.142  7.134  8.140  8.157  9.586 10.209 
 9.484  8.482  8.318  7.878  6.709  6.431  6.568  7.791  8.135  8.756 10.401 
 9.782  8.360  8.633  7.994  7.388  7.080  6.695  7.409  8.194  9.046 10.145 
10.138  9.129  8.245  8.432  8.117  6.905  7.182  7.676  8.194  8.968 10.082 
 9.691  8.992  8.146  7.662  7.489  6.647  7.182  7.705  8.226  9.042  9.933 
 9.899  9.571  7.946  7.411  6.996  7.113  7.087  7.622  8.283  9.112  9.930 
 9.935  9.127  7.878  8.054  7.500  7.127  7.212  7.990  9.110  8.864 10.045 
10.348  9.007  8.142  7.635  7.160  7.585  7.800  7.294  8.129  8.999 10.464 
 9.793  8.681  8.070  7.511  7.214  7.121  7.365  7.879  8.134  9.180 10.102 
10.360  9.172  8.293  7.621  6.800  6.879  7.372  7.840  8.108  9.531  9.508 
 9.751  8.809  8.390  8.069  6.908  7.125  7.366  7.877  8.058  9.104  9.921 
 9.831  8.543  8.340  7.174  7.335  7.224  7.262  7.612  8.007  8.813  9.480 
 9.746  9.275  8.708  7.969  7.072  7.353  7.249  6.982  7.881  8.880  9.743 
 9.959  9.074  8.047  7.518  6.971  6.888  6.821  7.362  8.244  8.960 10.030 
10.129  9.240  8.261  7.474  7.520  6.541  7.426  7.741  8.436  8.758 10.281 
10.736  8.962  8.262  7.401  7.461  7.628  6.756  7.265  8.066  9.271 10.245 
 9.841  9.067  8.517  7.796  7.314  7.206  6.423  7.704  7.888  8.804  9.566 
 9.559  9.258  8.145  7.774  7.023  6.608  7.319  7.732  8.409  9.645  9.898 
10.218  8.355  7.969  7.049  7.108  6.793  7.564  7.813  8.117  8.788  9.751 
 9.883  8.640  8.312  7.539  6.629  6.485  7.028  8.096  8.139  9.377 10.301 
10.284  8.921  8.407  7.126  7.654  6.860  6.997  6.905  7.532  9.175  9.572 
 9.744  8.547  8.476  8.018  6.874  7.134  6.885  7.737  8.533  9.041 10.564 
 9.987  8.331  8.681  7.430  7.412  7.339  7.024  8.115  8.429  8.675 10.089 
 9.686  9.062  8.366  7.888  7.602  7.213  7.467  7.320  8.131  9.166 10.229 
10.043  8.615  7.759  7.769  7.380  6.876  7.245  7.456  8.676  8.566  9.484 
 9.925  8.914  8.232  7.281  7.153  7.237  7.309  7.586  7.941  9.009 10.455 
10.111  9.118  8.400  7.161  7.280  7.043  7.384  7.436  8.061  9.024  9.536 
10.357  8.280  8.048  7.634  6.914  7.698  7.304  7.943  8.136  8.966  9.667 
10.398  9.540  7.858  7.397  7.727  7.034  6.996  7.976  8.315  9.140 10.301 
 9.696  9.170  8.509  8.113  6.995  7.181  7.114  7.645  7.884  9.147 10.303 
 9.641  8.934  8.802  7.059  7.141  6.920  7.298  7.220  7.842  9.521 10.146 
10.150  8.833  8.578  7.891  8.227  7.153  6.774  7.695  8.110  8.855  9.875 
 9.988  9.113  8.247  7.412  7.057  7.009  7.454  7.121  8.259  8.630 10.154 
 9.962  8.433  8.227  7.755  6.807  6.961  7.660  7.545  7.852  8.926 10.057 
10.570  8.810  8.420  7.787  7.559  6.919  7.301  7.787  8.303  8.978 10.125 
 9.958  9.382  7.893  7.482  7.141  7.330  7.076  7.221  8.464  8.892 10.091 
 9.595  8.786  7.539  7.804  7.093  7.007  7.135  7.420  7.644  8.591 10.232 
10.534  8.875  8.315  7.822  7.036  7.442  7.117  7.783  8.344  9.152 10.030 
10.197  8.992  8.236  7.763  6.960  6.667  7.358  7.954  8.429  8.799  9.656 
 9.576  8.935  8.171  7.880  7.256  7.001  6.746  7.607  8.386  9.129 10.179 
10.019  8.978  8.713  7.459  7.549  6.895  7.444  7.796  7.970  9.260 10.001 
10.148  9.151  8.197  7.686  7.255  7.307  7.019  7.982  7.800  8.977 10.651 
 9.721  9.400  8.288  7.459  7.420  7.471  7.545  7.803  7.906  9.538 10.324 
10.038  8.851  7.932  7.854  7.088  7.219  7.531  7.942  8.394  8.569 10.352 
10.105  9.409  8.459  7.654  7.224  7.524  7.444  7.096  8.262  8.749  9.851 
 9.913  9.103  8.124  7.507  7.188  7.202  6.919  7.783  8.279  8.854 10.616 
10.348  9.141  8.287  7.741  7.374  6.782  7.329  7.362  8.235  8.809 10.307 
 9.793  8.497  8.329  7.431  7.043  7.218  7.047  7.145  8.078  8.443 10.418 
10.482  9.117  8.612  7.920  7.274  7.245  7.667  8.243  8.714  8.937  9.333 
10.150  8.942  7.735  7.970  7.494  7.041  7.228  7.792  7.901  8.842 10.144 
 9.690  8.714  8.229  7.444  6.991  7.457  7.058  7.987  8.458  9.033  9.815 
10.150  8.839  8.357  7.601  7.523  7.151  6.942  8.070  8.225  8.942 10.152 
 9.263  9.154  8.126  7.497  7.332  6.727  7.105  7.104  8.460  8.652 10.096 
10.125  9.475  8.514  6.874  7.289  6.867  7.378  7.699  8.211  8.734 10.177 
 9.584  9.080  8.170  7.577  7.310  7.083  7.283  7.248  7.693  8.865  9.936 
 9.930  9.111  8.327  7.638  7.068  7.000  7.086  7.527  8.086  8.619  9.464 
10.055  8.741  7.832  7.024  6.687  7.050  7.138  7.455  7.815  9.184 10.177 
 9.908  8.958  7.961  7.159  6.864  6.936  7.123  7.507  8.366  9.422 10.069 
 9.858  9.007  8.029  7.918  6.885  6.564  7.783  7.335  8.300  9.264  9.964 
10.505  9.137  7.890  7.572  7.340  7.082  6.985  7.282  8.687  9.241 10.457 
 9.977  8.673  8.608  7.323  7.481  7.157  7.232  7.070  7.830  8.841  9.706 
10.066  9.075  8.177  7.294  6.958  6.491  7.126  7.473  8.234  9.600  9.343 
10.071  8.832  8.287  7.509  6.873  7.078  7.416  7.568  7.922  9.454 10.446 
 9.823  9.306  8.040  8.163  7.812  7.449  7.447  7.794  8.204  9.104  9.924 
10.127  9.433  7.969  7.958  7.485  6.770  7.070  7.981  8.117  9.706  9.644 
 9.659  8.975  8.336  7.623  7.437  7.762  6.600  7.820  8.116  9.031 10.146 
10.069  9.142  7.871  7.655  6.826  7.642  7.436  7.109  8.915  8.577 10.006 
10.244  9.142  8.043  7.550  7.262  7.313  6.957  7.776  8.822  8.635  9.819 
 9.860  9.019  7.948  7.025  7.665  6.774  6.793  7.729  8.197  8.845 10.254 
 9.907  9.442  7.951  7.023  6.482  6.982  7.290  7.772  8.470  8.841  9.978 
 9.922  8.815  8.484  6.992  7.131  6.913  6.952  8.177  8.334  8.587 10.037 
 9.768  9.246  8.821  7.713  7.404  7.011  7.945  7.914  8.487  8.805  9.602 
 9.903  8.631  8.196  7.460  7.629  7.467  7.455  7.559  8.894  9.346 10.252 
10.525  9.350  7.893  7.975  7.553  7.404  7.338  7.224  8.315  8.929 10.290 
10.480  9.223  8.636  7.133  7.140  7.441  6.726  7.660  8.169  8.566  9.791 
 9.828  9.108  7.945  7.579  7.283  7.762  7.035  7.404  8.053  9.375 10.360 
 9.792  9.151  8.531  7.557  6.805  7.025  7.370  8.112  8.420  8.805 10.134 
10.431  9.154  8.773  7.545  7.350  6.905  7.305  8.057  8.103  8.335 10.146 
 9.972  9.206  8.374  7.977  7.041  6.682  7.091  7.541  7.865  9.116  9.939 
10.077  9.191  8.040  7.956  7.519  7.218  7.868  7.600  9.013  9.293 10.054 
 9.680  8.484  7.856  7.403  7.292  7.081  6.405  7.236  8.610  9.081 10.072 
 9.893  8.797  8.912  7.345  7.979  7.331  6.833  6.653  7.436  8.645 10.151 
10.263  8.824  7.906  7.369  6.812  6.820  7.751  7.827  8.592  9.235  9.431 
 9.687  8.672  7.913  7.638  6.448  6.661  7.426  7.217  8.714  8.800 10.009 
 9.889  8.599  7.847  8.118  6.819  7.146  6.934  7.904  8.466  9.072 10.058 
10.107  8.962  8.285  7.185  7.375  7.083  7.237  7.556  8.543  9.572 10.220 
 9.458  9.197  8.466  8.014  6.971  7.082  7.249  7.126  8.098  9.251  9.821 
 9.761  8.926  8.408  7.647  7.159  6.947  6.897  7.119  8.301  8.810 10.046 
10.021  8.792  8.603  7.843  7.195  7.131  7.609  7.873  8.101  8.376  9.755 
 9.736  9.709  8.009  7.753  7.080  6.722  6.852  7.485  8.119  9.417  9.965 
10.098  9.135  8.350  7.480  7.509  6.630  7.068  7.405  8.244  9.174 10.178 
 9.931  9.629  8.202  7.346  6.488  6.901  7.073  7.714  8.766  8.829  9.558 
 9.740  9.136  7.991  7.481  6.955  7.243  6.973  7.734  7.589  9.825 10.136 
10.296  8.833  8.204  7.699  6.717  7.279  6.818  7.547  8.466  9.554  9.862 
 9.976  8.705  8.616  7.364  6.555  6.433  6.873  7.333  7.768  9.523  9.786 
 9.557  9.414  7.870  7.845  7.283  6.516  7.216  7.418  7.931  8.991 10.176 
10.122  8.978  7.780  7.171  7.365  7.213  7.314  7.639  8.172  9.298 10.158 
 9.704  8.700  7.593  7.787  7.145  7.252  7.212  8.269  7.841  9.500 10.518 
10.141  9.418  8.056  7.785  7.185  7.077  7.025  7.551  8.239  9.168 10.139 
10.170  8.951  7.771  7.728  6.972  6.644  7.016  8.426  8.308  9.077  9.433 
 9.780  9.290  8.576  7.861  7.298  7.298  6.933  7.587  8.875  9.185  9.221 
10.980  9.444  7.905  8.039  7.603  6.654  6.991  7.841  8.133  8.910  9.957 
 9.915  8.869  8.110  7.355  6.873  7.587  6.899  7.403  8.572  9.183  9.604 
 9.758  8.806  8.273  8.018  6.938  6.813  6.855  7.353  8.089  9.381 10.204 
 9.892  9.342  8.168  7.731  7.153  7.719  7.430  7.734  8.228  8.662 10.193 
10.050  9.215  7.584  7.151  6.889  7.118  7.463  7.719  7.979  8.769 10.199 
10.027  8.750  8.108  7.226  7.738  6.988  7.771  7.764  8.425  8.853 10.291 
 9.893  8.828  8.293  7.654  6.762  7.238  7.445  7.407  8.508  9.141 10.361 
 9.503  9.237  8.455  7.662  7.010  7.119  7.360  7.571  8.483  8.912 10.067 
 9.599  9.403  8.184  8.008  7.541  7.144  7.225  7.810  7.959  9.622  9.963 
10.510  9.649  7.898  7.365  7.123  7.446  6.971  7.696  7.804  9.689  9.831 
10.035  8.674  8.273  7.955  6.697  7.377  7.299  7.570  8.356  8.799  9.955 
 9.920  8.644  8.316  7.734  6.944  7.498  7.781  8.198  8.199  8.659 10.629 
 9.945  8.829  7.729  7.060  7.299  6.913  7.846  6.913  8.419  9.245 10.291 
10.042  9.360  8.111  6.974  7.157  7.149  7.350  7.690  8.064  9.455  9.524 
10.378  8.970  8.454  7.735  6.780  7.474  7.508  7.601  8.916  9.180  9.880 
10.037  8.966  8.164  8.179  7.247  7.215  7.147  8.003  8.192  8.556 10.256 
10.025  8.910  8.562  8.199  7.171  6.861  6.705  7.564  7.994  8.640 10.155 
 9.360  9.312  8.625  7.839  6.875  6.537  7.492  7.139  8.438  9.245  9.914 
10.284  8.764  8.608  7.701  7.112  6.945  7.347  7.095  7.747  9.380  9.596 
10.168  8.763  7.930  7.807  7.213  7.216  7.670  8.569  8.102  9.055 10.204 
10.651  9.066  8.324  7.063  7.151  7.296  6.744  8.004  9.333  8.817  9.930 
10.160  8.569  8.370  8.312  7.174  7.461  6.963  7.602  8.174  8.936  9.693 
10.182  9.401  8.116  7.924  7.295  7.073  7.568  7.939  8.354  9.534 10.109 
10.318  8.820  8.821  7.472  7.324  6.522  7.175  7.513  7.808  8.915  9.971 
 9.380  9.187  8.259  7.939  7.254  7.449  6.694  7.299  7.873  8.825 10.324 
10.112  9.326  7.773  7.969  7.178  7.147  7.185  7.689  8.259  8.933 10.171 
10.180  9.183  7.966  6.967  7.190  6.477  7.564  8.284  8.309  9.032  9.733 
10.215  8.892  7.805  7.392  6.994  6.844  7.086  7.541  7.961  8.955  9.770 
 9.902  8.696  7.943  7.426  7.534  7.014  7.359  7.422  8.148  8.647 10.338 
10.379  8.879  8.326  7.787  7.518  6.863  6.715  7.250  8.179  8.677  9.995 
10.149  9.302  8.472  7.494  7.263  7.306  6.904  6.899  7.975  9.412 10.034 
 9.822  8.614  8.181  7.218  7.376  7.337  6.934  7.649  8.167  8.752 10.106 
10.588  9.435  7.939  7.899  7.295  7.182  7.455  7.048  7.857  8.841  9.803 
10.089  9.170  8.805  7.759  6.731  7.307  7.389  7.281  7.795  8.665 10.156 
10.204  8.977  8.195  6.868  6.977  7.017  7.291  7.328  7.816  9.264  9.541 
10.315  8.821  7.239  7.653  7.241  7.012  7.237  7.577  8.990  9.318  9.556 
10.056  9.499  8.512  7.857  6.877  6.722  6.838  7.653  8.425  9.590  9.696 
 9.991  8.986  8.240  7.340  6.814  6.717  7.302  7.617  7.986  9.399  9.942 
 9.924  8.836  8.294  7.506  6.767  6.876  7.362  7.573  8.018  8.857 10.212 
 9.916  9.381  7.785  7.962  7.060  7.435  7.282  7.644  8.395  8.726  9.934 
 9.910  8.584  8.132  7.542  7.530  6.955  7.313  7.663  7.932  8.729 10.020 
10.036  9.335  8.235  7.480  7.018  7.303  6.945  7.484  7.463  8.967 10.401 
 9.793  9.139  8.307  7.511  7.340  7.175  7.319  7.787  7.803  9.021 10.033 
10.434  9.016  7.964  7.231  7.250  6.928  7.140  7.490  7.646  9.271 10.369 
 9.425  9.352  7.907  7.540  7.322  6.945  7.860  8.042  7.890  9.139 10.090 
 9.743  9.211  8.579  7.394  6.935  7.436  7.429  8.040  8.103  9.351  9.743 
 9.701  8.672  8.341  6.871  6.726  7.387  7.171  7.671  8.197  9.603  9.806 
10.176  9.061  8.643  7.765  7.003  7.142  6.834  7.320  8.176  8.820  9.635 
 9.999  9.213  7.915  7.271  6.940  6.560  7.395  7.727  7.913  9.852  9.894 
10.157  8.722  7.560  7.495  7.645  7.305  7.173  7.581  8.077  9.063 10.192 
 9.605  9.254  8.037  7.660  7.314  6.727  7.199  7.432  8.320  8.341 10.341 
10.472  9.217  8.380  7.605  7.866  7.162  7.421  7.427  7.491  9.547 10.001 
 9.562  9.625  8.419  7.506  7.609  7.181  7.085  7.958  7.939  9.785 10.322 
 9.998  8.341  8.442  8.251  7.295  7.236  6.737  7.568  8.571  8.975 10.045 
10.774  9.036  8.339  7.111  6.851  6.861  6.985  7.789  8.376  9.154  9.995 
10.448  9.837  8.081  7.341  7.028  6.876  7.071  7.628  8.108  9.287 10.031 
10.047  9.062  9.114  7.849  7.393  7.092  7.330  7.715  8.175  9.400  9.860 
 9.701  8.807  8.510  7.468  7.240  7.672  7.023  7.887  8.211  8.807  9.465 
10.093  8.811  8.536  7.413  6.845  6.887  7.418  7.562  8.761  8.715  9.591 
 9.783  9.379  8.520  7.411  7.149  7.337  6.967  7.134  7.989  9.119 10.666 
10.439  9.063  8.189  7.926  7.543  7.014  7.193  8.173  8.221  8.721 10.039 
10.128  8.632  8.157  7.353  6.812  7.491  7.898  7.924  8.492  9.118 10.270 
10.174  9.104  8.511  7.276  7.471  6.648  7.453  7.202  8.500  9.061  9.534 
10.068  8.926  8.509  7.710  7.495  7.654  6.941  7.590  7.995  8.589 10.153 
10.024  9.033  8.121  7.904  7.169  6.620  7.294  7.276  8.325  8.827  9.857 
10.053  9.383  8.213  7.704  7.941  7.139  7.471  7.544  8.407  9.142  9.488 
 9.918  9.090  7.636  7.703  6.761  7.416  6.565  7.492  7.953  9.383 10.162 
 9.722  8.772  8.849  7.763  6.168  7.092  6.789  7.506  7.938  8.843 10.000 
10.109  9.204  7.817  7.974  7.433  6.661  7.236  7.473  8.103  8.981  9.478 
10.041  8.931  8.095  6.674  7.208  6.913  7.624  7.766  7.693  9.055 10.436 
 9.609  9.001  8.090  7.990  7.274  7.172  7.875  7.472  8.267  9.005  9.799 
 9.839  9.319  8.009  7.630  7.409  7.222  7.022  6.861  8.026  9.272  9.903 
10.109  8.779  8.589  8.104  6.687  7.366  7.496  7.298  7.936  8.470 10.385 
10.601  8.675  8.367  7.687  7.181  7.127  6.759  7.867  8.719  8.635  9.544 
 9.367  8.937  8.387  7.526  7.036  7.241  6.690  8.046  8.054  8.997 10.421 
10.382  9.678  8.395  7.941  7.328  6.759  7.330  7.532  8.228  9.453 10.039 
10.035  9.091  8.708  7.732  7.503  6.746  6.850  7.227  8.030  9.151 10.189 
 9.804  8.933  7.852  7.533  7.333  6.791  7.419  7.070  8.728  9.789 10.029 
 9.935  9.175  8.629  7.813  7.454  6.865  6.863  7.789  8.631  9.352 10.347 
 9.818  9.705  7.681  7.828  7.426  7.278  6.880  7.595  8.370  9.375 10.157 
10.027  8.661  8.011  7.297  7.115  6.837  7.273  7.538  7.921  9.300  9.435 
10.207  9.119  8.095  7.710  7.252  7.262  7.248  7.724  8.118  9.121 10.085 
10.578  8.890  8.096  7.165  6.652  6.803  7.397  7.438  8.175  9.090  9.791 
10.457  9.177  7.984  7.074  7.071  7.210  7.187  7.972  7.736  8.830  9.795 
10.416  9.179  8.438  7.672  6.986  6.659  6.853  7.535  8.556  9.248 10.469 
10.337  9.141  8.103  7.241  6.960  6.944  6.973  7.928  7.977  9.717  9.940 
10.212  8.886  8.384  8.073  7.496  7.065  7.141  7.105  8.114  9.210  9.827 
10.182  9.049  7.932  7.288  6.936  6.678  6.492  8.063  8.206  9.056  9.765 
10.127  9.130  7.928  7.033  7.045  7.079  7.450  8.301  8.744  8.403 10.341 
 9.927  9.328  8.188  7.097  7.210  7.589  7.323  7.655  7.581  9.074  9.795 
10.185  8.807  7.760  7.030  7.334  7.226  6.495  7.789  8.427  9.074 10.714 
 9.835  9.143  7.515  8.152  6.991  7.086  7.049  7.787  8.763  9.296  9.840 
 9.909  9.664  8.130  7.598  6.906  7.207  7.231  8.157  8.475  8.718 10.473 
 9.284  9.098  8.427  8.005  7.185  7.031  6.901  8.022  7.886  8.660  9.948 
10.077  8.663  8.814  8.345  7.941  7.314  6.671  7.246  8.131  9.372  9.763 
10.318  8.895  8.670  7.505  6.982  7.135  7.445  7.954  8.417  8.708 10.073 
10.075  8.943  8.267  8.924  7.203  7.064  7.320  7.452  8.371  8.868 10.464 
 9.817  9.301  7.916  7.300  7.139  7.086  7.075  7.666  8.324  9.087  9.767 
 9.748  9.004  8.580  8.322  6.636  7.736  7.021  7.420  7.844  9.038 10.197 
10.486  9.425  8.518  8.084  7.230  6.474  7.517  7.185  8.251  8.419  9.572 
10.479  9.404  8.356  7.146  6.956  7.327  7.323  7.674  8.170  8.913 10.285 
10.037  8.871  7.995  7.625  6.953  6.735  7.734  7.513  8.422  9.750  9.804 
 9.504  9.081  8.013  7.588  7.285  7.594  7.147  7.600  8.409  9.289 10.243 
 9.976  9.170  8.127  7.298  6.711  6.627  7.718  7.397  8.143  8.994  9.709 
10.284  8.495  7.970  7.666  7.080  6.313  7.605  7.259  8.569  9.614  9.310 
 9.685  9.478  7.866  7.682  7.693  7.352  6.560  7.269  8.563  9.139  9.925 
 9.944  9.036  8.184  7.721  6.893  6.816  7.674  7.811  8.832  8.997  9.600 
