 1.585 -3.796 10.838 -2.347  9.672 -10.122 30.084 -3.543 11.354 16.396 31.287 
 6.761  6.144 -4.496  0.649  3.736  4.511 -12.288 -10.236 15.697 16.600 16.632 
12.277  7.350  1.066 10.785  7.501  5.532 12.595 -5.817 -0.694 22.279  0.776 
25.766 22.798 19.748 -9.114 -14.850 -1.564 -3.719 10.227  0.788 13.665  9.632 
42.500 -11.150 12.264  9.634 18.500 12.187 20.564 34.919 -0.552 17.676 31.246 
-4.583 15.751  8.117 12.055 11.238 -7.074 17.396  2.768 14.176  0.176 14.260 
 0.596  9.871 16.836 15.565 -4.931 -1.421 -5.577 -0.078 12.511 23.094  6.911 
-8.682 13.767 -2.847  7.515 18.839 25.119 17.097  3.990  3.881 -17.371 -4.365 
12.480 18.275  6.236 -3.786  7.901 -3.961 -1.124  1.279 15.044 10.810  6.609 
-7.443 -10.086 -0.024 27.194  9.310  4.820 11.480 20.364  9.061 -4.096  6.662 
 1.361  6.953  0.693 16.738  3.280  2.526 -0.090  9.912  2.396 14.819 34.315 
-4.371 20.045 -9.727 10.222 -7.954 -8.956 26.687 20.190 24.127 -15.344  3.007 
18.162 14.180 22.037  9.348 -6.753 -6.284  1.496  1.826  1.363 28.946  5.860 
15.780  8.502 14.040 10.693 20.706 -9.110 21.947 17.633  3.154 -5.421 20.459 
 4.563 -12.394 20.301 -9.884 -12.195 -1.756 32.210 10.249 22.927 -11.064 22.045 
 3.261 11.766  3.598 14.018  8.474 27.671 -3.891  4.425 26.294 23.692 17.758 
 7.486 25.001 15.562 15.731 -7.194  6.678 29.680  9.303 29.544  3.729  4.749 
12.806 -0.440  9.032  7.905 15.429 -6.689 24.367 18.211  9.235 -5.765 20.104 
 8.572 -0.696  5.724  9.971 19.714  6.789  6.741  4.439 -7.078 14.249 16.327 
17.559 -3.219  2.868  1.798 -9.616 23.362 12.493 -11.587 20.996 11.843  6.052 
11.772 22.047 12.579 -1.090 16.279 16.178 -5.831 21.030 13.258  2.828 11.314 
-1.412 10.222 18.749  5.056 13.285  7.010  1.015 -3.930 -9.132  7.376  3.305 
-1.010 15.906  9.688 -8.929 11.269 12.518 10.209 12.887 25.400 -8.536 24.075 
 4.792 27.349 20.931 -9.009 13.028 13.713  1.804  1.684  6.400  1.733 14.239 
 9.961 -3.143  1.378 19.893  2.333  4.912 21.615  0.225  4.307  1.752  8.194 
 1.560 29.704 -5.191 12.190  1.555 10.115 -3.332 21.531 20.298 17.429  3.815 
21.305  0.699 -4.284 30.454  6.463 16.113  7.346 -12.486 17.837 28.124  6.369 
 8.104 -1.538  9.831  3.127 18.857 -9.339 -7.935 -12.833 10.400 10.021 15.745 
-3.976 15.936 -4.120  4.402  7.357 22.799 24.758 -6.119 -1.891 21.430  5.991 
12.837  3.925 10.064  1.873 20.872  6.858 11.300  2.773 10.994 13.731  4.941 
 0.977  4.188  9.355 10.760  8.884  3.482 29.702  1.249  7.993  1.481 26.697 
-1.493 18.093  8.337  4.648 28.549  1.664 -0.089 -0.014  3.357 11.026 13.641 
23.211  9.180  5.908 23.570  0.587 10.908  6.498  2.101  0.292  6.301 18.144 
 9.436  7.635  2.680 -8.572  3.953 17.939  6.313  6.585  1.189 17.618  9.582 
 7.369 17.319  8.754 -3.977  8.826 14.016 -11.750 15.149  5.804 13.787 12.404 
 6.290 11.124 -2.730 20.154 16.447  2.816 -5.576 16.117 13.624 16.924 -2.880 
15.386 -14.176 15.336 -0.024  6.447  9.480 -0.148 -16.634 18.567  4.440 27.344 
-5.542  4.677 24.033 18.379  7.283  8.060  4.196  2.393 10.579 15.349 19.238 
13.488  5.003  8.386 -7.466  2.657 -2.894 19.997 -11.089  4.658 -3.349 13.198 
33.247 18.690 22.769 25.845 -9.298  9.841  4.494  4.490 -6.420  2.128 20.196 
 7.503 14.370  7.698 14.021  5.405 16.309  7.825  4.531  3.047 20.630 12.641 
-3.111  9.576  2.698 11.606 13.830 -6.348  3.329 -3.120  8.930 16.827  3.447 
 8.639  1.506 13.398  7.489 14.408 20.525 -0.887 -8.372 31.052  2.390  4.061 
18.454  8.462  6.723 -1.806  5.185  3.662 19.529 10.951  8.060 14.409  7.136 
13.284 20.396 21.415  0.540 -3.455 16.900  2.082 34.282  6.254  2.560 16.801 
-3.252 -1.712 -2.081  9.981 -0.582 10.269 12.848  9.706  1.108 30.561  9.286 
 8.851 10.000 21.669  2.802  7.869 12.812  7.432 -4.603  6.335 -2.764 16.891 
32.296 14.313 11.805  7.397 -0.619  2.299 -3.276 11.708 26.542  5.004 24.467 
16.867 -8.153  5.123  0.650  9.519 15.029  5.514  4.380 14.359 -1.472 17.154 
 7.653 13.113 11.389  5.757 19.043  0.626  3.727  3.705  6.649  8.422 15.348 
 5.328  5.729  5.013 19.276 -5.641  1.809 12.426 -6.946 16.999  7.713 10.242 
12.166 -7.066 20.927  1.565  0.577  8.757 14.871 -2.859 18.415 10.279 -4.275 
-7.786 14.325 26.708  3.925 -12.401 -12.238  5.820 -6.579 31.279 -0.410  2.550 
 2.319  6.805  6.547 -10.434 26.517 -13.049 -18.579 20.167  8.770 27.005 30.944 
 5.147 13.428 17.516  1.270  2.769 -5.593  2.689 11.030 14.319 26.499 -5.500 
22.455 19.412  5.335  4.690 -8.350 15.518 -3.657  6.915 18.594  8.741  7.783 
22.123 12.778 19.087 -10.057 24.066 -5.234  1.169  8.496  5.736 27.560  0.301 
 6.446 14.150 -1.877  8.524  5.422 11.765  9.020 17.952  8.769 25.403 17.302 
 3.739 25.953 -1.628 25.311  2.550 -1.559  0.620 24.603 -5.628  3.377  1.140 
15.744 -3.921 22.014 11.239 24.677 -6.080  6.687  2.852 18.789  2.175 20.920 
-0.648 23.666 12.412 -3.982 10.581 14.767 -7.373 10.513 27.677 21.984 26.009 
11.740 -4.032 10.125  5.296  8.892 -0.273 -0.710 14.115  7.470 -2.207 14.334 
-3.130 23.805  4.214  3.692 11.698 12.482 13.062  9.755 -4.037 17.795 21.754 
21.057 -2.595 -11.162  0.589 24.809 12.228 33.073 28.660 23.825 15.674  5.366 
 8.333  3.971  1.860 14.867 -10.214  9.728  9.994 29.374  7.810  7.660 21.390 
24.017 -6.955 15.467 19.898 12.887 19.576 -0.940  2.052 18.879  0.761 14.474 
17.127 26.319 18.656 -3.551  4.481  6.080 13.926 17.677  6.223  6.675 18.612 
22.255  9.903 23.001  3.066 -1.933 17.042 32.050  6.193  8.519  1.931  3.730 
 2.069  9.039 -1.707 14.342 13.062 12.514 -2.182  3.817  0.582 19.239  6.641 
 9.042 11.613  0.605  7.478 19.810 -5.527  1.356 17.948 -6.209  8.969 -4.131 
-7.612 26.813 13.148  9.030 28.660  5.628 19.049  3.194 25.112 10.668 -1.607 
15.875 -0.787 -8.269  2.047 22.716  5.151  1.329 19.609  1.650 11.565  1.410 
 2.528 16.906 10.948  3.354 11.619 -2.664 12.153 14.856 19.229  8.261  2.774 
 1.488 20.483 12.705 13.243  5.840  2.454 -4.563 22.530 -0.504  0.056 12.199 
-6.218  2.680 15.073 12.195 17.873 11.955 10.684 22.265 -12.076 20.282  8.837 
-5.866  9.755 15.105 18.888  0.811 -16.388 -8.555 -6.660  2.388 24.682  7.751 
11.470  8.880  6.998  3.356 28.418 11.744 -0.491  9.430 13.727  2.092  6.200 
-5.671 15.237 22.365 11.780  4.942 21.279 -6.717 23.823  9.015  5.554 22.583 
11.336 16.858  7.895  8.423  9.835 -18.797  4.768  8.031 21.134 10.033 11.947 
 0.152 -2.340 -3.382 11.367  8.377 -2.466  2.517  4.167  8.582 26.579  2.670 
 9.868 -2.549  4.427  6.990 20.081  8.566  0.558 14.190 -6.064  1.036 24.827 
 8.446 17.060 -12.125  3.034 10.168 -20.552 20.774 26.965 -6.179 12.432 14.329 
23.886 -0.878 14.710  1.940  6.645 14.352 20.102  2.304 17.982 27.971 22.650 
29.317  6.765 21.272  7.201 -2.030  9.628  0.721  5.760  5.946  5.098 13.198 
-0.613 20.993 -0.670 27.046 21.397 16.736 16.175  0.939  9.732 -6.194 12.621 
 7.777 13.932  2.825  2.413 13.857 -0.606 10.251 11.618 22.245 14.843 15.846 
 7.790 13.836  8.321 -8.228 -4.532 11.400  4.473 13.543  3.959 12.221 19.961 
 7.277  8.837 16.183  5.289 11.222 15.148  4.703 15.247  3.726 13.775 -2.340 
 7.957  5.954 -9.735 19.620 -6.317  4.568 -11.032  4.345  6.544 23.094 -1.635 
-3.650  2.231  5.117 -4.433  1.339 10.591  8.011 14.715  7.023 17.397 13.387 
15.821  7.010  4.762 25.984 15.738 -4.698 -1.793 -5.300 17.349  4.429 18.482 
11.924 11.496  3.253 16.807  3.710  0.277  5.918 12.132  5.404  1.119 18.082 
23.165  5.578  1.809 -3.332 -1.880  5.169 12.829 15.651  0.215 -12.069  8.118 
23.091  9.800 22.796 24.763 -2.138  8.513 14.816 25.060 21.580 -13.390 14.268 
13.083 -9.895 10.857  2.504 -8.403  3.660  1.865 -1.430  5.952  5.842 15.708 
29.436 11.378  3.951  2.442 11.636  7.740 -5.972 10.733  8.211 36.494 10.185 
28.521 14.809 -8.300 17.965  6.072  5.043  4.019 15.272  8.258 14.711 26.246 
 3.452  2.808 -5.142 23.778  5.551  1.537 17.931  1.075  7.980  7.302 27.823 
16.571 -1.690 25.536 -1.636 -0.270  8.181 27.416 35.970  9.913 -1.523 10.164 
-10.526 -12.106  7.042  7.391 14.476 11.791 12.272  9.411 19.193 15.188  9.478 
-8.272 -3.690  4.436  1.736 14.855 -3.529 -8.526 21.401 13.351  1.038 12.492 
 1.671 24.401 21.049  2.144 23.865 17.170 -2.122 14.372  5.356  1.776 12.216 
12.574 15.975 39.655 10.926 10.944 20.312 19.061  2.828  8.333 38.616 12.169 
 7.899 14.043 -12.444  4.374  4.546 24.937 -1.067 26.419  0.646 18.100 15.211 
 5.843  3.348 25.621 -1.334 -3.421 35.006  7.670 17.425  3.297  7.586  3.612 
25.045  8.127  3.678 -6.427 17.043 15.571 -9.422 17.050  8.549  6.860 21.706 
 9.458 18.491 22.696  2.031  7.781  5.072 -12.272 13.539  3.297 16.322  7.568 
 9.790 -6.505  5.767 -9.530  7.740  3.663 -3.046 -0.595 15.724 17.086 23.473 
23.900  3.715  0.450 15.240  9.438 24.020 10.375 11.539  9.186  4.475  5.293 
 1.554 13.827  4.002  9.912 12.743 11.078  1.084 -0.040  8.270 10.738 23.758 
 0.363 12.622  9.817 -12.974  1.300 -19.491  6.273  3.978 11.400 -6.321  6.259 
-2.855 32.498  1.483  1.495  8.526 -10.369  7.204 -2.412  8.761 23.298 -3.569 
38.017  6.870  7.432  9.319 14.200  3.405 35.447 19.173  6.851 -0.340  2.124 
 3.973  5.712  1.882 14.319 -2.231 10.416 -5.423 -4.171  5.343  6.189  5.314 
18.341 -6.994  9.940 -13.770 23.157  1.577 -1.479  5.595 15.117  5.107 26.217 
18.602  1.478 10.124 12.322 12.173  4.663 11.486  3.989  9.451  7.428 -1.198 
10.985 -0.493  2.065  8.226 17.906 11.566 11.324 -7.629 -12.311  9.410  0.166 
 6.938 -7.202 20.185  5.044 -0.080 11.820 15.886 16.609 -1.210  2.105 28.584 
 4.479 26.887  9.458 15.589 11.269 16.153  4.558 14.069 10.173 12.267 11.940 
 2.616 13.608 29.758  6.602 -6.563  7.109  4.359  1.759  2.773  3.199 11.797 
17.219 18.831 -1.474  3.750 16.637 12.113  7.059  9.852 12.386 10.377  9.191 
19.274 11.377 -7.173 -24.763  2.602  7.846 10.198 28.484  2.721 28.885  9.223 
21.706  8.722  8.129 13.640  5.765 24.251  8.103  8.590  0.497 14.952  0.902 
-9.828 19.293 21.707  8.581 11.569  2.735 15.901 21.878 12.287  6.737 -3.310 
 5.506 22.631 18.887  3.007 15.214 -4.278 -5.042 -6.908  9.630  9.860  3.750 
16.622 18.486 19.579 28.549 24.237 -5.525 15.189 30.184 -4.249 -4.184  7.665 
-2.693 18.006  1.282 10.843 14.636 -12.249  9.942  0.171 10.832 14.136 -7.810 
14.117 11.081 -4.277 25.802  4.103 12.347  7.349  8.861  4.199 -13.915 15.142 
14.129  0.903  5.239 15.267 -9.994 15.199  6.384 -1.590 10.810  4.324  5.247 
-0.738 17.966 -14.587  9.087 28.511 10.864  8.779  9.859  1.140  3.491  6.272 
15.292  8.242 17.634 14.843  4.188  7.210 10.335 11.854 20.926 17.613  7.672 
11.929  6.587 22.306  5.465 -7.452  6.553 18.675 -6.346  5.997 -4.979 18.197 
 3.634  6.438  3.979 -4.797 18.674  9.083 -4.253 28.108 -10.491 -5.249 16.327 
 8.200 18.243 -10.960 -4.446  9.013 -10.928  7.791  0.759 25.183  6.844  3.693 
17.688 17.143 24.580  5.199  0.167 17.540 11.868 -1.365 -0.980  0.085 17.537 
22.688  7.444 14.154 23.212 10.528 17.328 -2.615 24.713 27.873 25.904  7.553 
 9.104  0.017 14.775 16.187 20.899 31.172  8.090  6.827  7.877 24.686  2.297 
27.049 20.353 -8.018 -4.583  5.594 14.133 14.804 11.036 16.464  2.323  8.551 
12.559 15.716  0.231 15.352 -10.802  8.258  4.335 -0.058  1.148 17.376  2.220 
 7.710 -10.335 27.962 -23.298 29.218 -7.874 21.268 -1.428  1.377  9.474 10.905 
11.337 30.449 13.478  8.839 17.967 -3.201 -5.093 22.580 13.360  8.174 10.768 
14.628  8.510 -1.769 -8.048  2.333 13.698 11.633 -3.604  0.277 12.207  7.199 
-1.474 12.446 -2.597  9.697 10.490  7.646 11.283  1.592  7.879  6.607 20.694 
 9.503 20.332 -6.348  6.358  1.306  8.060 26.680  1.029 16.108 26.282 15.215 
 2.856  9.062 12.656 -2.795 10.070 16.901 15.469 16.020 10.902 -1.760  4.216 
-2.750 -6.347 -23.697 20.618 -8.155  2.562 -18.228  5.893  9.255 -9.685  1.512 
27.496  0.438  8.292  1.323 -1.798  2.914 -10.773  4.871 -0.901 24.858 32.800 
 5.750 22.785  6.420  0.649 21.223 11.023  9.198  9.340 -9.448 -0.247 -0.594 
18.076 20.964 30.047 10.566 21.410 19.813 19.166 21.137  0.834 17.148  0.722 
16.667  9.876 14.018 -1.517 -11.094 22.634 -10.514 -5.321  8.500 20.924  5.087 
17.403 15.285 12.090 10.740 25.084  9.077  9.189 31.315 10.550 -4.948 34.643 
22.570 17.314 14.163 10.571 12.889 10.877 15.013 10.077  1.099  4.289 18.084 
10.336  7.166  4.639  5.132  1.830  5.584  7.126 -6.368 -3.967 -2.738 12.774 
19.808 32.839  2.752 -2.036 37.654 10.590  5.367 -2.116 -6.001  8.642  5.265 
11.784  8.166  5.115 21.730  8.394 -11.619  1.440 18.948 14.061 22.442  3.902 
-2.472  5.220  0.800 17.978 26.029  4.029  0.207 -2.167  4.681 27.502 15.736 
 9.141 16.975 19.085  8.550 10.188 16.489 25.246  5.378 34.568 -3.093 -5.986 
-9.873 10.195  9.434 26.257 10.869  0.945 -1.716  8.842  2.514 16.727 -6.532 
 3.980 -2.865 32.362 18.013  1.727 -9.692  2.999 -1.716  2.508 21.642 31.032 
 2.475  5.207  1.354 -15.323 -9.280  8.357 22.274 19.476  2.523 -8.062  7.514 
17.015 -0.234 -0.606 -16.100 22.625 33.175 19.642  3.625  0.952 24.410 18.914 
16.644 12.703 32.444 10.380 -26.353 16.685 -1.576 13.205 24.565 -9.743 14.328 
 6.693  8.810  6.201  3.951  2.638 12.110 -0.160  2.949 10.998 13.923 13.724 
-4.976 23.164 19.143 10.557 12.559 18.379 -0.825 15.067  2.323 15.555  7.638 
27.783 22.395 16.652  3.710 27.925 14.660 14.018 13.912  9.233 16.491 12.993 
30.706  6.880  8.239  7.389 14.327 13.737  1.071  5.316 21.296  5.701  6.220 
-1.958 15.117  8.936 25.409 -2.584 11.247  4.341  3.662 19.980  9.249 15.004 
19.089 -1.421 -3.867 -2.211 -2.745  9.309  0.985 -7.843  9.347 16.727 13.887 
 9.694  1.957  7.114 -0.891 -0.586 -2.397  5.667 15.696 10.085 -11.163  3.957 
 7.006 12.911  4.880  8.906  3.804 24.162 -0.030 -3.912  0.861 15.811 13.626 
 5.611  0.106 -14.350 -3.664  3.115  8.367 11.347  7.731 12.938 -2.192 27.320 
12.582 -2.785  0.918 13.894  0.232  3.168 11.353  4.650  3.160  8.826 -5.968 
-5.863 -2.398  8.732 15.844 27.466  5.990 -1.901  5.006  9.213 15.845 10.310 
-0.091  1.145 18.421 14.566  6.092  6.995 18.092 -11.142 10.715 13.223 -2.257 
 6.246 14.189 16.761  3.468  0.861 11.945 11.692 23.765 21.863  7.730 23.859 
16.978  3.998 -8.163  6.807 -3.043 21.959  6.012  7.935  4.773  6.921 26.113 
15.061  2.631  7.904 13.865 12.532 14.535 -7.774 22.395 29.620 -3.342 11.385 
15.691 11.643 10.772 12.286  5.432 22.055 15.362  6.284  5.168  6.391 24.651 
10.145 25.680  8.513 11.492 20.943 -12.711  1.736 21.744  2.770  1.591  4.546 
 6.449  3.276 25.142 22.546  2.955  6.511 11.754 -1.329  2.161  6.705 16.505 
 1.506 13.959  6.957  1.782 -12.057  9.934  0.246 14.268  7.957  5.353 13.143 
14.893 15.922 15.507  2.905 21.939 -2.817  4.677 14.259  4.269 23.600 12.685 
17.913 -6.735 17.243  2.890 -2.947 16.287 -0.954 -4.024  7.200 19.748 -9.096 
 8.323  7.905  2.054 -1.652 23.220  7.001 15.731 20.738 30.834  1.272 13.232 
20.301  0.931 24.740 32.544  4.013 -0.811 16.774  1.738 -3.783 13.243 26.941 
 9.458 -0.011 18.115 16.753 23.943  1.446  1.840  1.499 12.283 -0.462 -8.206 
-10.875 18.111 20.643  8.976 17.681 14.895  1.428  7.709 21.946  4.829 -12.139 
24.813 -2.939  1.215  3.890 11.800 16.680  7.700 10.794 17.374  7.009 11.194 
14.763 15.812 15.768 -2.756 14.873 -2.664 -0.024  3.048 -1.992 -8.684 16.361 
-0.505  7.278  4.008 17.096 21.217 16.248  1.588  6.880 -10.674 25.039 -11.349 
15.202  8.964 -13.572 19.955 15.405 25.246 -16.398  0.621 16.198 13.140 12.686 
 3.532 10.465  1.278  2.179 -10.725  8.270 20.125 13.812 14.993 15.519  5.394 
13.309 18.265 10.663  8.797 21.400  7.492 11.066 22.433 -0.657  0.559 -8.931 
 1.920 -9.948 16.671 10.903 21.556  1.397 11.048 -1.598 10.284  4.591 10.818 
29.513 -3.097 37.750 13.725 17.500 22.367  7.122 27.484 11.552 17.866 14.783 
17.108  7.761 10.089 13.568 -19.026 -7.357 20.585 15.230  7.278 12.591  1.946 
15.782 -7.239 15.757 -1.974  0.316  5.421 12.264  2.469 14.003  8.899 -4.484 
 7.619 10.843 19.916  3.194 -1.865  5.856  3.850 19.602 20.211 25.851  2.159 
20.327 20.946  9.244 14.263 11.668 -10.830 -2.745 11.696  7.417 14.451 -0.265 
 2.491  0.431  1.863  2.412 -10.641 17.551  0.552 -13.975 12.304 -5.632  4.609 
 9.536 -3.960  8.094 15.321  3.207  4.303 14.429  7.128 -1.503 11.913  3.910 
 5.090 22.733  5.210 -1.431 14.739  2.796 11.623 -8.536 10.336  3.316 13.256 
20.718 -9.351 22.274  6.919 16.294 17.404 22.069  7.708  3.989 26.200  0.168 
-5.738 31.028 14.038  5.016 10.353 29.470 -3.160  3.791  3.379  5.120 11.400 
-10.157  7.235 16.959 27.019  6.597 -6.362 13.678 -17.640 -4.211 10.271 11.947 
 4.987 14.930 -1.989 20.246  9.334 27.053 -8.592 -3.815 19.840 10.262  6.742 
 6.851 23.174 20.367 -4.939 -6.417 -3.026 -0.440  0.462 15.372 17.292  6.825 
17.094 21.877 21.851  0.594 -9.605 -6.536 -5.501 -9.774 31.224 11.225 25.098 
 4.226 16.678 17.696 -2.517  4.919 14.327  8.003  8.330 -5.841 24.301 10.627 
 2.012 -8.965 -10.392  9.274  3.989 32.966 18.194 -4.272  7.649 18.683  5.628 
 9.898 -6.762  0.895 17.803  6.938  1.682 13.992  7.948 18.237 19.622  5.731 
17.148  5.444  4.502 -1.068 18.612  3.771 11.184 -3.617  8.554 18.214 26.371 
-0.981  8.293  6.029 -5.876 -3.227 -6.155 -14.171 -3.002  7.703  7.621 16.501 
-0.421  0.958 15.547 12.342 -0.135 15.206  4.579  1.453 19.958 13.133 29.646 
 0.451 15.945 19.446 10.531  9.042 -4.028 -0.564  8.774  1.618 14.998 27.455 
-1.931  9.274  6.742  7.154 -1.495  4.093 12.752 -2.915 17.220 15.779  5.295 
 9.066 -0.819 14.652 16.532 13.055 18.645  3.298 34.314 11.562  9.611 -1.744 
-8.389 15.938 23.906 -10.495  5.007 -8.259 26.537  3.968 -17.198 -1.033  3.227 
12.059  4.822 17.260  8.544 14.804 20.720  3.161 10.438 15.446  1.983  6.970 
-3.229 -1.939 12.022 -6.866 20.248  9.010 10.966 22.519 -1.975 14.721 10.952 
 7.384 -1.841 15.528 -3.041 19.747 12.459 25.570 -1.802  1.058 22.520 -11.357 
-11.805  7.793 19.117 30.494  9.619 12.811 -0.032  2.742 -11.930 27.178 14.152 
-2.605  4.893 18.819 -15.706 19.232 -16.360  0.486  6.311 -13.775 13.436 14.489 
11.312 -0.500 10.330 -1.487  7.738  6.114  1.179  9.527 10.279 24.356 15.406 
 7.662 -0.047 -0.093  9.845  5.515 27.701  6.187  7.009 20.453 13.924 20.490 
 0.186 15.859 11.842  9.339  6.089 14.501  9.374 -22.309 29.457  2.239 11.783 
 9.609 10.259 -0.541  5.690 15.672 -3.228  7.134  8.386 12.064  7.289 -5.222 
 8.861 19.094 11.410  0.139  5.970 -8.597  9.911 18.029 -10.212 14.368 17.539 
12.507 16.436 -5.104  7.634 -4.073  7.372  2.700 34.471 19.576  3.865  8.988 
 5.422  8.454  6.210 13.253 -5.959  1.497  2.401  8.956 11.908  2.691 -4.231 
 4.442 15.806 10.103 11.027 -0.689  2.823  1.408 28.278 -1.498 13.636 15.794 
13.817  7.919 23.514 17.003  2.501 -3.881  8.332 18.222 10.124 -1.621  1.219 
10.480 -4.326 10.404  9.392 -6.328 -16.536 12.735 14.221  3.220  4.213  5.873 
-5.094  8.306 17.603 11.387  4.608 23.709  8.539 11.059  9.653 25.090  9.216 
13.347  5.211 27.306 -0.098 -8.963 11.296 -12.979 21.324 11.089 -4.639 12.747 
12.006 13.689 -26.180 19.683 -3.149 13.587 17.399 30.264 -14.204 -3.527 12.543 
 0.680  9.330 27.450  5.149 -2.812  4.797 11.827 10.859  1.072  2.698 18.563 
 8.777 -4.513 12.778  9.468 27.146 16.455  9.602  4.928 -13.148 -1.255 11.261 
12.183  7.478 19.514  3.344 18.223 -11.360 16.111  9.587 10.208  8.205  2.665 
 7.312 20.517 17.853 18.536 -0.336 12.388 17.289 21.572 25.117 -14.272 -2.668 
 6.482  4.940  9.013  5.343 -5.384 17.426  3.458 12.794  6.116 17.958  8.515 
 2.753 20.531 31.928 -22.025  3.618 11.337  4.648  8.496  3.933  6.122 17.578 
21.922  8.865 21.126  9.664 -3.148  2.481 -13.836 12.591  5.489 30.060 10.173 
 7.355  0.755 16.020 19.415 -5.996 18.512  3.031 -4.934 10.370 33.459  9.005 
10.827  8.041 -5.548  0.929  5.489 13.748 -4.983 -1.416 22.655 15.090 22.253 
 5.934  1.021  3.733 25.177  7.356 -13.262  8.282  5.306  5.852 13.004  9.354 
-3.930 -11.845 -6.379 16.968  2.063 -19.541 -13.443 15.077 13.406  5.741 21.701 
 7.561 17.679 10.496 -6.956  0.722 14.000 19.671 15.223 13.002 10.780  9.178 
18.395  1.218 -1.046 -3.307 25.941 28.592 16.362 -11.248 12.570  8.089  5.689 
-2.359 11.260 -15.515  3.800  1.039 12.852 14.148 10.594 10.384 -7.342 27.046 
12.350  7.356 27.842 27.056 21.039  5.675 -16.556 22.297 15.663 13.205  7.895 
-12.039  0.971 28.505 35.414 21.513 12.343  2.406 -18.510  2.522  2.055 22.265 
 3.217  1.772  1.181  7.999 10.404 -12.749 25.983 12.420  9.075  8.391 -1.069 
24.886 19.198  9.689 -2.016 18.298 17.661 16.279 -11.969 24.492 13.594  5.009 
22.631 23.772 31.925 14.839 12.798  6.222 -0.787  6.989 12.429  9.811 -2.279 
 2.953 24.474  3.848  0.995  5.876  8.095 16.793 10.133 -5.418 10.874 19.854 
 4.367 10.875 14.030 18.019 14.032 24.323 24.174 15.727 18.497 19.724  0.605 
27.522  7.014 15.177 16.380 28.809 -1.548  5.566  4.492 16.695 12.534 22.538 
26.953 18.092 16.571 -3.803 15.853 -0.922  2.340 -1.736 12.284 -0.024 -0.528 
15.827  5.167 17.689  6.834  5.325 -5.271  0.241  9.747 25.614 10.996 10.859 
 9.179  8.863  8.465  3.030 12.605 -11.995 -4.195  8.849 16.596 13.565 10.813 
 6.265 -2.153 -5.373 25.149 12.738 20.143 16.550 11.765  4.604  7.178 -4.090 
12.125 -5.714  4.708  6.942  6.027 -10.856 -16.992 17.449 19.489 -11.423  4.007 
14.640  6.591  7.692  9.504  4.448  2.597 -16.075  0.821 -1.685  6.116  9.833 
 3.888 21.499 -0.077 -10.571  3.291  8.975 15.733  1.313 18.685 14.177 24.553 
 6.189  1.068  9.825  7.601 12.157 -4.943 19.061  4.850  8.404 28.429 11.321 
 1.480 -5.001 33.557  2.144  3.645 -5.414 27.477 14.579 26.446 16.056  6.167 
22.321  6.848 23.716 -1.035 -6.913 17.203  9.874 37.572 24.200 12.957  6.407 
-7.243 17.370 21.806  8.987 14.820 16.187 -4.820 18.340 24.709  0.520 15.030 
 1.452  8.905  2.532 -20.797 13.064 -7.220 19.376 19.351  2.796 12.327 16.968 
12.993 12.582 35.092 14.551 12.745  1.202 11.377 10.991 10.823 -2.841  9.365 
-11.014  3.635 26.226 -11.155 10.938 11.596 13.189 -5.734  3.504 12.136 33.393 
 5.943  3.898 25.515 -1.783  5.675  4.663 -0.173  2.422  5.941 10.671  7.118 
 3.779 14.070 10.618 -11.492 -6.444 25.173 30.687 10.608 24.499  3.755 15.143 
-4.387 18.730  5.701  7.968 14.198  5.028 15.510 20.659 13.394 14.761 14.996 
 5.504 -1.406 28.506  5.299 -1.262 -1.428 15.541  8.614 14.087 -3.651  8.288 
 7.790 15.137 -7.209  2.992 -3.248 28.454 20.113 -1.623 -7.306 19.796 -5.619 
24.711 13.724  7.345 13.867 12.319 -1.705  5.228 28.599 -3.832 11.478  6.473 
10.030  9.178 -9.360 20.092 19.929 13.690 15.907  6.594 -20.161 21.928 25.033 
-0.188 26.636  9.098 -3.386 13.607  5.414  3.947 13.847  6.095 19.275 13.900 
 9.182 15.311 16.580 27.282 19.579 25.084 17.903 -2.114 10.137 25.715 22.726 
 4.506  9.127 -3.281 27.387  6.665 -8.502  8.512 24.275 11.615  0.909 12.829 
23.085 -4.053 18.249  9.172 11.324  1.957  7.862  7.824 22.008 13.376 24.904 
13.311  3.946  0.371  8.452  7.476 12.069 27.390  8.411 12.912  8.314  0.807 
18.759  0.740 17.143  9.309  5.028  0.467  2.319 18.362 15.556 -6.106 14.057 
10.108  5.232 12.113  5.591 -21.727 -7.694 22.692 14.970  4.614 -7.862 21.029 
 6.856 -10.629  8.460  0.059  3.190 17.280 -10.507 30.904 11.157 -14.951  7.813 
-1.622  4.309 -4.066  3.886 15.270 -1.931  5.411 15.513 10.459 21.647 17.679 
14.435 12.925 21.384  9.289 -16.766  2.362 10.096  9.397  4.317 13.945 12.465 
12.929  0.338 20.356 -0.972 -5.643 -2.820  6.949  7.654  6.425 -10.674 11.363 
24.099 15.328 35.178 11.311 18.370  5.049 11.718  6.899  3.918 -2.196 -0.092 
13.076  8.146 15.198  8.463  1.035 17.174 14.482  5.105 11.380 17.945 21.066 
22.875  8.590  9.149 -1.825 14.634 -2.636 -7.178 29.956  6.310 10.902 25.799 
10.382 13.001  1.911 13.519 15.973  7.174 -8.491  5.800 -0.351  3.256 -4.967 
32.206 34.478 25.721  7.917 -0.120 21.269  5.484  4.336 -4.824 26.216 29.084 
17.686 16.158  0.551 11.865 11.089  3.053  4.002  8.854 17.034 15.994 10.785 
 8.668 11.216  7.034 -2.142  4.230 12.342 12.657 20.516 10.932 26.487 20.716 
13.446 -16.744 15.019  7.606  3.773  5.389 12.964 10.395 14.763 19.847 18.040 
19.154 13.621  1.023  6.692 12.578 17.707 -0.912 18.706 19.338 -6.602 24.018 
 6.575 -14.743 10.054 18.556  9.620 10.505  2.817 23.677  8.384  9.544 19.596 
-4.669 -4.336  4.796  0.935 17.918 -12.270 14.307 21.944 17.846  1.064 -4.895 
 2.237 22.639  7.715 15.183 19.623  9.856 18.530 19.276 10.450 15.510  4.220 
 0.561 14.412 16.345 -4.016  2.052 -6.250 27.273  3.825 18.583 -1.257  9.685 
22.180 25.349 14.873 16.130 14.788 20.893 16.986 -3.428 10.565 24.868 20.609 
19.082 26.025 15.046 13.489  1.023  6.126  7.327 15.583  7.064  4.631 -11.257 
 9.597 11.581  5.559 13.190 23.976 15.389 16.257  2.261 -1.678 -9.657 12.307 
23.227 26.557 -0.746  8.076 -6.535 17.271 -3.543 -4.437 10.465 15.620  9.628 
-1.617  6.118  2.683  0.160 11.863 20.418 19.251 29.842 22.017  8.665 13.409 
26.808 -1.406  8.758 11.514 11.737 10.412 16.670 22.038 -5.945 14.876  5.333 
-4.570 -8.153 11.732 -1.987 -4.518  8.996 -3.154  6.587 -2.705 14.912 16.017 
14.424 -3.075 -3.027 22.812  7.810 -4.260 12.281  9.620 10.910  9.259  7.054 
16.288 -6.340  6.901 -6.934 14.031  9.740  4.923  8.764 19.156  5.382 -2.235 
 2.927 12.224 -4.982 16.658 -11.701 10.811 -1.704  1.267  5.358 -10.551  1.428 
 9.181  8.191 11.803 17.698 -6.896  2.465 -7.671 -7.915 -3.975 10.248 -2.943 
19.655 -0.010  5.724  9.593  2.523 25.478  6.924 -4.677 -1.314  8.839 18.395 
-3.013 -5.453  7.371 17.732 16.702 25.282 10.501  1.447 -2.143  5.569 -10.629 
-0.091  8.890 21.675 -7.553 18.006 -0.599  4.733 -3.013 -5.538 10.397 11.423 
-0.005 13.499 18.840  7.737 15.564  3.086 10.284  3.551 12.468 27.611  1.824 
14.232 16.400 18.167  7.018 14.252 -14.938 13.341  5.187 11.481 14.203  3.414 
 6.219  4.387 -9.441 29.872 -8.910 17.088 -0.638  4.192 29.076  8.968 11.551 
27.725  7.390  1.176  0.725  0.585 28.908  4.394  2.594 -3.170 10.976 21.765 
15.395 16.407 21.576 14.239 -11.039 25.095 -5.741 10.201 12.132 12.754 22.378 
-2.272 13.087 -2.063 -2.437 27.150 20.018 11.493 12.502 -2.026 16.639 16.353 
 4.440  6.657 -0.473 -4.884 -5.405  4.781  3.217 13.581  3.750 22.458  8.301 
15.599  3.319 12.019  3.078  5.520  5.069 -4.832 12.210  3.229 10.636  3.188 
22.943 16.716 -3.165  9.985  6.462 15.015  8.433  4.561 -5.672  9.535 16.746 
 2.253 -4.019 -0.285 -1.143  7.285 23.234  3.512  2.168 12.778  4.411 23.396 
23.087  2.852 12.121  8.211  4.720 -3.717 18.868 -0.823 18.825  1.346 18.837 
-5.521  3.930  2.930 12.290  6.809 -2.873 14.606  6.660 -1.168 -1.192  2.550 
 3.149 16.827  9.040 -4.940 10.536 -12.941 12.800 -2.246 13.061 26.653 21.855 
24.311 26.583 14.553 12.967  4.032 -2.312  5.732  2.421 12.152 16.280 15.459 
21.259 -7.480  8.591  5.816 -9.557  2.148 12.115 -2.960 17.160 10.197  4.676 
 1.165 15.363  7.947  2.359 13.709  7.384 -11.647  4.541 -8.161 15.878  6.038 
 6.431  9.025 26.823  2.468  3.958 -8.616 11.434 25.186 -8.940  2.646  5.183 
 4.131  6.653 17.918 20.906 -0.899  9.760 18.724 -25.633 16.117  0.186  3.461 
28.565 16.233  6.007 -6.306 10.040  8.928 12.316 -1.225  6.319 11.379 17.410 
15.463  4.960  9.524 -3.703 13.447  6.849 11.742 19.269  0.909 19.931 10.168 
 6.837 -21.131 -7.509  8.952 10.635 17.826 17.879 -3.200 10.788 10.271 -14.569 
-1.680 -0.450  3.737  7.391 15.726  7.636 -5.766  3.768  8.349 19.449 44.987 
 6.776 20.783 10.333  9.549 22.661  0.416  6.542 -7.418 16.276  3.005 -6.503 
13.164 -4.453 -5.455 17.431 17.146 23.909  2.903 22.047  4.287  7.724 22.978 
-4.949  5.971 10.099  6.365  4.704  5.033  4.835  6.487 -14.326  6.550 14.023 
-2.044  8.289 10.895  2.474  3.466 20.604 -1.086  2.420 22.331  0.627 20.509 
-4.227 10.999  0.186 -9.020 14.133 10.917 -5.619 -4.692 12.180  9.074 -2.486 
 8.562 16.236 16.820 -5.042 13.707 13.719 23.594  3.638 11.720 28.615 13.172 
19.499  3.882 21.953 17.332 -10.341 -3.385  6.649 -6.726 -12.863 12.891  7.381 
-5.028  8.295 -7.312  3.356 21.011  6.313  7.531 22.287 10.107 21.273 14.879 
18.485 17.425 14.818  5.391  5.867 -17.820  5.154 10.486 -4.526 -11.297  9.758 
22.714  1.935  9.735  4.284 21.903 -0.055  1.307 -11.315  1.038  1.190 14.107 
19.381  0.450  9.780  2.216  9.547 10.841 -0.610  6.142 23.098 -10.096 12.131 
 7.888 31.382  3.453 10.447 16.630  1.505 10.225  3.684  0.154 16.611  9.271 
21.912 14.445 11.243  9.381  8.441 17.254  0.946  5.794  5.210 -7.779 24.209 
 5.360 15.715 23.248 15.408 -11.505  8.426 -1.927  8.392  5.197 10.001 -7.894 
15.310 -2.758 24.698  5.181  1.488  5.063  7.845  1.861  6.624  4.235 21.663 
14.112  5.388  9.258 -1.822 -4.666  4.455 13.948  6.137 15.037  1.137  4.079 
21.308 16.372  8.406 13.656 13.596 14.414 11.134 14.564  2.236 18.133  3.400 
25.594 13.243 14.528 17.389  3.542 -6.661 22.173  1.643  2.870 18.248 -10.208 
 4.186 28.688 22.625  8.564 17.911  7.521  6.521 12.810  0.381  9.905  7.766 
18.027  4.949 -8.774 -1.485  0.521 10.827  1.890 24.062 -0.515 -3.067 16.776 
 6.926 15.009 11.287  6.823 20.658 27.949  8.320  5.817 -20.670 14.734  6.218 
16.545 -6.051  4.533 -5.972  1.820 -5.297 18.455 19.341 -8.130  8.431  1.227 
-2.773 -1.703 22.807 17.928 11.727  7.218 16.674  8.995 11.704 13.333  0.762 
 1.894 -2.863  9.561 20.052 16.058 30.167  9.775  4.434 22.782 -2.405 12.933 
15.346  3.699  4.665 17.730 -9.485 24.514 11.712  1.751  0.003 25.554 -1.457 
-0.947 27.511 14.986  7.759 -5.817 -1.742  1.874 16.792  8.005 10.467 13.217 
 4.842  1.291  8.647 19.657 -14.940 -2.852 12.531 -7.760 21.767 18.761  3.594 
24.982  6.834 10.160 -9.032 18.891 -6.245  9.672  3.112  2.884 20.113 13.516 
17.012 15.931 10.948  9.526 -1.886 12.859 -11.927 16.618  3.826  9.409  9.342 
15.614  3.804  1.854  7.269 10.820 16.988 15.059  5.610  3.435 -9.883 27.468 
 0.253 14.442 13.104 22.924 19.324 11.709 15.018 -9.755 -13.029  7.017  8.763 
-2.111 -6.318  8.769 23.987  7.140  9.207  8.308 14.086 11.620  6.485 21.294 
 5.652  3.909 27.573  2.579 -8.180 10.743 13.056  4.843  8.742 -5.029 -2.699 
 6.698 17.509 12.853 -11.488 22.151 -2.643  0.377 -1.536  6.083 22.705 11.548 
11.317  6.015 21.302 11.741 -20.357 -5.059 13.884 26.503 -1.774 17.543 29.264 
13.807 16.560 15.055 18.466 14.320 -14.452  1.417 16.507 28.289 10.411 10.314 
13.190 -12.257 24.638 18.925  5.589 -3.118 14.656 -9.614 -4.590  0.472  2.101 
 5.953  4.844 21.671  9.180 18.128  4.581 10.137 -2.832  6.410 21.545 17.112 
16.399 -1.184  2.693 11.614 11.168  9.481  7.940 21.169  1.442  8.193 22.331 
12.253 10.095 -3.574 24.051  5.780  7.884 -0.784  5.261  2.367 14.158 14.865 
28.593 36.241  2.866 13.865  8.399  2.221  5.429 15.341 21.029 -3.433 11.706 
 7.012 12.146 10.103  0.835 -1.542 24.799  3.554 -18.711  3.292  4.751 15.743 
12.993 25.005 -5.409  5.731 15.938 27.754  7.459  6.034 12.174 13.312  6.812 
 9.217 -5.170  9.522  7.210 17.215  8.114 -0.343  8.662 -10.109 17.139 25.157 
25.752 16.630  9.987 17.722 25.898  3.820 -6.051 14.426 14.851  8.923  5.387 
-0.754 22.587 11.018 16.120 10.434 -11.726 22.201 13.244  7.510 25.027  9.722 
18.691  3.091 16.236 11.019  5.620 -11.750  5.371 -6.263  9.915 10.256 12.266 
 5.659 25.141 -2.509 21.264  1.644 15.858 23.520 17.126  9.339  7.410 12.465 
-1.778 -7.329 17.261 11.184 15.740  8.444  2.354  7.426 15.988 25.685 19.524 
 9.423  8.179 -12.251  7.136  7.397 15.764 17.640  5.889 17.657 25.594  9.064 
11.271  6.669 -8.539 10.651 -2.725  7.299 -5.792 23.989  3.881 12.961  7.588 
 3.661 -2.309 16.019  3.123  3.875 18.020 21.610 -0.883  0.834  8.521  8.823 
26.884 11.680 -10.170 12.596  9.948 -1.634 12.456 27.232  8.839  8.638  4.001 
 0.345 15.271  9.703 13.109 -1.049  9.824  2.594 -6.825  6.777 -6.229 12.953 
16.108 14.825 -4.300 10.491 11.050  3.345 13.153 -1.687 10.812  9.099  7.652 
-0.485 17.662 -3.237  5.291 15.726  0.992 -12.108 -1.006 -10.216 15.935  9.954 
11.615 29.195 -0.477 14.461 -3.795  4.163  4.058 10.243  2.553  8.291 17.208 
16.890 -5.372 16.746 21.134 -12.559 12.492  1.237  7.375 -2.872 11.665 12.280 
 1.075  8.012  5.653  3.130  4.036 17.655  9.272  3.417  9.413  2.874 15.063 
 7.073 19.905  1.588 16.641 -9.571  0.982  3.046 12.645 29.552 -2.352 24.743 
 0.452 31.967 18.896 -3.712  5.380 -1.041 20.302  3.680 -4.497 11.813 13.086 
 4.195  7.661 17.447 20.685 -11.489 -5.953  3.625  9.528 17.369  8.932 12.055 
29.255 11.078  7.546 -2.784  2.685  5.014 17.771 10.265 18.256 27.605  5.836 
26.044  7.167  9.762 14.093 -5.975  2.390 20.613  3.698 32.016 11.188 21.402 
-2.334 13.562  1.806 19.555 11.342  9.544 20.958 -1.228 -2.342 -1.333 -2.188 
 7.083  5.041 25.904  8.622 -1.094 -6.070 11.227 16.635  1.834 -7.270 11.077 
16.783 -0.463 13.800 14.336  3.634 14.440  6.992  2.642 22.005 12.037 40.716 
-2.271 21.810 -1.792  2.405 -14.380 27.936  6.474 -2.181 14.408 18.510  7.095 
12.940 20.870  0.990  6.248  6.054  1.912  1.962 -7.156  2.616 31.502  7.731 
-0.793 -6.184 -9.804  8.963  2.131 30.272 -0.756  8.050 17.922 11.105 13.176 
13.837 12.673 17.507  6.123 -6.148  7.766 19.561 -11.487  6.038  7.013 -3.338 
19.400  1.625 18.895  0.512  5.879 -8.207  2.281 -7.719  8.504 13.422  9.886 
16.411  5.019 16.619  8.832  2.840 20.237 20.010 -0.509 -0.008 -1.250 24.615 
 4.955 19.178  6.678  8.099  3.881  6.573  5.895 12.473  3.792 -1.641 -6.051 
16.280  0.715  3.942  6.778 19.082 15.931 13.719 -0.729  5.098  3.578 10.680 
15.322 12.581 26.578 17.541  6.078 11.103 -1.323 10.806 10.649 12.392  1.072 
 8.814  8.926 34.972  2.983 -11.425 -8.268 -2.243 21.293 11.716 -2.670 12.802 
32.507 11.048 13.081  1.149 -3.675 -4.673  9.299  5.364 25.876  8.099  8.098 
 3.174  0.862  7.669 -4.998 -0.313 25.322 -7.769 17.167  1.846 -5.617  6.077 
-0.927 -0.314 16.813 13.847  9.999 -1.043  7.691 18.288  8.327 13.067 -4.093 
 2.417 15.444 -9.496  3.012 -6.730  0.921  0.658 12.461 14.028 14.669 -8.514 
 8.163 22.391 19.785  2.395 18.311  0.969 13.684  9.858  3.174 18.066 15.770 
 8.858 12.595  8.182 13.372  1.948  6.006 17.836 11.967  6.393  9.078  1.275 
-3.835 -5.383  1.187 -3.313 -4.005  0.645 -8.671  8.581 11.103  6.137 10.975 
19.725 10.383 -0.165 10.903 22.673 -3.382  6.123 -9.036 13.526  5.712  0.316 
 9.334 13.785 29.480  6.106 19.208 10.242 30.296  3.832 12.203 18.365  0.218 
 2.418 -10.747 16.609  9.546  9.921 13.441  3.104 16.425 23.016 14.206 15.478 
 5.630 12.808  6.192  8.406  1.853  5.255  7.441 -5.269 14.295 29.568 12.510 
-4.185 10.740 19.276 10.480  8.366  3.074 17.431 26.379 24.862 10.395 -17.552 
17.424 19.386 12.440 13.858 17.350 18.049 -0.987 -18.298  1.860  7.830 24.960 
13.583 -6.864 13.878  5.009 11.910 12.953 -10.514  4.296  5.457 20.947 18.566 
 9.675 -3.648  1.729  6.735 19.459  9.853 -4.270  4.581  5.075  6.353 20.754 
-7.534 12.160 -0.122 14.865 -7.256  3.327 -13.256  0.346 -3.159  9.637 13.053 
18.397 -10.304 -20.378  2.932 -4.516  1.558 22.198 14.827 10.086 16.926  5.217 
10.340 -0.708 15.575 -12.849 32.842  9.897 12.092 -3.305 -12.177 15.217 -5.401 
13.166 18.769 -3.407  9.168 26.888  4.040 23.826  0.420  3.405  3.701 -6.382 
13.533 -3.406  5.551 12.615 23.665  9.161 16.158 13.371 14.707 12.827 16.083 
19.662  3.851 20.941  0.440 -6.455  8.576 11.871 -1.991  8.151 -1.092  4.867 
 1.535 -1.683  4.893 17.853  0.072  3.962 14.329 20.203 22.264 12.334 19.859 
17.171 -1.607 14.239  7.433  0.176 11.325 -0.784  4.069 -11.336 -0.296 16.263 
-0.389 15.892 15.639  7.495 -7.626 20.099  7.819  8.649 16.867  9.667  5.812 
14.017  7.843 16.033 12.174 14.034 25.895 -13.081  1.206  0.655 11.346 22.609 
-0.353 18.409 12.920  3.145 -10.590 -8.808  6.587  7.702 16.917  4.153  8.018 
13.090  4.328 18.017  7.212  5.046 -1.488 21.852 12.779 -3.565 -1.328 24.913 
26.580 18.330  9.419 14.899 20.299 -13.701 16.708 -0.469  1.515  4.828  1.447 
-2.612 -8.019  4.017  9.635 24.618  2.589 12.864 22.929 -2.276 31.516  9.797 
20.379 11.197 20.550 -9.801 14.796 18.980  7.462 -8.839 -2.111  4.774  2.133 
18.599 17.292 -1.287 -5.043 19.151 -10.082  1.664 16.908 13.063 21.242 14.491 
22.575 10.512 11.525  9.253  8.357  4.318  8.789  5.081 -5.288 10.224  8.794 
26.310 13.383  2.568  2.440  2.476  3.971  7.813  6.820 10.959 14.905 -1.329 
 2.559  5.878  8.439 -0.564  9.412 19.544 14.587 -3.185 -1.591  7.578  9.164 
12.853  2.103 21.218 -16.641 18.939 17.724 -6.604 10.672  2.483  7.849 -9.823 
21.136 15.636  3.830 22.900 18.223  9.498 21.750  9.203  0.756 11.947 13.815 
-0.951  9.190  7.044 12.306 -10.436 -5.586 17.566  2.270  5.878 11.433  3.095 
20.573 17.535 10.994  9.087 10.891 -2.064 -3.957  9.642 15.669 14.185 -15.285 
-0.413  8.623  7.241 17.106 10.936  6.083 20.394  3.328 27.716  6.601 35.235 
16.813 12.358 -0.607 23.195  1.857 -3.151 -0.262 -7.581  1.503 12.258 -2.828 
 9.655  2.220 25.298 13.621 -0.575 21.739 14.107 11.120 -5.900 10.582 32.332 
 0.557 28.595 -3.602 -0.568 13.990  3.731  2.075 -7.456 17.710 13.117 -8.544 
15.494  6.595  7.623 20.399  2.503 -6.103 10.056  2.436  2.787  2.020 18.826 
13.737 19.200 10.889 19.460 15.711 11.954 10.093 16.687  2.461  9.604 -0.444 
18.289 14.150  7.056 11.181 -6.274 18.207 10.120 23.083 13.078 11.518  1.362 
30.597  3.222 -0.912 27.791 15.628 14.048 -10.151 23.879 30.444 23.652 19.290 
-1.000 -0.460 10.134  1.210 10.979  4.657 -10.162 -7.535 22.324 17.407 -2.533 
14.758 12.179 11.864  8.828 -24.808 26.687  7.686  3.660  1.437 -3.764  5.288 
 1.195  9.225 22.954  7.402  7.536 10.870 17.003 14.050 16.185  4.102 18.662 
16.680  8.259 -5.094 -0.185 -11.578 -14.916 -0.639 -2.763 11.270 -1.349 13.576 
11.371  6.232 12.304 12.439 -10.064 -5.987 20.616 16.761  0.892 12.491 16.555 
13.826 -10.101  5.487 10.622 -1.566 -0.801 14.913 21.637 10.954 -5.547  9.903 
15.919  6.659  9.272  7.483 12.430 12.773  0.783 -2.452 12.102 12.690 22.549 
-0.405 -0.683 13.646 11.737  3.046 -1.036  0.130 25.764 22.885  2.892 17.671 
 9.902 14.854  0.606 12.884 -9.450 14.534  0.160  1.268  6.441  1.863 -3.963 
14.960  1.538 29.729 14.222  1.357  3.894 -13.558  4.435  2.539 20.458  9.120 
12.009 17.201  2.437 13.984 18.504 21.830 10.330 13.084 15.248  5.521  7.449 
22.642 -5.010  5.309  7.720  2.501 11.771 -4.800 -4.715 -2.229  6.261 13.636 
-8.386 -9.560 17.303  7.303 -4.862 14.573  1.476 20.064  8.979  2.051  3.546 
31.558  3.666  5.167 19.043 22.602 16.626  4.510 21.367  2.055 24.823  2.634 
 6.158 13.614 -18.564 14.624 33.839  7.108 -4.619  6.476  5.106  8.922  6.796 
-6.881 22.590 10.547  2.158 22.467  5.201 11.141 -1.009 -2.594 10.055 13.929 
20.382  9.484 -2.725  1.300  8.930 23.428  9.349 18.050  1.557  8.275 11.288 
29.959 18.591 32.442 23.061 36.254  8.655  8.298 28.858 19.450  4.232 19.688 
 6.306 22.379  3.600  2.981 -1.530 20.926  6.944 -5.922  7.551 18.758 -10.729 
-4.154 -0.089  4.026 14.118 -5.059  3.138  5.648 10.231  2.227  4.057  3.718 
16.148 14.096  1.085 -5.458 10.682 11.566  8.473  6.829 18.836  3.743 -1.260 
20.332 16.063 11.728  7.419 31.023 13.080  4.305  0.404  8.760 12.992 -1.867 
26.434 10.078 15.835  4.763 -12.495 -1.542  9.094  9.361  1.482  4.821 15.345 
18.001 13.974  0.567 -3.328  4.784  2.512 -6.449  6.580  6.407  1.271  6.523 
10.547 13.239  7.314 22.773  6.931  7.732  4.500 11.962  7.692  4.387  6.799 
-9.584 21.956 14.036 30.092  1.952 -5.927 12.316 -3.148 17.073 12.712 10.530 
 6.436 22.007  4.952 13.096  2.544 12.765  6.946 16.437  9.157 -6.535  1.624 
10.302  5.353  7.028 18.019  3.402 21.072 -5.508 -2.690 21.471 18.781 37.068 
21.097 -1.271  9.618 18.274 29.728 -1.751 -4.100 17.442  4.293 16.705 20.908 
 7.028 12.490 11.752  5.445 -2.227 10.004 -17.728  8.312  0.461 -4.969 29.431 
16.341  6.648  9.384 24.190  0.823  4.597  3.646  8.939 13.623 30.839 15.790 
15.064 12.814  2.514 23.074 -1.513 -2.398  8.357 -2.344 -10.007 -0.271 19.932 
-1.783 34.932 10.792 15.000 -14.103 27.137 -8.593 12.085  4.365 -0.287 10.207 
-1.107  9.692  4.131  8.732 -3.421  9.131  4.354  3.598 -7.379  3.319 17.289 
13.698  5.282  1.957  9.658  4.286 14.396 -2.015 26.361 27.416 15.823 14.919 
-17.520 -4.623 11.609 16.354  2.380  4.037 15.012 -1.589 20.978 -1.923 12.755 
22.328 25.234  8.548 10.404  5.248 11.283  2.671 17.062 11.914  9.273 25.407 
17.477 17.535 11.140  5.732 13.728 16.659 11.440 18.174 11.083 18.969 -1.024 
 8.871  4.547 14.146 -1.909 10.844  4.100 -4.135 18.006 -3.393 -15.326 13.221 
-3.709  5.708  6.980 21.552  4.387 19.718  7.457  1.036 10.217  6.577 22.424 
13.240  8.224  0.130 14.640 23.131 18.121  9.039 21.133  5.455  7.698 11.056 
 6.534 26.007 10.241  4.409 11.422 13.305 -2.747 -4.026 14.758 20.691 14.294 
29.112  2.750 11.290  1.403 -1.340 12.569  2.760  8.217 10.935  6.583  6.474 
 7.482 26.552  2.926  9.847  9.144 -1.451 -6.882 10.868 14.795  9.454 15.805 
 3.893  4.434 -3.171  2.938  2.972  4.830  5.814 21.637 10.916 39.648 21.317 
20.574  4.712 -2.357 18.954 13.608  7.183 -6.730  3.846  1.503  7.618  9.483 
12.103  7.433  8.295  0.450 -7.019 11.168 -2.169 -9.600  5.896  7.461 12.995 
18.586 23.118 12.451 -2.648 21.202 -4.958 17.883 10.981 38.671 -2.092 19.241 
23.902 21.323 22.690 -4.058 -1.916 -11.291 18.671  7.538 -3.193 30.669 10.807 
16.920 20.978  9.623  6.533 12.818  4.489 14.569  6.823  8.388 -1.915 28.555 
 7.642 13.150 31.190 -1.395  6.031 17.466 -5.721  1.578 21.021 18.013  2.840 
13.076  7.299  4.187  3.168 -1.794 -5.217 -13.291  8.068  1.954 17.657 16.478 
 6.732  8.073 19.334 -2.232 12.706 -6.316 13.603 22.374 12.901 23.327 24.153 
-1.206  7.051 33.284  0.739  1.803  3.786 11.250  3.310 18.807 25.698 -3.056 
15.713 -9.482 20.488  4.706 29.697  2.278 22.190 -4.239 16.102  8.553 -2.672 
 9.345 16.576 22.436 14.674  6.420 -8.101 -0.611  4.375 -9.364 12.749 21.136 
 4.802 14.365 15.997  8.004 13.710 21.539 17.171  3.464  9.330  0.751  2.980 
14.910 12.481  5.480  9.331 10.284 -5.721  5.597  7.205 -1.430 11.600 20.632 
 7.044 15.278 24.317 -0.802 24.090 -9.630 13.400  5.736 -10.744  1.659 28.941 
 8.324 12.783  8.851 18.650 12.227  2.143 17.303  6.786 20.305 11.715  4.034 
20.955  0.735  5.983  3.361 -0.313 -1.426 -18.122 12.147 16.799 10.868 42.390 
15.242 14.010 18.090 13.335  8.233 -10.493  2.466 -9.410  7.471 -1.560 17.129 
10.173 31.747 16.680 -9.649  4.081 14.147 28.042 23.265 -0.173 14.637 15.415 
-1.303  6.981 22.090 29.642 24.022 -2.560 18.000 -0.947 11.845 14.365 26.092 
 5.481 20.616 11.057 -7.754  9.583 -1.966 -4.623 12.401 13.814 13.488  1.209 
17.156 19.360 25.119 -10.206 11.073 -3.970 12.223  7.400 12.122 17.934  7.906 
 3.344  4.731  8.177  8.758  1.790  1.812 11.076 22.643 -3.828  7.865 37.447 
-7.490  4.634 12.165 11.404 14.733 -0.801  4.644  3.937 -6.702  2.280  9.096 
17.306 14.914  6.476 -14.273 15.300 -7.452 -10.962  2.306 10.692  9.478 14.636 
10.383 19.656  1.137 22.409  9.901  2.684 -0.625 10.808 -4.868 12.974 18.854 
30.741  5.437 23.725  5.561 -16.542  4.655  2.570  0.160 22.104  4.943 17.098 
14.099 20.015  9.872 20.380 19.960 29.614 14.862  8.488 16.944 17.929  8.574 
18.626  0.724 -7.991 -0.072 -15.439  3.228  1.641 12.135 31.427 12.032 -3.223 
23.254 13.275 32.613 -2.813 16.458 -8.306 -18.787 -7.516 14.361 19.197 15.597 
 4.666 -3.362  5.884  3.999 11.006 10.015 21.926 15.805 -10.165  4.597 24.066 
15.577  4.355 16.749  3.843 -7.413 -9.126  2.274 -2.912 -5.957 13.539 11.511 
11.384 15.708  3.153  9.565  3.837  7.770 12.599  7.314  6.756 -3.173 -0.810 
11.281 -1.044 26.348 11.957  5.376  6.975  6.900 16.399 14.851  1.566 -10.980 
 4.946 -0.569  1.560 -4.613  2.599 -8.282  5.679 13.548 -4.790  9.977 18.529 
 0.987 27.933 12.897 11.401  3.682 28.171  3.933 10.223 -1.691  8.957 19.118 
18.476 21.931 19.354 -9.673 -9.480 -2.215 -17.286 28.595 20.836 24.399 13.250 
 8.642 -0.990 12.819 -7.315 10.361 17.100  2.637 -2.776  1.306 20.792 15.768 
19.820 15.714 15.714 -6.148 19.774  2.255  7.306 -1.282 14.015 -4.209  8.724 
 4.390  2.543 24.778 -12.604  6.800 22.498 19.833 14.876 -1.254 -3.406 14.900 
20.858 -5.713 14.514 -3.599  8.311  6.826  2.540  9.763 -11.514  9.970 12.620 
12.099 19.084 -19.340 -0.114 -5.852  7.498 -8.077 10.152 -1.560 -1.354 -11.719 
11.252  0.214 -15.008 20.013 15.782 -2.430 15.574 -13.942 -4.387 -14.891 17.450 
-2.006  8.628 19.259  9.266 19.216 16.895 10.733 12.675  4.971  0.318  9.326 
20.938  1.535 10.438  6.275 12.726 -6.200  8.704 28.184 26.894 23.145 -2.438 
12.180 20.267 13.449 -6.483 -0.778 -14.892 10.227 15.409 -4.484  0.784  6.505 
20.370 -14.237  2.113 -0.869  8.084 23.571  3.866  3.808 -8.953 17.062 20.496 
-12.886 18.534  8.337 10.618 19.701 12.880 12.368  6.768  1.273 21.541 16.014 
13.268 18.559  1.138  9.349 14.161  5.495 14.969  5.514 -6.751 17.379  4.334 
13.268 17.945  4.209 -3.888  4.687 11.070 -5.350 -12.378  1.141  8.670  3.621 
 8.366 12.250  3.589 13.148  4.148 22.549  6.045  9.324  2.514 20.799 12.796 
11.581  0.500  5.719  0.994  6.660 24.374 16.292 -3.981  1.839 10.757 -1.208 
22.272 18.347  4.410 22.277 -0.862  6.707 18.175  8.510 12.431  1.022  3.786 
24.271 24.567 12.722 15.169 -10.643 -12.010  8.261 -2.343 21.846  9.508  0.537 
11.835 -0.127 -7.236 -16.075  4.043 14.035 26.277  4.719 23.616 12.707  5.232 
17.719 -6.008  5.908 30.800  3.216 13.121 -3.810  2.232 -7.591 10.188  1.778 
 9.269 12.330  9.542  2.161  3.049 24.725  4.986  4.209  2.747 34.927  8.870 
18.921 14.063 -10.892 15.296 15.920 -9.014  6.571 -7.362 -4.507 23.867 13.499 
13.618  3.026 13.026 -1.652  2.736  0.916 22.256 42.553 -3.520  8.655 16.834 
 6.760 -2.710 -3.773 -4.391  7.260  3.271  6.836 12.715 15.012 22.176 21.370 
19.202  5.607 14.997 11.468  3.157 -1.498 27.262  2.153 14.567 -1.573 -9.652 
-0.509 -5.725 14.111 18.909  6.013 18.292 -14.328 20.108  6.344 13.827 20.698 
 5.090  6.328 15.963 11.974 -1.348  5.684  6.417 -3.628 15.497 20.472 -8.545 
 8.847 18.732 22.925 14.576 -13.061  2.459 10.508 22.105 18.432 15.896 19.465 
 8.075  3.973 20.403  3.389 27.011  2.296 -3.446 16.635 -12.297  9.039 14.275 
 9.603  3.906 10.210 -1.515 -6.406 22.647 13.281 28.551  6.686 14.519 15.309 
15.232 21.946  4.204 22.755  0.986 13.308  8.406  9.962  3.562 17.098 22.961 
16.642  3.692  6.015  8.976  9.070  3.964  1.595 -1.955  2.257 -2.184 28.361 
-2.364 11.530  8.019 21.640 -1.617 10.909  2.839 30.317 -4.236 -11.196  2.919 
 7.937 10.400 18.843 12.412 13.328 15.786  5.678  1.285  1.572 -2.519 20.351 
10.817 19.673 -1.180 35.891 14.194 -2.076  0.977 28.101  2.701  4.161  4.294 
-2.608 -3.212 21.353 12.880 -4.749 20.189 -3.609  6.148  1.807 14.950 -3.711 
12.714 -7.626 11.820 -5.130 11.328 -19.449 -5.764  6.825 15.006 -11.462 14.168 
20.163 12.435  8.749 -1.668 14.329 16.508 -10.770 19.745 -11.594 18.537 13.329 
22.298 -8.260 17.046  1.588 17.686 -5.716  0.571  8.871  9.416 24.928 -11.829 
-9.719 23.540  6.916 10.280 19.248 -6.411 24.365 24.939 -1.609 13.104 13.804 
15.109  1.214 -12.180  6.759  9.967 -5.458 -1.075 32.013 13.117 13.643 10.223 
29.549  3.246  4.630  3.519 24.255 15.019  8.318  9.611 -9.190 15.585 19.415 
15.766  4.247 17.003 23.513 14.384 12.424 -3.798 20.952 -10.465 -4.297  8.014 
13.208 14.872 21.635 -6.473 17.350 25.233 18.533 18.612  6.510  9.131 20.814 
 3.503  0.511 19.571 26.965  8.268  0.044 11.276  4.513 16.790  8.486 21.083 
20.716 14.629 11.471  9.099 17.158 14.919 -7.833  1.310  2.704  9.252 10.683 
15.018 18.212  9.361  1.786  5.543 18.647 20.761  6.071  6.808 -11.067 -9.750 
13.052 12.816 10.688 -0.004 -10.261  7.963 10.237 13.152 14.289 11.083  2.216 
 9.971 14.896 -4.383 18.738  3.313 12.876 14.022 -5.426  7.249 21.516  9.845 
 0.175 14.590  5.773 19.630 13.838  4.976 11.863 -8.992  6.486  3.639  0.728 
-16.499  9.392  8.804 21.924 17.035 -4.702 -5.629 11.123 13.371  3.684  8.191 
-5.335 15.092  2.308 19.580  3.397 20.160  4.420 -7.376  4.225 -5.227 19.224 
-5.038 -16.680 16.463 15.854 11.888 -5.000  5.892 21.866  5.380  1.543 -9.573 
-4.062 17.423  7.577 15.928 27.586  0.848  7.064 14.397 11.242 13.030 10.903 
 8.419 33.775 -1.715 13.089 17.494 -4.944 -3.739 22.960 -10.146 12.765  1.572 
 1.112  0.794 11.047 29.387 -11.226 -14.697 19.526 11.164  1.891 16.801 -8.940 
19.580 -4.916 23.019  9.683 -1.966 15.239 16.157 28.254 21.458 16.987  4.477 
 1.006  2.816  2.984  7.587 16.737  3.186  5.944 33.904  4.185 -3.151  2.772 
19.129 -1.173  2.474  9.399 -4.381  8.568 25.081  4.857 -17.004 12.831  7.250 
-6.634 29.633  5.049  7.029  7.287 -0.740  2.061 15.567 -6.652  7.216 16.428 
28.691 23.183 18.512 14.919 11.125  7.156  2.477  9.124 14.305 -2.177 10.469 
-2.222  5.673 21.214 11.921 12.524  8.077 14.683 -5.171 18.251  3.051  4.578 
21.745 26.664 15.789  5.750 -3.395  0.828 -1.622 20.853  9.076 21.736  8.955 
13.959 13.751 19.578  4.679 15.530 13.473 13.668 22.238  4.530 26.713 17.684 
 7.770 16.585 -9.774 13.073 -2.061  6.323 -5.852 -6.986  8.719 17.532  8.068 
-14.205 -7.546  5.485 11.998  7.545  7.342 12.003  0.160  8.501  2.951  4.762 
17.125  3.159 28.705 26.045  9.240  2.043  6.037 10.253  2.917 24.883 19.796 
 2.109  4.074 20.829 20.961 28.760  7.850 15.038 12.593 -0.404 19.551 -8.566 
 2.542 -3.234 14.223  1.118  7.795 22.482 12.262  1.677 16.250  8.953 16.955 
 0.951  9.413  4.122 19.831 17.826 -7.705  8.691 -14.090 20.028 -4.339 21.556 
 7.793  2.051 17.850  0.560 -4.478  7.596 15.626  0.634  5.973 10.737 19.735 
 5.981  4.066 -0.392 -10.791  3.183  6.344  7.497  3.512 -7.278 10.278 -5.751 
12.528 36.411  0.122  5.695 -5.082 19.081  0.223 16.914  3.947 -25.666  6.397 
10.866 29.065 51.028  0.008  4.164 -6.595 18.221  4.034 -0.359 -0.083  7.859 
 8.876 -11.908 10.518 -6.747 16.468  1.081 18.266 11.818 18.227  4.020 17.171 
 1.527  6.291 -3.246 -7.011 17.649 -7.488 12.478 10.105 16.718 10.237 14.689 
14.356 15.243 12.555 28.361 18.522 19.813  8.271 -12.603  3.841 13.132 13.550 
16.236  8.011  8.020  1.272 -14.182  6.783 11.586 -14.256  6.028 15.705 25.805 
14.687  4.744 -8.646 -0.630 14.319 15.249 -3.103 14.097 16.550 13.149 40.895 
 8.029 12.783  5.405 10.994  4.737 17.727 -2.352 -15.872 -7.205 -0.727  1.613 
12.724  5.646  7.813  2.668 13.054 -7.798 22.715 -10.625 -5.167  6.601 -3.992 
13.610 11.845 10.466 -0.244 -0.207 14.869  4.646 29.247  6.120 29.086 -8.502 
-1.148 -13.538  1.824 -2.298 23.960 -14.299 11.885 34.175 -3.524  8.907 14.328 
-1.833 19.033 -7.860  7.520 -10.474  8.993 19.885 10.022  6.379  9.503 25.914 
 7.926 20.368 12.937 16.880 17.486  9.734 18.519 -6.289  0.887 19.867 19.902 
21.459 20.428  3.205  4.600 -7.925 -0.283  4.336  1.541 15.500  0.766 17.870 
11.020  4.493 18.546 19.899 10.944 24.146 23.581 -0.885 13.748 10.148 14.500 
18.309  1.780 15.994  0.999  7.947  3.198 13.550 12.287 15.640 -3.664 10.969 
12.803 19.237 -5.606 19.816  8.754  2.160  5.388 18.841 -4.540 12.287 10.822 
 2.736 24.680 15.631 11.961 12.997 13.567 -12.031  8.171  7.813 12.237 -2.335 
 1.610 26.512  3.438 -7.204 14.814  3.220 22.964  7.719 22.338 11.405 16.984 
-3.238  2.349 19.194 11.654 10.254 12.104  7.846 -19.002 15.537  7.381 27.686 
10.045 24.703 16.468 -12.847 11.960 -3.454 -3.647 -0.527 10.710 11.745 20.908 
21.492 26.583 15.340 16.124 13.273 16.285  5.086  3.042 -10.645  7.039 26.589 
12.169 18.816 11.942  2.597 -8.742  5.532 19.553 12.140  2.344  4.423 10.260 
 8.878 15.692 13.366  7.094 19.231 21.717 -4.391 -4.250  2.249  6.668 18.782 
-5.331 16.690 11.193  9.069  0.506  0.231  9.096  3.801 13.718  8.433 -4.732 
14.218 14.207 10.127  7.993  5.760 -0.084 -6.440 21.580  7.638 19.480  2.748 
 5.703 -1.289 17.598  7.311 15.651  7.975 -15.167 -6.690  3.982 10.542 19.318 
-3.023 16.166 10.939 -0.837  2.675  6.372 -8.719  5.510  8.094  8.760  0.059 
 8.943  0.561 -3.652  9.622  0.714  3.972  8.888 10.719 17.735 26.824  9.769 
13.634 14.316 25.062  4.680 -2.901  8.399 -7.400 25.767 15.374 12.781 20.828 
 0.434  3.840 15.456 10.919 31.113 -4.444  3.887 11.142  1.574  7.801 19.222 
19.596  4.137 10.220 27.640  9.202  9.519 13.333 -1.111 16.215  9.437  8.633 
12.881  3.732 18.634 -3.410 12.365 16.617 25.061  9.888 24.286  9.996 12.223 
-14.206  5.093  4.759 16.748 -7.097 20.463 -2.645  9.265 17.427 -3.415  3.245 
13.500 -3.746  5.211  5.812  0.250 18.782  0.008 13.009  8.771 19.785 -5.767 
 8.921  5.224  9.415 13.676  4.877 -1.481  4.570 -0.895  7.984 -1.971 -1.487 
 7.017  8.710 -11.014  6.590 10.640 14.889 18.326 25.651 18.002  4.888  8.734 
 0.201 -3.516 16.723 24.978  1.113 10.568 28.473  8.868 12.460 16.590 17.057 
15.012 14.558 23.311  4.577 13.863 35.898 -0.559  5.915  3.330  0.717 18.233 
 7.760  9.948  6.023 13.160 10.306  8.540  9.606  4.882 -6.532 13.737 10.560 
 5.893 -0.883 -6.109 -8.242  8.044  8.984 15.606 -1.065 -9.125  2.001  3.580 
11.389 27.684 -0.400 15.431 -12.454 28.382  2.382  6.385 -1.749 15.353  2.123 
20.962 22.425  4.104  2.133  2.564 20.980  2.433 -0.951  6.320  5.165  5.643 
-5.241  0.557 -6.879 -6.292 16.391 17.947  6.035 16.605  1.147 10.957 29.526 
27.934 18.480 24.479  2.382 -8.076  0.935 20.866  7.483  5.448 19.708 -3.406 
 9.349 12.968 -0.217 12.931 15.417 -0.382  8.504  6.590  7.303  1.833 -1.886 
13.740 14.580  5.029 11.583 -19.581 13.271  9.196  9.294  7.750 14.406 27.703 
 2.377  2.214 19.751  7.128 17.062 16.970  4.272 -10.899 -12.063  8.309 19.099 
 9.775  1.057 10.215 17.880 14.495  3.298  4.312 15.613 10.987  9.371 19.170 
 7.970 12.030 -10.235 20.381  4.245  5.831 16.657 14.934 11.400 17.332  9.338 
25.708 26.419  8.553 21.464 25.853 10.433  7.069 12.793 -0.194  7.507 -11.003 
-6.113 20.998 -0.683 -1.802  0.047 10.749 14.345  6.984  7.494  5.740 11.004 
22.541  4.967  2.956  4.409 18.353  8.215  1.047 13.588 12.060 19.527  6.349 
30.304 20.476  3.539 13.178  3.206 13.736 23.775 -7.914 18.628  5.878  8.136 
 5.136 19.649 15.270 13.942 -1.159 15.979 15.141 17.899 23.434  9.606 25.551 
12.666 11.491  2.467  6.453 -0.113  7.175 17.591 13.067 -4.468  4.788  0.491 
18.024  8.675  8.727 12.823  5.647 18.646 -2.156 14.606 22.548  6.139 18.257 
 7.168 14.134  5.912 -14.785 14.233 18.813 -1.772 10.128  6.285 20.604 15.728 
23.526  7.803  7.603 -3.255  1.470  0.848  0.606 21.600 12.081 15.460 31.214 
16.204 17.268 22.517  3.166 13.836 12.139  7.638 10.498  3.062  9.319  2.425 
-1.827 31.048  2.465  5.920 -0.355 -0.373 17.717 14.781 21.291 21.406 17.405 
19.485 16.644 21.895  9.772  6.368  9.330 -1.401  6.309 12.944  7.668 -3.642 
21.998 -6.423  1.372  4.659 30.101 14.921 17.377 -4.890 -11.802  7.522 10.856 
15.665 11.293  8.419 14.434 18.509 24.364  9.068  1.073 15.951 -8.006 11.159 
19.394  2.343 11.749  9.277  9.258 20.218  5.842 21.849 15.781  4.906  6.515 
11.621 16.757  7.218 -3.746 12.474  6.956 11.843  3.348  7.620 24.278  9.664 
17.562 10.827  1.737 23.371  7.821  0.808 17.438 -2.506  9.096  4.155  9.582 
24.655 20.025  3.603 12.044 -3.317 12.044 10.302  6.945  9.624 -0.198  3.530 
18.087  5.712 12.831 18.077 -13.616 15.374 26.984  9.226  5.191 -2.444  4.950 
 2.148 15.797 -0.349  3.435 -7.228 12.840  6.598  2.256 17.571 15.750  4.214 
-5.687 29.303  3.009  1.391 -17.684 16.286 16.342  7.331  0.223  6.004 12.548 
 6.385  1.952 16.995 -11.511 -6.365  8.424  4.933  3.504 -3.103 -3.529 21.868 
 2.269  6.150 15.712 11.710 10.961  0.078  0.322  1.956  8.621 11.658 10.028 
11.914  2.869 13.008 13.011 16.047  1.512  6.161  2.633 21.477  5.382 -5.930 
17.283 18.797 26.428  6.614 10.101 28.903 20.569 -1.352 -0.112 22.054 26.007 
-2.039 11.281 24.455 15.140 -5.214  4.621 13.113 20.491 -2.346 -6.638 19.622 
15.878 14.055 31.959 20.718 -3.269 14.767 22.392  1.848 -1.430 28.864 10.973 
29.750 11.721 -3.872 10.812  9.991 -4.294 -4.938 -0.029 19.757  8.888 -7.123 
10.204  5.972 -5.139 14.166 16.119 -0.566 19.179 -5.123  9.981 21.213 24.945 
-1.210  9.524  4.650 16.407  0.122 19.977 23.121 23.914 16.737 17.873  3.180 
15.482  3.440 16.112  5.810  0.482 10.653 24.542  6.256 -1.278 -3.641 24.451 
14.031  5.643 18.570  0.945 15.941 -4.764  5.427 -3.915 -5.720  1.428 13.029 
10.796  6.264 -2.795 13.080 12.903  6.117  1.065 12.682 19.099 19.974 13.734 
23.606  9.468 24.554 11.516 -14.259 -4.784  3.987  7.988 15.529 24.218 -12.751 
10.655 14.462 -0.654  5.226  5.905 -1.252 -6.405 -2.665 -5.322 18.172 12.118 
11.145 16.165  1.074 -11.102 12.969  0.295  6.808  9.868 -8.536 22.758 26.508 
 0.903 -4.000 17.486  4.758  7.033 -12.201 22.284 -3.581  5.304 -2.532 13.950 
 9.574  4.638 -14.446  2.639 12.811  4.030 19.262  6.870 11.823 16.011  6.723 
22.261 11.312 24.492 10.297 11.943  4.365 10.935  9.008  3.508 -5.941  5.511 
 2.638  6.779 10.660 15.545 37.201 -0.273  8.205  9.480  5.524  3.452  5.540 
-4.659 16.662 -9.864 -13.346  2.140  1.240 28.246 12.741 14.329 17.224  0.481 
 6.381  6.020 12.494 11.432 29.946 16.096  5.108 -7.317 10.871 23.907  8.132 
17.149  8.376 13.292 -0.891  4.985 16.144 -2.406 13.039  6.392  1.891  5.282 
11.942  2.148 -4.262  9.913  6.378 -2.377  3.645 24.655 29.550  7.976  0.286 
11.467  4.172 -0.183 -10.879 26.580  8.943  3.810 16.999 -4.225  0.105 30.285 
-5.548  8.709 13.038 14.404  8.050 29.374  6.059 -8.336  6.224 11.584  9.590 
 9.599  7.202  8.266 27.457 -3.725  8.816 13.033 13.265  3.370  0.491  9.020 
15.363  3.020 10.236 11.249 11.712 -1.505  4.559 25.906  0.143  4.312 25.581 
 6.260 30.392 33.864  3.871  3.473 12.050 -17.459 21.224  8.639 10.414 17.316 
16.089  3.886  9.723 12.335 -0.491 11.468  7.795  5.763 -0.322 13.462  9.023 
 6.108 25.627 17.508  4.935 16.374  2.430  1.362  8.114 -1.253 17.171 -9.698 
12.313 21.838 24.191 11.253 33.573 12.457 -9.967 15.616 -6.225  9.322  2.586 
32.400  1.149 -7.332 26.629  2.926  4.539 15.014  8.052 -1.511 28.986  1.604 
-5.113 12.202 14.619  7.818 -10.153 12.705 22.063 35.306 21.440  3.043  2.114 
15.924 -6.039 11.060  6.293 14.067 25.422  5.433  1.856 20.911  8.045  9.304 
23.750 18.795  6.939 17.038 -1.853 14.497  5.594  6.191  9.185  6.772  8.053 
-14.025 18.386 10.171 -1.363  4.481  9.502  8.539  4.062 12.130 15.172 14.520 
14.474  6.611 13.117  2.374  0.958  8.492  6.963 12.890 16.194 13.247 17.376 
16.424  5.206 12.973 12.447  6.551  4.616  8.011  4.276 17.571  9.029  3.660 
10.667  3.548 -23.831  2.889 21.727 25.900 32.948 19.234  7.401 -14.312 30.669 
-0.261  3.716 -1.451  1.272  1.362 14.660  6.909  8.865 29.711  0.194 15.690 
19.434  3.006 12.842  1.927  7.055 15.754  9.609 11.667 15.141  0.224 16.627 
 9.323  7.236  7.354 -6.198 -3.787 10.116  3.852 15.448 -2.020 -15.278 12.520 
11.862 32.168 10.484  4.328 -10.339 25.706 11.755 10.716  9.458  6.086  1.590 
 7.722  1.574 -5.327 16.640 -3.655 -4.381 -4.530 23.352 17.596 20.101  5.261 
 3.503 13.376 10.429 10.531 18.624  3.704 -2.570  0.757  4.937  6.647 15.622 
10.129  9.159 10.897  0.637  6.344  9.762 11.541  0.228  7.563  2.853 14.307 
28.550  6.168 25.914 -6.305  0.074 16.129  9.647  2.601 20.386  4.474 11.886 
19.873  6.785 17.476 13.475  9.787  3.305 -17.786  9.141  9.181 -15.607  9.950 
-5.175 16.756 -6.774 -10.149  6.826 10.760 10.957 -2.377 -4.729 16.457  6.138 
 3.763 -0.801 30.107  0.862 -1.919  6.567 16.709 29.796 17.384  7.205 -11.816 
16.965 19.880 -2.616 -15.417 10.610 17.977  3.215 -9.409  9.004 17.528  8.157 
12.253 -1.280 23.935 29.873 -10.012 20.817 13.953  4.159  6.301 11.338 18.123 
-3.122  9.425 11.619  5.927 17.411 -0.392 11.972 18.971 -2.545 -0.456 11.965 
17.672  3.797 10.671  9.082 17.375  1.157 13.111 27.598  7.925 21.362  0.919 
 4.486  7.985 14.372 18.412 14.864  9.398  9.090  4.602 19.883 -0.084  6.658 
 7.461  6.206 10.957 14.559 23.959  0.179  6.514 13.327 17.979 22.972 -2.161 
10.377 -10.950 11.714  7.578 -6.058 -11.087 -3.671  5.629  9.086 12.239 16.852 
13.753  5.887  7.133  5.813  5.001  0.821  7.768  7.731 10.235 11.028 16.755 
 6.487 10.312 -12.443 13.266 -2.228  4.752  2.865 17.012  9.478 -0.823  1.302 
14.117 13.932 20.637 14.458  1.798  4.725  6.366 10.984 20.110 -3.036 14.254 
 9.266  6.336 -4.647 21.132 12.224 13.788 13.919 32.820 19.376 -19.923 10.010 
 1.542 11.557  9.521 19.177 -1.693 20.650 -1.287 11.172 19.474 -1.250 11.786 
 5.442 -1.057  1.719 24.249 26.570 21.741 21.337  2.565  0.023  6.526  7.597 
18.252 14.842 -6.303 17.923 15.155 -6.415 -5.577  0.557  2.922  8.792 -9.977 
 9.966 11.629  7.751  3.528 -1.373 -2.986 35.095  7.144 26.557 -5.030 16.189 
 2.276 15.996 15.656 10.620 -1.182 21.485 12.503 -22.729  4.254 11.483 -0.555 
-0.397 -6.149 -8.156 -6.594  5.491  3.861 16.971 12.870 -1.600 -6.250  0.679 
 6.255 18.064  1.616  2.384 19.713 10.949  6.632  5.874 -1.692 -25.978 18.195 
16.986  2.049 17.754 25.630  2.988  4.696 -1.068  2.754 -8.591 -1.928  0.631 
18.595  9.707 26.016  7.977 32.072  8.582  7.114 -1.444 15.342 14.907  9.917 
17.659  1.267 21.994  6.324  5.352 -0.210  1.554  2.076 15.893 -6.718 29.291 
 0.206 20.889  6.352 -5.818 -0.022  4.237 25.654 38.512 -4.774 25.010  5.984 
 0.506 -1.025  0.939 -6.618 12.747 12.309 15.569 -5.200 -5.496  9.307  3.830 
-8.123 -1.490  7.729 28.153 18.061  1.493 11.105 -7.804 -6.533  6.578 15.052 
-0.595 40.016 -6.098  0.922  6.816 13.879  3.604 14.951  2.722 10.743 -2.570 
14.710 16.023 10.600 -5.718  5.585 -18.741 17.226 19.658 25.056 -9.785 19.922 
29.713 12.842 32.714 32.822  8.805  6.499 11.132  9.593 -7.628 20.420  9.042 
-7.332 14.596 10.253 12.651  3.608  0.011  1.939 -11.117 12.821  5.648 17.105 
15.496 20.632 15.558 10.129 17.029 -0.342 17.725 13.912  6.577 18.151 15.199 
14.113 15.494  0.664  7.799  1.638 15.079 17.509 15.824 -1.058 14.145 -0.727 
 3.946 18.356 14.314 15.594 -5.805  1.966  6.190  0.734  3.807 26.522 -1.752 
 9.992 -6.547 10.351  5.868 -16.278  4.839 -5.507  0.257 17.561 15.515 13.489 
-3.993 14.297 16.889  0.314 21.738 -6.357  7.293 -2.260 33.853  5.555 31.800 
14.554 11.231  0.672 15.000 14.070 -2.490 12.480 -5.184 24.071  1.552  9.262 
 8.221  0.846  4.963 12.767 13.051 -2.003  4.098 -2.390 25.915 -9.682 19.005 
10.271 -12.161 10.894  5.879 -2.271 17.369 18.012  8.256  6.067 11.585 23.742 
-12.261  2.520 24.462 11.580 -2.191 -6.310  7.081 10.257 23.524  3.762 12.057 
 7.735  8.556 12.204  6.347 -4.728 12.133  2.004 19.354 10.629  7.374  5.971 
13.689 -3.171 21.609 -2.484 -9.838 19.404  9.556  7.543 35.663 31.173 -3.940 
-0.827  4.589 22.346 17.642  4.636 17.369  7.110 12.105 -1.207  5.685 25.840 
18.709 14.485  9.267 -4.221 -9.471  6.142 18.020  8.903 10.668  6.089  9.756 
12.395  4.121 13.010 10.109 13.313  7.406 -1.459  2.962  6.798 14.409  8.062 
-0.131 15.452  8.427  3.428  3.961 19.873  8.925  9.316 17.097 -1.291  8.111 
-4.727 -8.849 -6.216  5.515  9.809 10.075  4.147 14.359 16.583 12.626 19.395 
 6.904 -11.049  5.306 10.067 11.754  8.171 16.633  3.736  1.015  7.650  5.210 
17.627 18.608 14.087 13.083 -5.352 10.118 17.336 15.048 11.006  7.860 17.873 
 7.049  7.932  7.063 -2.278 11.264  3.598 11.447  8.279  0.027 18.298 16.057 
17.420 -2.265 21.746  9.469  3.324  0.749  9.277  6.300 13.770  0.368 14.263 
26.991  6.094  7.660  1.148 -2.554  4.734  9.212 13.943 -10.587  9.080 10.714 
-17.856  7.811  4.066 12.695 -0.732 18.827 -4.291  4.049 24.156  7.770  8.161 
 0.178 20.733 -2.139 19.201  0.488  1.237  3.530 -5.964 18.522  0.791 12.112 
10.903 12.068  3.110 26.072  1.388 20.102  9.123 21.100  9.768 21.359 -0.911 
 9.089 13.808 16.184  2.339  6.866 -6.723 22.304  3.839 14.059 14.232 -18.303 
14.366 18.432  1.823  5.644 12.584 -0.969 15.974 11.056  9.217 11.802 14.812 
23.181  6.647 29.269  4.163 -16.955 -13.552  7.012 12.527 -4.734 -2.276 20.591 
21.823 13.070  5.469  2.248  5.532 10.053 16.692 20.643 -5.367 25.130 29.800 
-3.857 25.206  0.308 -26.713 14.563 -6.431  3.253 29.247 23.229 -8.807 -3.148 
11.792 -1.867  2.930  8.589  5.195 24.001  6.202 15.104 11.227  8.436  1.179 
 8.994  6.843 22.214  6.661 21.286  9.982  9.570 22.801 12.147 11.933 -3.599 
29.607 15.266  6.726  4.555 -9.312 -9.429  9.270 -12.395 24.518 20.017 38.010 
 8.461  1.165 12.253 14.330 10.546  3.029  7.715 12.404  3.621 22.677 18.494 
 7.879 -2.090  5.586 -3.592 -0.090 23.287  0.707 19.529 20.943 -0.862  7.395 
 6.149  1.755  4.005  3.274 -5.007 20.167  7.049  6.770  5.885 -1.723 18.261 
 3.611 -4.948 15.055 -0.269  8.266 -0.435 14.007  6.391 11.168 18.421  5.938 
 3.748 17.411  9.788 -2.390  0.536 11.258 -1.897 -2.058 13.112  8.069  5.110 
10.994 -8.174  9.186 15.529 -2.711  6.991  4.678  4.799 -1.532 -13.151  3.816 
23.566 -11.461 -12.769 15.970 -4.362  6.925 -8.094  8.556 10.433  4.979  7.303 
26.742 12.504 15.687 -7.180 22.175  2.335 29.179 30.153  1.598  1.320  4.336 
18.235 13.422 11.042  5.577 -5.729 20.926 16.526 16.923  6.999 -1.018 -7.154 
 4.511  2.647 34.205  4.273 -13.704 21.131  1.068 -2.939 -6.166 14.195  1.572 
39.826 19.756 14.757  6.881 20.816  4.280 -5.491 17.129 -1.601 -0.374 20.636 
 1.686 11.595  8.943 11.932 -2.362  2.163  7.563  3.654 20.231 14.998 -1.344 
15.400  1.726 12.782  1.576 -8.848  1.997 18.776  8.268  2.283 22.367  1.422 
 6.645 16.505  4.653 -2.094 13.297 14.419  0.278  3.130 13.059 15.830 14.044 
 7.360  2.439 21.727  0.366 13.640 -3.409  8.945 -7.583 -8.312 27.315  4.300 
 9.997 10.520 17.499  7.612 13.132  5.420 24.504  5.076 -8.873 14.190 27.221 
 9.864 11.255  3.128 11.223 18.669 19.624 -15.502 11.213 -0.875  6.593 13.168 
20.355  7.811 10.057 -8.607 -6.141 11.834 18.118 11.731 -2.390 24.670 14.221 
19.471  7.724  2.571  3.215  8.335  3.899  8.063 -9.132 11.567 16.994 11.929 
24.668 38.598  2.266  3.294 16.865  6.112 15.976 -8.303 15.223  3.372  4.297 
 6.654 -13.014  3.964  9.107  1.933  0.397 29.117 19.121  6.509 -2.178 -8.690 
 6.830 14.880 20.506 20.308  8.299 -3.274 -14.276  6.074 25.231 -0.956 -4.257 
 4.721  6.295  4.161 -15.975  9.474  9.218 16.150 17.797 11.938 14.336 12.938 
-16.745  9.722 14.184 10.128 11.066 10.494  5.200  0.685  7.882 -12.270  5.085 
-1.425  2.861  4.756  5.260  6.835 27.046 19.079 10.659 -9.689 12.578 10.371 
10.512 41.538 20.750 21.768 11.930 10.243  8.309  5.125 -5.126  1.063 -8.011 
18.930 23.829  9.201 -3.818 -11.749  8.617 13.434 -6.895 -1.368 23.057  9.671 
11.737 22.511 11.166 25.730 -6.747 -2.134 13.328  3.978 12.415  5.765 -1.927 
-15.628 23.324 -7.321  8.646 13.632 18.994 13.355 11.449 -15.925 10.012  4.328 
18.512 16.364  9.269  0.250 -0.561  6.015  4.321 -1.068 -0.111 15.579 18.060 
18.726  7.110  6.538  6.604 24.813  5.354 -4.124 -7.025  2.745 25.534 15.517 
12.679 15.468 12.238 14.537  4.522 14.116 10.087  6.671  6.973 18.684 14.055 
 7.125  0.080  6.618  8.863 17.259 27.539 -9.566 -11.683 14.616 -5.410  9.018 
17.330 14.338 14.182  6.125  6.383  0.467 18.318  1.389  2.359 -11.771  6.228 
 7.778 12.029 30.786 23.331  3.761  9.936 18.445 15.703 20.051 14.002  4.315 
 1.815 20.621 16.497 10.139 10.897  4.101 15.394 -10.401 30.492 11.323 -6.272 
 9.695 19.314  5.811  2.195 -5.744 -0.405 14.805 10.760 -0.829 16.566  8.522 
20.770  5.674 26.827  7.770 18.925 15.946 -15.553 21.304 13.602  6.374 -4.733 
14.565 21.985  7.023 -3.880  9.346 19.108 13.704 14.829 -1.894  0.604  6.743 
23.558 13.279  7.248 16.971  2.226 13.936 -12.080 25.211 14.867  5.527 13.325 
 6.999  2.106  5.337 14.112 21.034 14.217  0.297 15.261 28.403 13.779 10.700 
26.789  8.603  4.819 -11.865  7.766  6.544  5.840 17.917  4.557 12.736 -6.703 
23.648  9.483  0.317 14.089 22.689  0.998  6.054 12.267 29.298  2.876 -0.646 
23.964  1.431 26.210 -10.610  9.782  7.743  2.501 11.147 22.159 14.128 26.409 
18.487 17.556 -7.466 10.204  3.461  9.488 -13.056 16.353 -3.775  4.191  9.799 
-14.885 -4.897 12.666  0.243  5.131 27.068  5.460  8.929  7.341 -12.415 10.148 
17.825 27.349  9.926 -7.396  1.326 13.986 13.139 24.260 18.977  4.569 -0.770 
 8.456 11.700 -1.468 10.686 -6.211 16.780 12.834  1.429  9.113 21.116  0.422 
 7.166 24.046  4.348 -3.414 21.177 18.188 -1.762  4.514  4.362  1.302  7.159 
 8.866  4.927 21.171  2.352 -1.317 16.996 10.654  6.959  4.336  9.419  3.266 
14.375 15.280 17.284  6.790 -0.400 -10.798  1.721  4.336  7.942  6.546  5.541 
-0.629  5.847 17.275 17.962 14.356  0.571  7.026 26.689  3.799 21.982  8.490 
21.579 17.111  9.846 11.762 -4.401  3.048 -5.352 -5.031 -2.413 12.184 23.956 
-3.111 -2.202  7.010  9.717 -3.732 13.341 11.518 12.938 -0.015 13.929  6.745 
 4.535 18.767  4.272 15.030  2.630 10.265 29.759  6.115  6.506 17.310  9.338 
18.205 12.469 17.572  9.768 -0.710 23.425 -1.258  1.540 18.576  0.655 28.171 
18.606 15.330 19.935 14.503 16.979  5.790 16.276 21.864 13.265  8.036  9.198 
 0.065  4.933  3.102 -5.228  5.717  4.987 12.167 13.265 11.138 11.463 13.517 
16.523  2.266 11.675  7.585 14.801 -2.000 -22.282 21.872  7.612  5.982  6.312 
23.827 12.251  7.751  0.022  6.520  8.511  9.331  6.257 16.055 18.299 14.987 
 9.191 29.470  8.637 11.979  7.081  1.909  9.145 28.568 -3.895 13.891  4.856 
15.099  2.450  3.007 11.083  6.605  8.429 -0.582 11.654 18.728 14.790 -6.183 
12.865 -5.700 11.124 14.335 10.030 21.502 15.030  0.459  9.319 17.918 28.349 
 6.966 12.256 -4.701 20.023 15.050 -7.840  8.157 -4.632 10.866  8.479 16.138 
23.240  3.725  8.218  6.455 18.090 14.075 -3.646  5.437  3.640 -9.073  4.138 
19.634  1.011  2.156  0.039 -1.351  2.018 12.948  2.623  9.792 26.932  6.463 
 7.875  9.536  6.051  0.030 -9.192 22.010  5.001 -7.148  5.936  7.624 21.074 
-7.256 28.274 15.997 10.607 23.796 11.250 -8.520 -9.630 13.640 -11.898 -0.114 
10.075 15.835 19.229 14.848 14.448 14.261 17.766 -6.014 27.693 15.156 -2.968 
13.847 26.626 -6.592  9.220 16.708  0.616  8.881 -3.623 -6.106 17.483 21.214 
22.173  5.952  8.419  2.115 15.584  9.607 19.816  5.794 -7.929 12.591 10.327 
25.637 -6.531  2.058  3.273  7.445 15.604 -3.486 11.358 18.366  7.727 10.605 
20.880 12.032 -5.157  3.275 -17.690  3.964  4.431 23.895  6.243 15.890 24.536 
 2.817  9.272 14.063 12.532  9.647 -5.920 12.931  9.789 -6.823 -7.056 -6.745 
17.693  8.302 33.412 11.641 -11.969 -4.995 -0.044  3.531 11.302  9.046 -1.554 
19.855 -13.453 29.779 11.406  7.282 -2.269 -0.295  8.709  8.561  0.945  1.613 
16.398 -22.354  6.901  6.380  2.668 18.281 -4.151 -1.002 15.226  5.876  7.990 
19.829 29.019 11.500 -8.612 -15.155 -7.449  9.180 -4.167  1.875 -15.964  8.975 
12.303 16.516  3.488  4.257 11.373 17.664 -4.046  7.090  2.545 14.039 17.893 
22.267  7.895 10.245 -2.996  8.107 19.978 16.979 -7.640  8.677  9.409 12.103 
17.193 -7.993  8.819 16.414  4.830  7.154 12.061 13.856 23.390 22.459 -4.062 
 0.080 23.566 19.465  9.494  5.044  1.401 12.251 12.199  1.281 25.990 -4.342 
13.575 15.162  0.136  1.540 12.411  1.502  5.435 -3.241 -1.769 14.349 13.431 
 1.322 -2.700  9.614  7.002 17.249 -2.783 15.872  3.085 -1.063 20.477 21.348 
 9.788 16.052 14.053  3.417  3.334 21.269 11.749  9.180 18.486  7.456 18.143 
 3.458 -1.493  4.674  9.806 -3.804 16.499 -11.437  2.705 22.607 12.636 14.941 
-10.836 -6.887  3.662  5.154  8.931 23.350 -2.070 13.373 14.278 -6.109 -6.449 
14.329 17.994  9.555 17.302  8.168 20.360  9.463 24.779  2.800  4.910 -2.200 
20.257  8.676 -2.581  5.901  3.684  5.595  2.823 -4.967 10.441 -1.420 -1.369 
15.921 12.638  5.658 10.751 10.872 -0.134 11.629 18.804  0.808 23.425 27.656 
 4.226  3.345 17.387  6.771  8.020 -1.909 28.319  2.724 -2.809  4.415 15.386 
20.147 20.940 -13.579  2.378 24.377 25.470 10.119  8.187  2.105 19.683 11.882 
21.897  6.489 13.859 14.949 -5.906 -8.231 -3.617 13.968 11.494 -3.081 10.079 
 9.693 16.106  0.340 20.595 -10.342  6.747 -1.399  0.337  8.521 10.132  8.361 
 1.670  5.065 16.355  5.173 22.525 -2.053  2.254 12.288  3.261  8.164  4.674 
15.204  5.154 14.871  2.927 -7.124  9.105 -0.856  8.192  7.637 13.774 11.312 
 0.410  5.009  4.077 -3.542 -10.390  0.650 11.528 20.828 21.139 -0.328  9.485 
 0.231 22.868 -19.286  6.124 10.134 14.011 10.841 23.541  2.757 -0.062  9.570 
 1.930  9.981 10.077  6.339  1.082  2.011 -1.754  2.432 10.213 16.857  6.635 
 8.018  5.144  7.405  6.059 25.812 -1.753  2.858  0.067 20.733  4.513  7.208 
 2.795 14.976 25.507  1.067 -1.840 10.220  9.566  9.921  5.269  6.494  6.135 
 7.309  6.004  7.231 17.307 15.108 -7.116 14.119  0.156 -4.159  3.163  9.332 
 6.857 12.406  9.021 -5.946  5.287 14.805 18.242  0.923 12.553  8.219 -2.659 
11.023 13.663 -10.717 -0.139 14.370 -3.732 11.353 10.427 15.636 27.175  1.810 
28.193  4.417 16.414  4.741 14.300 10.137 -2.289 22.172  5.437 25.835  1.195 
-5.916  6.901  8.892  8.238  8.076 12.473 16.833  0.737 24.862 12.685  6.683 
16.924 -4.790 -2.984 33.516  7.346 -2.799  8.000  1.686  5.095 19.056 18.347 
17.230 -17.465 -5.704  0.474 -7.986 32.684 -1.467 -1.810 12.930  0.144 14.460 
14.664 24.449 -29.987  0.764  0.032 15.752  2.120 22.318  4.069 13.287 -3.436 
25.383  1.869  4.019 16.929 -3.555 14.762  6.752 23.704 13.656  8.984  7.335 
-2.676 -4.011  4.643 10.005 23.818 23.742 16.535 11.256 -9.490 10.038  2.807 
-10.183 22.597 14.883 26.352 13.638  0.490  6.230 11.644 16.453  6.635 10.814 
 8.036  7.723  8.093  1.319 -16.194 14.066 -0.029 15.810  6.504 -3.332  7.218 
13.897  8.712  1.438 21.714  4.541 10.228 10.090 10.233 22.143  1.346  7.589 
 8.970  6.837  3.472  7.664 18.782  5.356  9.565 -5.511  7.980 12.029  8.110 
 4.976  7.561  9.882  8.551 -0.831  3.664 15.043 17.827 34.694 14.618 12.242 
25.735 12.044  7.274 29.015 11.553 -8.142 12.985 21.325  1.299 17.324 16.897 
 0.370  7.499  7.762  2.364 11.686  3.842  5.089  7.789 -3.912  3.772 10.318 
25.598  8.849 34.233 14.931 11.038  7.142  1.442 13.380 10.329 13.562 -0.744 
24.712 11.251 11.226  5.144  7.766  8.711  4.602  9.995 17.387  7.179  4.065 
-8.558 -0.240 14.404  4.409 14.900 -0.207 13.675  9.608 18.130 22.931 25.834 
 2.716 25.469  5.109 18.503  5.164  7.536  4.295 16.228 12.446 22.497  6.186 
 8.546 -6.183 13.784 -4.379 10.409 12.166 14.892  5.551 -20.575  4.571  8.690 
 6.639  9.013  8.665  0.266 10.760  9.237 12.164  1.986  5.106 14.193 15.246 
 5.796  8.410 16.772  4.478  5.636  7.540  6.366  7.281 -1.786  6.460 30.697 
12.871 -3.305 43.502 14.380  1.416 17.713  9.005  9.424 -1.143  6.888 21.648 
13.635 27.186 13.392  0.009  5.620 19.836  4.375 -0.551 17.499  4.297 12.733 
12.058 28.109  8.134 -0.855 23.212 -25.461  6.648 11.293 -15.459  7.966  4.272 
 7.381  3.663  2.165 17.273  9.425 -13.168 26.788 -3.495 13.736  0.004  3.831 
21.803 -3.654 12.431 -1.648  4.820 10.270 -1.123 -1.532  8.801 16.063 -0.382 
20.078 22.048  6.839 -0.026  0.971  7.575 27.890  6.175  6.633 -0.073 23.464 
-7.097  8.207  9.723 -1.411  3.383 -9.924 -5.766  1.487 21.362 -1.545 12.728 
14.916 31.868  6.829 29.984  8.927 16.436  6.919  9.653 13.240  8.793 -3.026 
-2.845  5.232  3.413 -0.612  1.800  0.846 -2.174  7.427 16.986  4.504  5.182 
19.540 21.961 16.236 12.023  5.971 -7.345 -1.815  2.004 15.657 -2.668 -1.365 
15.563  7.142  3.403 13.735 -6.604  9.216 12.491  2.583 19.574 18.031 11.250 
 7.835  3.511 13.036 19.267  5.028  5.758 12.304 17.773 30.726 21.313 -5.605 
-3.917 -0.076 -1.365 -0.227  2.329 -1.369 -8.877 22.047  7.166 14.228 -8.542 
12.812 31.928 21.466  1.943  8.551 -13.784 -1.482 14.425  9.786  5.288 -4.096 
-3.785 18.140 -4.158 12.163  3.745  3.837 14.732 36.145 15.626 20.537 -7.244 
-2.635 20.057 15.161 28.675 -9.641 23.086 22.374 10.301  7.136  9.335 18.623 
 0.836  2.992 10.961  4.165 -16.555 25.231 -3.498  3.820 -1.428 19.438  6.851 
10.976 -21.510 17.574 12.621 11.932  2.103 -11.388 10.019 18.216 10.304 11.686 
17.372 28.758  7.503 13.745  9.292  3.334 -9.907  3.008 18.081 10.605  5.774 
15.155  8.236  2.989 -5.947 17.671 14.005 -5.528 15.269  5.232 17.588 25.044 
34.579  2.016 22.557 31.389 -4.195 -9.113  0.021 10.570  6.501 -2.214 21.896 
-9.740 11.381  5.225 31.950 22.790  7.555 21.258 -1.572 13.992  2.294 29.022 
24.083 10.183  8.320 11.711  8.528  9.372  0.868 42.669  2.564 11.329 -6.538 
15.986 -0.603  9.102  8.441 -2.477  1.604 -4.266  8.212 19.378  3.352 -5.462 
23.534 11.447 11.656  8.385 -9.354  1.622 -19.780  6.584 11.389 -13.405 -13.755 
15.663 15.625  9.073 -13.434 -3.874 -12.636 13.160 -4.750  0.283  7.447  0.311 
10.791 -1.177 27.186 13.136 -10.789  5.834  3.303  1.070 18.073 16.592 21.016 
 2.602  7.321 12.160 10.961  1.638  3.197  4.197  8.009 29.632  3.234 11.873 
 9.489 -2.839  5.560 11.038  3.787 -3.067  7.417 -12.238 10.473 20.897 -16.877 
14.115 18.951 19.394  0.729 -13.868  3.932 14.923  6.601  2.245  7.075  2.981 
 7.786 10.994 31.146 18.224  1.291 -12.965 15.036 -10.681 15.033 21.171 22.211 
13.374  4.509  9.842  2.070 21.985 -2.542  9.386 -0.334  9.310 19.918  7.519 
14.905 12.161 18.522 17.138 17.474 10.721  5.432 19.283 10.825 -7.568  8.241 
 8.109 35.573 -9.820 13.201  7.570  0.104 12.812  1.720 10.913 19.841 15.016 
13.838  4.931 16.583  3.846 11.269 -1.139 -1.925  2.581 -9.316 18.651 22.674 
 3.539 -2.911 -7.209  5.561  4.560  0.041 13.364 -13.506 -15.610  0.202 15.328 
 3.869  1.452  1.406  6.785 -5.351  3.259  8.088  3.498  8.997 -2.502  4.328 
 7.530  2.585 -4.988 13.911 10.538 19.323 -0.691 -27.651 -1.517  3.052 18.087 
-1.728 18.443 12.092 39.391 14.488 11.863 11.317  2.451  3.824 30.099  9.997 
20.965  0.291 -4.951 -9.296  3.957 -3.251 -1.680  3.466 14.188 17.796 11.571 
-5.705 23.357 10.406 11.962 16.162 17.475 12.955 28.990  1.915 10.285  3.949 
20.233 -3.493 12.705 17.097 -1.238 16.745  2.574  6.299  3.608  9.868 -0.859 
 8.954  2.761  6.011  5.276 -5.277 10.683  3.523  7.358 13.890 11.928  8.354 
13.305 14.810 20.163 14.220 -14.293  3.233 19.728  6.578 -12.232 19.577 15.523 
13.487 22.488 30.596 11.951 11.548 -0.093  8.177 -6.156 13.417  6.238 17.347 
16.995 12.622 15.947  2.483  8.446 -14.201 11.487  1.504 17.001 25.859 24.997 
-4.550 11.370  7.162  8.519 -0.775 -16.005 25.345  5.011 14.434 -1.175  3.892 
 9.275  4.029 13.721 -1.540 17.263 15.555  4.825 10.844 -0.007 14.994  0.690 
-6.175  8.219  4.871  2.747 10.785 -7.777  8.440  5.599  2.539 12.112 25.881 
-0.528  5.410 -4.164  1.525  7.755  6.824 15.315  1.510 13.916  2.523 23.731 
13.440 16.435  0.332 31.631  0.114 12.624 -6.466  5.480 10.549 -0.436 15.422 
10.685 16.838 14.418  4.250 -0.771 12.970 12.879  9.701 21.635 20.580 20.123 
10.293  4.229 -0.724  6.411 -5.538  5.887  9.373  0.758 -8.392 14.521 -0.588 
22.052 -6.718  0.789  2.740 -0.648  0.143  5.688 21.792 16.884  9.199 -2.118 
 9.837 23.541 15.154 26.788 12.743 13.068  6.711 20.179 18.480  6.167 17.055 
 8.099 -6.342 -3.482 21.978  3.193 24.458 -2.009 22.506 -4.289  0.224 24.811 
 2.826 18.946 30.442  1.477  2.870 -2.415  2.032 18.226  5.294 -2.397 13.502 
10.121 23.853 -9.880 10.345 -2.333 -0.252 -19.933 10.302  7.976 23.241  3.341 
-3.915  9.052 11.887 -15.389  7.483 16.643 22.234  2.166  8.353 16.421  5.889 
 9.723 -5.007 12.641 12.671 14.639 23.809 -8.611 18.466 -4.246  0.616  2.136 
15.254 21.294  6.933 10.051 23.215 11.160  8.347 -4.243  3.772 12.274  7.334 
 4.539 15.562 10.731 -5.680 -2.754 13.974 14.473 15.092 25.285  8.563  5.200 
13.336 13.761  2.009  9.374 12.302  7.280 21.830 18.440 -5.833 14.403  2.282 
12.904 13.848  4.673  6.203 27.062  2.343  4.156  2.544  4.565 10.443  6.322 
-10.493 16.666 19.123 -1.650 -2.705 23.685 20.474 22.814  6.391 10.707 11.767 
11.176 22.955 19.322  8.594 13.517 13.984  6.886  7.364  3.950 -7.629 14.958 
10.669 -2.738 -1.637 -3.282 -6.828  4.136 -2.097 -13.397  0.839 10.796  6.413 
 2.685  1.695 -5.374 10.064 18.079  0.618 14.849  9.052 11.283 10.387  3.887 
15.758 -4.647  1.761 -3.812 18.669  3.374  4.933  5.475 19.692 12.946 18.324 
 6.788  3.750 17.468 -4.098 -5.222 -3.730 -0.413  2.046  9.546 13.064  0.885 
15.997  7.938  6.279  0.968 20.511 17.169 17.611 11.049 -2.365  4.342  9.346 
20.087 17.026 17.399 -4.148 16.115  6.188 -0.142  6.356  0.234  1.921 19.849 
23.661  8.173 17.045 27.048 10.426 -9.636 -14.926 17.314 12.816 32.305  3.387 
 0.430  4.710 -1.362  1.358 12.297 -9.732 25.983 16.554  4.922 13.505  8.780 
-3.848 22.494  6.182  2.145  2.998 14.798  1.486 26.349 23.288  1.580 11.163 
11.622 12.131 -1.949  4.218 20.309 23.641 -10.020  6.845 19.337 17.583  8.105 
16.502 17.260  3.519  9.409  2.080 -6.243  9.968 17.192  1.325 10.398 14.288 
-1.604 -3.351 12.768 -0.834 25.318 -3.605  2.920 15.205 19.979  8.387 29.672 
19.085 12.933 13.699 -25.541 -1.460 -7.990 26.307 10.503  2.831  0.733 10.492 
15.218 -11.818 20.516  5.413  6.733  4.364  4.254 -5.476 21.268 12.168 26.822 
