 9.161 12.293 17.659 15.131 -7.230  1.821  0.245 -3.374 -10.481  4.076 -2.074 
14.687 20.564  6.812  1.558 -9.134 -0.174  6.667 17.486 -2.626 -3.578 -7.967 
42.577 -3.346 -1.339 35.299 21.027 20.405 -5.124  1.042 25.067  4.524  5.917 
24.937 32.311 15.943  7.174 -6.032 13.267  8.075 -0.210  2.396  9.294  2.856 
12.068  7.536 15.954 17.462  0.364 12.945  9.538  0.201 12.365  2.882 -4.756 
 4.897  6.119  0.163 10.463 14.110  2.368 -15.472 -8.235 -9.268 -0.501  3.253 
 9.283 20.792  6.376 -8.578  5.689 10.644 21.902  7.404 13.735 11.038  8.888 
 1.202 15.684 14.599 18.243 18.332 29.758 10.355 -16.099 14.241  7.356 -21.669 
12.435 18.353 22.937 12.225 -4.651 15.422  5.198 -2.725  0.892 -0.621 -15.065 
12.737  8.063 24.801 -5.943 -3.660 10.436 22.231  4.327 -1.217 -11.612 -4.007 
24.156 -1.847 15.863  8.352 25.198  5.861  4.691 -18.919  1.223  8.123 -9.620 
 7.727  9.453 23.369 -13.979  5.282  0.454 10.744 -6.109  2.844  5.313  0.260 
 0.041  2.589 -13.986 21.305 18.559 15.056 10.549 10.359 14.217  6.793 -1.759 
18.139 14.897  3.296 15.418 14.716 16.534 -10.558  4.029  2.671  8.008 -14.334 
14.468 22.092  3.800 10.387 11.143  6.324 -0.599 10.876 11.170 -1.181 -9.790 
25.956 15.392 23.557 18.751 15.788  9.939 20.814  7.162  9.911 -6.352  6.058 
16.501 17.798  9.053  3.666  1.066  2.462 -10.788  7.820 -3.767 28.393 11.033 
26.814 18.586  3.299  3.563 -2.553  1.372  8.092 -2.551 19.205 11.776 -5.903 
16.965  7.662 10.573 11.168 -1.286 -6.771 14.980 12.118  1.478  4.187  4.168 
 6.777 25.271 18.387 13.650 23.945 -1.819 -8.047 19.719  5.705  0.698 -8.996 
36.370 14.876  4.325  7.112 -2.046 -1.348 -4.020 -1.207 13.433  6.711 -9.860 
26.711 31.013 14.391  6.348  4.332  3.506  8.178  5.875 -2.047 -2.864 18.685 
 7.484  5.562  7.632 25.514 10.256 17.025  7.075  7.039 -8.919 -0.604  6.109 
 3.232 45.292  8.409 31.982 -3.999 13.866  4.178  6.028 -9.320 -3.240 -10.994 
15.645  3.399 11.096 15.377 13.906  1.133  2.774  4.155 -13.973 -7.441  1.379 
22.095 27.504 10.781 16.878 12.576 12.838  7.246  9.717 -8.961  6.705 -6.253 
29.281 18.307 21.649 18.735  9.284 18.546 14.429 -10.586 -8.026  3.614 18.356 
27.707 18.451 12.911  9.289 22.959 14.387  1.011 -0.471 10.172  8.688 -3.663 
19.624  8.300 22.106 11.913 18.674 24.244 17.099 -2.259 20.496 -29.182 -6.620 
21.310 11.653 19.136 -1.793  0.713 36.689  6.637 -9.568 26.399 -16.029  2.591 
20.034 22.539 21.025  3.913  9.613 -0.658 11.153  2.773  4.795 -7.942 -2.941 
10.722 20.025 29.713  2.453  1.847  6.907  4.707  5.992  1.291  3.113 -22.802 
26.326 12.889 12.226 12.169  9.249  5.061 22.665  6.194  0.076 -5.466 -12.170 
10.005  5.163 23.652 17.040 -6.838 -2.679 16.984  6.328  1.840 12.931  1.490 
14.038 19.236  5.983 25.515 17.876 13.336  4.955  8.636  9.983  0.989  0.909 
 4.661 11.751 17.861 29.513  4.508 11.719  4.033  7.462  1.698 10.941  7.397 
27.886 24.073 24.686  8.349 12.522 18.293 11.665 -2.418  0.509 18.018 -0.085 
 5.433 14.927  3.684  6.945  8.514 15.766  1.447  7.377  0.808 -2.951 13.000 
17.916  7.437  8.872 21.297  1.154 10.276  3.190  2.572 -16.031  5.852 14.101 
13.232 27.478 39.237 19.735  4.912 -0.495  3.348 10.949 11.135 -7.650 -15.501 
18.004 24.620  6.670  7.001  4.469  4.615  2.026 30.771  1.311 -0.009 18.693 
 4.082 -0.951 17.333 12.735 19.716 -0.286  1.680 -6.794 -9.370 12.201  6.320 
11.884  0.584 18.395 23.889 -20.933 -6.491 12.588  6.589  3.454 -10.691 -6.650 
19.251 -0.242 -2.698 19.582 13.585 -11.027 -1.800  3.484 -2.398 -9.309 -8.354 
 4.753  8.856 -3.259  3.894 19.864 17.945  1.373 -12.342 18.073  5.143 -20.437 
34.294  0.208 17.711  1.196 -9.774 -3.940 -4.861  9.076 18.668 -11.813 -1.000 
28.658  6.567 10.183 16.660 -10.309  6.598  1.526 -3.047 11.657 -7.146 13.437 
19.791  5.661 19.126  9.606  3.562 12.600  2.340  4.427 -14.882  0.090  1.562 
16.002 -8.888  9.724  4.974 21.714  8.024  6.665 30.639  0.758 -11.308 -13.282 
23.558 14.609 16.768  5.204  6.997 -4.831 -3.144  3.092 15.397 -3.878 -3.576 
11.911  8.917  4.715 -2.804  8.197  1.486 21.785 -18.351  8.151 -0.673  0.692 
12.936  8.967 11.335  9.322 11.536 11.257 -9.237  1.838 -14.882 14.328 -4.705 
 5.564 11.289 -0.457 20.611 -5.276 11.851  6.373 15.822  3.094 10.140 -5.437 
 3.824 27.298  4.852  7.118 16.072 12.279 -3.911 15.474  8.980 13.455 -13.066 
 1.402  2.752  1.003 17.979 24.996  2.620  7.780  5.999 -0.175 -4.197  2.224 
23.433 14.382  8.122 12.332 17.655  2.729 12.659  2.745  5.843  3.596  2.100 
26.039 18.634  1.683 10.629  9.444  5.613  0.043 -6.242  3.007 18.891  0.014 
 3.378  5.236 13.507 18.853 17.175 12.086 -1.177 11.825 -3.560 -19.305 16.588 
13.266  9.151 13.140 -10.513 22.658  6.479 15.584 -2.843 -5.336 -8.255 -3.741 
 4.258 29.901 10.746  9.635 10.944  4.442 10.356  9.213 10.446 -14.223  5.441 
-7.851 14.875 16.015 22.556  1.382 -1.480 -13.483 -9.181 -1.881 -7.074  1.597 
 1.621 31.390 16.769 -2.294  1.263  2.411  2.620 11.144 15.637  7.708  5.314 
21.813 17.171 12.492 34.111 42.636 26.755 -16.566 21.002  9.210 -12.533 -6.769 
22.746 18.346  5.281 15.229  2.917  3.375  9.608 16.178 10.125 11.838  9.205 
18.355  3.337  2.059  4.637  2.180  6.960  9.021 13.917 -13.254 -10.912 12.530 
 8.010 15.438 10.232  3.654  0.414  0.785 11.220  6.538  7.667 14.275  0.218 
-4.830 15.108  5.886 11.097  6.147  0.444  6.156  2.062 16.016  9.359  1.597 
19.319  8.347 21.794 -5.983 18.446 -0.415 -3.535  9.531 14.452 -10.364  9.182 
 7.655 16.685 -3.904 21.183  7.427 -2.738  4.374  5.207 -6.777  7.397 35.010 
 6.373 15.998 14.855 16.149 17.716 10.229 15.051  4.510  2.303 -0.533 -0.230 
10.121 14.453  8.442 -8.099 10.710 -1.260  6.199 -6.198 20.699  7.996 -3.961 
 9.785  2.520 15.002 21.584 10.350 29.110 -1.812 -10.587  7.834  2.647 -4.807 
15.847  3.697 15.430  3.544  5.083  8.649 21.281 -5.373 -11.554  6.568 10.275 
16.137 15.972  3.512 20.806 17.289  1.268 -9.379 11.784 -1.470 -2.062 -8.095 
-5.019 11.185  5.620  5.079 -9.785  7.391 -1.282 -5.955 -5.146  8.047 -8.974 
 4.067  0.210  3.377 12.731 13.802  2.825 -0.993 19.894 -12.362 -16.785  3.159 
19.437 23.344 -1.214 -7.846 13.725 -2.695 11.079  8.217 -10.961 -4.177 12.390 
-7.033 -0.924 20.056 -10.153  3.978 -3.198  1.419  1.856 10.222 15.297  6.948 
10.639  6.858 -8.026 14.680 29.954  4.743  3.870  6.211 12.049  2.583 -6.591 
24.684  3.734  4.829  1.349 23.172 -6.611  7.060  7.782 -4.887 -5.521  9.612 
20.815 27.677  5.651 -10.898 -4.277  5.222  7.282 13.466  8.268 -3.918  2.668 
13.732 -2.903 38.124 -9.724  9.791 -5.713  0.668 18.219 -9.576 -23.410  6.178 
18.003 18.317 -0.790 21.375 27.887 -0.766  2.806  0.451  8.515 -8.344 -4.462 
19.188  5.859 21.622  4.193 28.286 -9.184  8.937 -8.915 -3.567 20.821 -16.626 
-17.344 27.433 -1.575  8.509 -0.120 16.610  9.636 -7.582 -22.430 -22.687 -7.925 
21.032  1.458  9.956 12.401 -1.011  3.721 21.225 20.638 -9.133 10.366  2.481 
19.668 16.144 18.887  8.524  3.701 12.067 -2.978 -7.699 20.701  0.878 11.213 
39.660 -2.861 12.141 26.346  4.669  1.780 15.333 -4.259  2.447 -13.522 19.726 
19.692  5.456 -3.804 -7.221 25.556 -0.537  4.551  3.539 14.211 12.616 11.978 
 6.825 -4.556  7.097 14.200  1.463 -4.689  8.582 -10.186 -17.439 -10.152 -6.965 
 9.734  6.321  4.996  9.319 -0.891  3.303  9.558 -2.220 -3.306 -0.151 -15.446 
27.508  8.529 25.608  7.783  5.613 10.968 -12.046 -0.248 23.065 13.939 -42.847 
 9.274 12.205  6.209 -2.573 11.549 13.740  5.553 17.654 -1.661  9.916  0.173 
20.462 11.972 13.944 14.261  3.317 20.964  7.868 18.250  6.055  9.213  8.850 
21.494  7.099  7.634  5.817  8.792 23.083 19.897  0.380 -1.593 -9.194  0.844 
 3.967 43.213 16.958  8.417 27.758  1.900  2.834  5.321 11.873 -8.216  3.992 
11.461 11.633 -2.475 17.890  6.922 22.994  1.147  1.475 18.273 15.967  1.773 
16.220 18.938 12.584 -10.198 20.990 -3.654  6.346  2.087 10.646  1.536 10.798 
 0.205 18.166  5.915 15.290  6.832 -4.050 -0.223  2.793 13.568  8.676  0.887 
10.305  9.706 -4.029  0.612  8.299 -1.311  1.754  3.029 -14.002 -2.325 14.662 
30.252 14.044 22.349 17.182 16.054 -2.918  0.370 14.709 -6.770 -11.814  5.912 
-9.021  0.790 11.137 -0.750 13.992  5.131 17.357  5.550 -5.042  3.641 -7.251 
16.946 -1.663  0.767  8.893  2.587 15.458 -10.449 -2.821 -4.353 -7.687 15.442 
16.347 18.878 -5.936 12.068 -10.534 11.079 12.057 -2.367 -12.158 13.516 -0.002 
17.186  0.077  5.573  7.853 16.804  4.309 -10.612  6.011 10.216 -5.170 -4.650 
 6.222  4.905  0.873 13.040 -10.338 -5.393  5.452 -4.944 -3.303 -8.582  2.695 
 9.862  1.016 -10.144 -4.546  0.613  4.044  2.000  3.577 -19.196  9.899 -8.002 
22.614 20.862  3.420  6.488  6.977 -6.283  8.979  4.442 -7.030  9.140  1.700 
 2.164 -10.375 25.456 20.026 31.151 15.701  6.913  7.738  8.432 -8.932 -2.887 
13.422 19.789  6.332 -19.990  2.989 -2.722 26.602 -5.972 17.000 -13.163 -18.441 
12.054 26.318 11.354 -8.912  1.197 12.689 19.604  1.816 -2.496 -3.737 22.001 
20.876 15.143  0.721  7.200 19.292  6.530  7.129  0.508 -1.505  9.213 -2.984 
15.781 18.649  9.784 40.027 10.718 14.727  7.566 -15.956 -6.330  3.571  7.761 
18.424  7.381 -0.402 13.864 29.697  7.322 -18.763 16.554 -9.015  0.924  9.258 
16.356 24.594 -11.256 -0.118 20.813  3.351  4.297  2.591 -11.435 -3.692 10.053 
31.226 18.484 15.487  6.433 23.430  1.186 10.934 -1.892  8.988  2.165 18.344 
20.001  6.811 16.044  2.182 -1.527 16.511  7.061 -9.821 -4.982  0.161 -0.076 
26.336  7.121 25.025  6.425 11.122  3.822 14.226  5.448  4.680 -1.516  4.168 
 4.530 28.635 18.699 25.660 16.231  5.075 13.233 12.106 -13.154  5.924 -4.871 
 9.241 -5.912  6.668  9.050 16.212  8.056 18.277  4.366  6.510 -1.906  0.450 
 9.382 25.889 -7.722 11.796  9.118 13.517  0.356  7.881  8.599  9.213  2.174 
22.739 35.714  5.121  6.409 -0.345  5.549 18.453  4.756 -1.335 -4.190  8.671 
13.202  4.588 11.899  8.633  1.288 16.538  2.569 -8.488 -12.828  7.228 -8.737 
 4.340 -4.502  3.948 11.068  5.972 -2.439  6.004  2.464  1.262 -8.438 -6.804 
 5.028 26.477 34.094 13.378 21.426 21.250 13.336 -5.175 -14.160  3.985 -18.484 
 9.395  1.509  3.978  5.965 10.858  1.566  0.698  3.462 -0.482  4.481 -8.522 
31.493 20.758 20.594 -2.871 -0.233 -0.354 -0.599 10.387  0.237 12.614 -9.753 
23.722  8.988 19.127 19.342  0.278 14.886 -11.191  5.816 16.902 -15.044  0.490 
14.188 10.352  8.068 11.847 -3.237  4.024 12.394  7.983 -16.526 -12.442 -15.061 
-6.209 15.868 13.125 17.697 -12.168 -2.443 -13.983 -2.025 12.159 -3.477 -12.014 
15.157 14.233 13.285 -5.949 14.047 19.682 -0.519  7.501  6.568  2.072 -10.491 
 7.475 15.206  7.779 -8.092  2.569  9.872 14.276  0.624 -11.348  4.686 -10.046 
 8.296 19.946 24.343 21.707 12.429  4.220 22.960 10.967  4.672  7.901 -3.611 
12.684 25.281 17.329 16.971 22.684 17.594 -4.283  0.945 -5.903  0.147 -1.893 
27.416 18.596  6.698 20.725 14.348 11.709 -1.459 -5.591 10.350 -6.124 -2.956 
15.760  9.882 16.558 29.370 10.801 11.356  8.171  4.684  6.969 16.605 20.761 
-9.052 -0.220 11.935 11.425 -1.650 23.554  3.664 15.547 -12.040 -6.218  7.847 
15.722 21.066  8.270 14.014 21.381 11.461 20.466 -9.182 -18.981 17.867 -9.334 
13.748 13.595  7.863  3.173 -3.976  8.523 15.217  8.613 -3.577 -5.434  8.308 
14.938 36.053 15.349 20.411 -2.494 16.220 20.946 22.281 -21.571 -3.122 -0.128 
15.237 17.834  2.117  6.685  4.700  0.687 -1.325  0.734 -16.173  7.862  5.702 
17.733 -2.398 11.685 12.292  4.655 -7.089 26.525  0.023  1.978 21.367 -4.247 
27.654  1.395 27.384 14.008 36.023 18.400 -18.093 -7.486  8.553  3.324  7.639 
12.560 -2.220 35.454 14.553  5.221 -6.414 12.148  0.435  3.834 18.940 10.180 
21.201 21.913  3.993  0.916 -1.883 -7.340  6.538  2.158  0.139 11.692 -5.995 
31.781 17.721  5.753 -2.383 16.656 14.625 22.582 -14.080 -8.109 12.555  3.372 
31.815 12.806 14.672 17.939  4.671  6.699  7.867 14.884 -1.463 -14.721 10.600 
16.954 15.763  0.951  3.106 19.026  0.071 21.534 -4.539  5.908  3.431 -14.348 
 1.972 12.561 19.510 13.004  9.034 13.271 18.418  7.323 11.682  5.561 -0.751 
16.098  1.427  5.616  6.005 16.948 -15.236  4.719  5.803  7.592 -0.164 -5.695 
22.165  0.922 14.358 19.248 12.997 13.936 17.791  4.392  9.464 -11.771 12.455 
26.994  4.636  6.014 19.282 -1.027 -0.497  0.605 -4.162 12.547  0.583 26.914 
-2.886 11.567 33.450 20.650 28.179 25.995  5.337  2.730  2.475 -4.678 -3.043 
 5.770 -10.654  4.933 -10.531 23.952  3.758 10.715 -3.200  6.149 22.597 18.930 
19.638  5.850 20.719  9.242 -0.263  5.949  6.374 15.320 22.879  4.456 20.597 
15.810 21.419 20.505  1.985  5.467  6.983 14.043  9.606 12.386  8.495  6.615 
 5.074 28.553  0.422 10.890 24.185 12.632 13.307 -2.382 11.683 -4.463  8.237 
26.300  3.112  5.553 16.928 20.860 10.665  7.153 -1.252 -13.314 -6.721  4.546 
13.195  7.777 18.397 12.871 -0.414 -3.193  3.217  9.377 -5.257  8.236 -21.788 
12.210 -2.840 -6.386 13.577 20.705  3.821 11.545 -0.881 -6.139 -6.314  3.833 
12.208  3.962 12.035 -4.349 11.658 16.467 -15.841 -24.106  4.066 -19.548  0.718 
16.850 12.745 12.951 21.126 -9.730 11.807  4.895 -7.770 14.616 -6.850 -1.330 
25.711 15.781  7.995 -1.572 17.474 19.347 -0.111  6.185 -6.194  3.055 -11.531 
10.656 13.330 30.361 -0.924 26.878  1.362  6.326 -9.839 10.149 -9.271 -5.308 
-0.010 12.699 11.059 12.161  6.303 -5.798 11.687  9.464 -0.877 24.518 -18.504 
25.721  9.549 13.263 28.145  3.085 -3.514  3.925 -3.869 11.042 18.931  1.931 
 8.784  9.425 11.018  1.240  3.226 18.419 -4.474  9.155 16.062  8.930 -12.957 
 3.916 11.416 18.536 20.624 11.298  2.748  8.179  6.139 -1.923  7.043 -0.274 
 6.584  1.644 16.489  9.454  3.074  9.731  4.723 -14.258 13.087 10.879 -0.487 
-3.124 13.646  6.392 23.242 14.190  5.919 14.282  8.995 -11.310 -11.418 -7.956 
 8.965 18.996 19.207  1.998 13.560  9.243  2.763  4.357 14.336 -9.067 -8.966 
15.063 11.418 32.189  8.385 -1.442 -4.079 -2.341 -1.827  2.671  5.927 -0.869 
14.529 11.149 12.897 -0.116 21.994 13.580  0.413 -17.415  6.459 -14.259 -13.555 
17.000 16.510 10.263 -2.937  8.758 -5.885 -5.514 -2.052 -1.130 15.485 -11.941 
24.117 20.040 11.113 10.049 15.510  9.277 23.805 -5.766 -11.691 -13.192  1.992 
 9.085  8.309 20.639 16.629 15.313  1.149  8.934 -11.667  7.471 -3.628 -3.808 
28.250 21.490 16.499 10.087 20.424 -4.186 16.608  9.279 -1.280 36.254  9.991 
31.042 13.227 12.702 18.504 16.073 -0.432 -0.074 15.030 -1.442 -3.436 12.303 
20.106 23.066 -2.530  0.173 -9.721 10.724 17.237  3.021 -13.272  6.689 -8.001 
 4.414 -3.290 14.374 16.676 29.263 12.190  3.526 -3.317  7.235 -4.350  4.149 
-1.168 18.785  0.113  4.713 19.803 -0.755  6.549  0.832 21.625 13.717 -0.472 
26.174  0.564 21.601 10.013 12.634  1.247  7.938 -6.393 10.154  0.628 -12.613 
24.022  9.420 12.959 28.933  8.625 -2.757  6.356  6.491 -1.987  2.248 17.729 
24.095  0.894  7.368  8.982  6.278 20.664 19.571  8.892  8.679  1.788 -6.074 
11.129 -3.158 25.366 -2.699  2.135 -5.932 19.987 -9.215  1.704  7.347 -6.437 
 7.989 13.018  4.133 15.981  1.043 -13.616 -5.383  6.876  3.194 22.330  1.149 
18.784 18.337  2.882 19.603 15.508 36.048 -2.534  4.543 14.631 -4.481  8.522 
11.782 12.674  6.977  8.210 17.344  0.305 20.489  6.412 -22.535  1.908 15.434 
18.644 22.050  0.752 23.515 12.778  7.532  6.426  8.855 13.448  7.572 -11.979 
 7.247  8.401 23.287 20.806 19.736  5.160 11.259  3.981 -7.983  4.878 -6.951 
13.171  5.928  0.136 -0.742  0.007 17.014 12.298 -11.333 -14.673 -12.298  9.624 
 9.752 11.309  4.107 23.855 18.458 -12.850 13.721 -13.309 -8.384 13.967  8.034 
19.579 28.027 10.081  9.037  4.436 -12.665 14.508 -8.866 12.696 10.425 -16.860 
13.647  0.711  9.477 12.589  9.711  7.931 18.933 -1.363  0.058 -5.714 -13.357 
 8.207  9.217  8.532 21.129 -1.732 -3.697 -1.963 17.604 -19.247 -15.434 -1.658 
26.548 20.716  2.483 10.792  2.993 20.218  8.791 24.890 -6.675  1.368 -0.565 
11.178 13.890  0.036  4.228 -3.233 10.931  2.225 23.206  9.364 11.668 -10.292 
12.115 12.481 12.340  1.923 14.476 -15.919  8.805 -0.858 -26.231  3.056 -15.357 
 7.504  9.080 29.413 -3.956 10.048 15.324 24.707 -2.220 15.619  2.760 16.954 
 6.742 35.067  9.038  3.600 23.608 -8.525 23.449 -5.516 16.779 -8.560  0.528 
18.566 18.097 10.661 16.738 13.708 -0.769 19.415 12.690  7.597 -12.127  4.761 
23.559  7.082 20.637 11.969  0.609 11.075 -8.316 18.376 -10.997 -4.165 10.059 
 8.917 13.235 12.559 15.366  3.650 20.064 -0.135 -2.122 10.380 -8.931 10.908 
26.822 13.153  8.680  4.357  9.504 14.418  3.775 23.380 19.469  5.484  0.520 
14.186 26.112 14.640 16.936 11.156 -9.797 20.592  5.438  6.624  0.195  4.015 
31.741 30.492 39.905 18.285  9.612 -3.391 -9.529 25.527 -7.816 10.353 -14.850 
19.960 20.235 14.914  7.808 -16.955 -0.496 17.793  9.519 13.146 -1.940 -12.080 
10.327 26.999 23.318  3.527  1.876 25.311 17.793  0.088 23.169  4.405  2.426 
13.203  2.180  0.326  8.310  6.613 -6.585 -4.870 13.132  3.444  0.653  5.275 
 7.550  7.703 -6.134 38.013  6.152 15.113  5.388  8.046 12.918 15.338  5.870 
 5.033 -7.893 13.308 20.311 -3.668  9.662 -1.186 -5.098 -8.246 -6.091 -6.551 
 6.244 18.428 21.025 -7.264  0.254  3.942  8.960  8.325  5.343  2.389 -10.695 
29.017  9.890 18.706 -5.400 -0.420 -4.991 12.781  0.245 -9.306 -2.892 14.909 
18.759  4.571 19.904 13.556 12.163 -3.531 20.543 -11.877 -1.759  4.539 -8.459 
21.075 28.958  3.256 -10.261 14.421 17.843  5.473 -4.042 -0.868  5.112  6.619 
18.205 10.043 11.514  3.514  9.082 18.622  9.696 12.968 -8.830 12.454  3.891 
34.469 15.898 -2.567  5.152  9.305 -14.124 -2.738  6.074  2.994 -4.084 -18.847 
17.200 11.556 20.961 13.104 -0.248 -3.129 15.815 -8.105  4.006 -0.868 -10.675 
12.873 11.296 -4.349 18.993 -1.983  9.975 -6.613  3.228 -5.977 -1.861  4.580 
24.184 12.417 19.793 10.211 18.357  1.098 -14.418 21.463 18.044  9.915 -5.454 
22.619 19.317  0.646  2.098 22.180 23.737 11.831 -18.766 15.756  4.289 -12.976 
 0.816 26.237  5.007 13.400  3.048  7.670 23.373 -3.313  5.276 11.196 -5.164 
28.846  1.703 13.082 20.775 -1.105 12.383  0.578 11.619  6.275 11.186 11.641 
15.741 24.156 19.870 13.840  5.034 17.909 -7.897  7.441 12.657  8.787  4.376 
 1.120 24.586  3.495 16.781 15.808  8.246 12.344 13.433  5.999  1.214  4.566 
 1.884 36.895 17.113 -11.654  9.243  9.315 -0.282 -0.662  5.690 -3.513  2.003 
27.165 21.926 24.277 10.827  4.427  5.576  5.232  9.611 -2.748 -7.257 -5.605 
 2.213 19.957 10.818 20.236  4.590 -11.835 22.616 -0.861 -19.373  2.723 -1.959 
16.505 13.697 14.963 12.949 -3.657 17.177 11.403  9.238  9.783  6.111 -10.143 
16.521 10.318 -11.161 -2.120  2.184 -0.680  0.663  2.491 -11.008  7.217 -3.820 
23.869 20.526 16.792 12.928 11.290 20.744 22.277 10.048  4.947  7.581  2.813 
10.569 33.189 29.901 28.275  2.104  1.486  8.976 -0.722 14.037  1.868  5.004 
 5.881 19.153 23.588 24.156  4.098  4.798 -2.614 -2.211 -1.494 19.389 -15.614 
 5.975  8.094 15.388  4.735  3.584 15.145 -2.603 -1.036 23.130 -10.985 -15.908 
12.541 18.095  8.620  8.881 -3.402 -3.295 21.414  5.048  3.350 -13.602 10.744 
17.979 18.874 19.210 -4.162  8.885 -5.516  6.099 -16.477  9.282 19.028 10.166 
16.590 -3.597  5.683  9.673 -7.583  9.303 -4.469  4.404 -1.938 -3.324  2.529 
26.621 18.769 -0.277 -1.198 22.975 14.433 -5.750 10.704  7.943  2.297 -8.248 
25.046  1.544  4.245 -2.269  9.183 -16.378  5.767 -11.529  5.749 -2.171  3.929 
 3.596 26.715 15.947 -0.211  4.933 17.669  6.752  1.182  8.442 -2.222 -16.375 
 2.446 -13.417 11.344  3.736  4.769 -0.133 14.783 -1.703 22.262  8.880  5.998 
28.280  8.118 16.133 -7.769 -15.805  2.060 11.756 -9.407  4.160  6.881 12.771 
 7.407  1.601  9.514  8.843 -3.429 -10.523 11.542 13.358 -5.619  1.556 12.232 
-4.744 20.277 15.941 12.938  3.701  3.792  5.639 21.716 -1.681  4.041 -9.822 
23.578  4.785 13.622 -3.431 -3.275 19.522  8.695  5.287 -16.426 13.350 12.774 
12.988  1.738 17.903 16.802 -1.582 -25.412 18.420 12.318 -10.907 18.033  4.577 
10.111 16.042  7.529 10.330 -6.802 21.711  1.376  3.172 -9.105  7.523  6.661 
-1.066 16.242 20.629  9.166 -0.073 13.773  2.514  6.141  7.047 -5.091  1.988 
-4.343 13.335 17.570 14.522 29.003  0.958 16.607 22.326  9.606 14.727  9.417 
23.166 27.261 39.732 19.183  8.732 -7.873 10.963 -1.339 11.081  8.829 -2.497 
32.331 17.687 22.633 -4.938 20.700  1.436  0.974 -0.675  6.343  0.295 -5.780 
 7.612  0.063 23.324 17.160 -4.176  6.089  3.783  1.801 -16.427  7.980 -1.518 
25.107 11.750 -6.905 10.110 -2.106 -0.160 14.651 18.429  5.895 -1.289  0.125 
 0.622 -6.613 -2.573 15.394  5.083 -3.752  9.007  1.267 -0.395 -6.865  3.275 
14.586  8.162 15.643  3.637 -3.927 25.868 14.725  3.616 10.525  8.928  0.302 
23.437  0.909  8.041 -9.420 12.198 15.590  9.365 26.835  1.830 -3.567 -2.429 
15.985  3.641 13.071 -3.104 14.365 12.891  6.954  9.416  5.598 14.029 15.117 
19.654 32.081 11.119 25.832 -2.613  9.214 10.126 -9.227 -1.020 -5.519 -1.443 
26.032  5.738 -6.411 13.224 10.705  4.616  0.496 -11.466 -6.613 -9.105 -7.362 
 6.903 18.604 11.530 12.131 13.572 -8.659 -1.912 14.725 -20.470  0.951  2.805 
 5.811  5.082 10.799 16.515 19.690  0.875 17.940 17.243 20.639 16.126  5.539 
32.011 25.515 18.940  3.877 19.042 15.877 14.246 -17.034 27.889 -9.753 -13.926 
33.422 24.474 32.244  6.069 -10.567 -5.598 16.835 16.097 11.553 13.389  1.864 
-9.002  8.513 14.193 20.654 16.172 18.175 -12.923 18.839  6.557  0.153  3.417 
 5.031  4.809  7.701  8.280 10.344 20.959 18.948  3.240 -8.608 10.680 -1.644 
19.858 20.683 12.124 -4.793 14.044 23.630 15.181  4.434  0.654 -3.506 -9.845 
 8.116  4.745 18.384  6.852 10.097  4.959 -5.124 -0.836 19.201 -8.169 -14.384 
12.314 11.766 14.506 -3.457  6.783  7.152 11.441 13.824 -5.810 -15.544 -15.572 
15.619  0.970 23.501 21.420  1.969 33.528  6.962 -0.855  3.589  2.351 -8.574 
14.700 30.449 12.728 15.069 -4.855 12.879 10.474 -9.813 -6.570 -0.524 -12.166 
16.681 19.081 -17.017  3.461  3.626 14.946  0.551  1.016 -19.188  1.688 -8.160 
15.910 15.370  0.456 13.287 22.383 -1.056  3.476  1.366 -5.519  2.700 -7.770 
10.882  8.619 17.964  3.363  3.538  8.727  1.814 -5.248 -4.880 15.007  2.164 
23.396 16.322 -6.452  9.564  1.325  9.834  2.193 11.648 13.288 -4.788  1.085 
 8.827 23.458 23.286 21.227 -5.712  7.022 12.474  8.109  3.425 -1.816 -10.949 
15.347 20.009 -8.524 14.350  7.979  7.231  3.758 15.173  7.083 -0.223  4.480 
17.232 16.042 30.188  8.606 -5.326 -4.622 -6.428  8.334 -8.504 -19.263  3.641 
-0.035  1.028 10.465 14.929 -4.150  9.589 20.580 12.949 -7.171 17.996 -1.776 
22.866  8.624  7.739 -16.741  0.285  1.596 14.372  7.211  7.491  5.676 -5.219 
 6.061 12.033  1.802 16.093  8.591  6.645 -13.259 -4.180  6.043 -4.863 -8.829 
13.752 -2.275 14.243 19.249 13.634  7.367 -10.759 -3.313 -3.927  9.287  1.173 
36.532 12.882 29.033  9.329 34.006 -2.658  1.600 -29.692  4.312  2.998  2.923 
14.670 16.000  9.526 -3.373 15.790 -6.233 16.443 15.622  8.338  3.810 -8.288 
13.262  2.891  5.741 -1.057 26.020 22.778 18.917 18.790 -7.133 -6.801 -7.448 
27.035  7.583 11.216  6.496 32.504 -8.991 -0.244 -4.896 -10.937 -7.088 -20.641 
11.693 14.769 31.937  9.138 24.616  6.592  6.166  8.188 -0.633 -6.293 -10.058 
18.114 14.661 14.585 -11.272 15.432 -20.038 -1.292  4.309 -8.006  7.180 17.233 
19.289 10.895 12.276 15.108 -15.063  0.447 -3.613 19.324 -8.071 -2.455 -3.137 
19.414 22.636  0.670 27.812 19.602  0.666 -3.399  8.393  1.279 10.489 -10.885 
22.029 36.705 22.736 -0.142  0.545 -0.164  6.552 -2.762  2.671 -1.354  1.656 
 9.925 10.541 10.355  3.306  7.868  5.161 12.435 14.530  8.373 10.082 -16.136 
22.555 28.239 10.380 -2.940  2.151 -4.395 -3.159 -3.490 -14.066 -0.881 14.184 
 0.149 26.066 11.144 17.366 -2.493 16.988  0.306 -5.242 35.588 -5.933 -16.037 
17.383 13.221 33.646  1.906 11.989 11.646 -2.955  3.108 -12.113 16.238 -2.281 
 2.049 22.676  9.499 20.733 11.421 -7.397  7.427 -18.227  6.483 -8.339 11.556 
 9.105  9.597 22.702 13.310 -7.988 -6.850  8.223  1.000 -12.565 -4.605 -14.417 
20.729 19.286  7.571 19.628 -5.954 24.740  7.423 -1.425  5.105 -10.955 15.132 
 4.932 22.129 20.213 17.520  7.366 -34.177 11.260  2.846 -11.145  5.846 -4.265 
 8.079 -0.224  2.250 11.382  5.655 -11.453 15.541  4.244  8.380  9.876  1.403 
-5.110 -3.649 17.078  8.877 -5.748 -7.817 12.226  8.957 -2.705 -8.085  1.899 
13.548 13.086 26.165  5.439 11.240  2.703  6.373 -0.454 -10.341 -17.732  1.732 
15.626 15.030  9.083  0.851 10.418 16.654 12.478  8.450 12.116  5.113  6.659 
 9.198 18.029 18.850 13.012 19.061 14.810 -4.314 -6.806 10.615  4.265 -8.729 
17.904 23.435  6.794 22.476 -0.537 -5.386 -5.090 16.165  0.349  2.364 -4.386 
16.195  1.342  5.174  7.490  4.630 10.729 12.624 -9.754 11.226 -4.161 17.966 
 0.152 16.518  1.028  9.115  9.065 15.717  4.353 17.152 18.016 12.828 -9.061 
 3.301 -0.801 15.010 16.839 19.715 11.273  9.298 -0.855 -1.947  0.870  7.252 
14.017  7.519 10.753  6.324 -9.207 -2.762  6.606  3.530 -7.599  3.493  2.318 
13.605  8.507 -1.366 12.209 15.468  7.315 -2.579 21.783 11.605  8.412 -4.597 
17.662  8.903  3.883 12.880 29.270 12.172 11.964 -12.244  5.790 17.299 -10.472 
-0.381 -14.781 15.711  5.445  3.758  0.165 -24.623  8.956 -3.316 -2.375 -1.954 
16.921 15.633 -3.191 10.801 15.769  5.539  1.796  5.600 -15.596 -0.466 11.807 
14.396 -5.661  9.711 18.166 -6.200  2.738 -0.917  0.790 -6.074 -0.559  0.483 
13.615 20.355  9.116  8.787 14.045 -2.072 -13.761 -1.719  0.842 -0.406 -5.080 
 6.727 13.139  2.142 19.548  6.150 11.705 -2.743  6.598 -5.909 -9.513  1.439 
31.192 20.073 21.512 16.609  5.758 -17.314  7.809  3.342 -2.288 13.898 -2.425 
34.634 -1.572 -2.115 10.833  7.152 19.162  5.340 -9.297  1.867 16.858 -16.704 
17.701 14.744  8.275 -1.081 13.539  7.391  7.637 -16.935  3.770 -15.115  6.844 
 8.905 29.195 12.957  1.711 16.213 15.371 -0.148 -4.658 -4.520  1.254  7.386 
36.855 15.410 29.022 28.442 12.099 20.264  4.223 -11.188 18.434  5.802 -1.924 
15.496  8.590 14.309  5.977  9.714 -1.185  4.608  9.892 -3.224 -7.055 -1.672 
 1.587  6.343 12.548 10.189 19.414  0.303 11.907 18.921  4.788 -7.599 -8.789 
31.102  1.037 -3.693 15.251  6.616 19.012  6.071  7.438 -17.425  9.937 -10.927 
 2.401  8.790 19.978 -2.176  0.756 -15.784 -10.245 14.951 -4.744 -2.960 15.851 
17.183  2.298 -3.105  7.070 10.238  4.623 -1.262 21.833 -13.138 -2.196 -3.799 
21.445  4.328  8.255 17.044 -11.379 -1.708 -1.921  3.500  7.622 -10.001 -3.536 
14.006 17.871 14.937  4.221  3.477  3.157 12.928 14.189 12.394  5.387  5.571 
10.971 -0.554 14.093  4.408  6.488 11.621  4.949 26.285 14.094  1.742 27.427 
29.799  9.106 -1.345 -1.780 26.923 11.305 18.802 13.497  3.735 -3.076 -1.936 
23.836 34.692  3.217 27.643 -9.550 14.862  2.410 17.497 -13.262  3.321 -20.492 
13.701 -10.362  4.447 11.702 -5.275 -15.794  4.902 -7.176  1.294 -11.843  8.260 
13.895  8.164 21.381  9.711  8.465  0.937 -18.007 -1.556 -8.201 36.483 11.737 
 5.300 -1.587 24.029 -5.266 14.744  4.667 14.311  1.040 -18.054 11.800 -4.163 
16.399 18.290 12.629 19.883 12.533 -7.827 -11.873 -18.269 -12.494  1.203  2.937 
17.690 16.951 12.018  0.830  8.892 -7.910  3.528  2.846 -1.379 -8.520 -15.160 
 2.100 -0.981 14.168 11.758  1.480  7.246  3.036 -11.532 -4.695  6.887 -4.376 
 5.938  2.363 21.272 15.640 20.115  0.628 -9.230  0.354  4.700  6.773 -11.805 
 9.052  8.730  4.003 27.792 -6.464 30.012 24.217 14.428  8.052 -15.535 -4.821 
34.431 15.109 13.522  3.864 23.188 -3.370  9.723 21.182  4.345 -5.803 -10.223 
20.376  5.077  5.091  5.544  7.426 17.852  0.749 -2.503  9.770 -0.994 -15.434 
19.535  0.504  9.591  1.609  5.920  8.640 -5.596 -8.253 -1.872  6.565 -3.049 
14.768 18.233  8.907 -2.224  2.156  8.845 -1.095 -2.657 -0.918  7.855 -2.850 
25.569  9.638  8.040  6.557 17.430 -6.386  2.358  0.694  7.729 21.262 17.955 
 6.410 -11.260 12.353  7.236 -7.931 19.557 -1.893  6.520 -10.188 -7.357 -21.831 
 6.148  3.826 23.458  2.277  1.931 17.846 22.358 -10.869  5.282  6.730  7.168 
30.141  8.085  7.524 10.566 16.874  0.148 13.668  5.615 -11.274 18.094 -3.713 
15.562 -3.422 18.206 14.936 -3.623 -6.596  3.589 23.676 15.486  0.766  5.935 
36.954 16.183  5.963 21.368  9.928  6.729  8.800 -7.261 -8.148  8.424 -4.001 
 7.201 25.218 27.902 24.476 12.854 -3.829  7.310  9.477 16.210  6.602 -23.549 
 1.733 19.520  1.043 20.964 11.403 28.624 11.660  9.611 -3.698 -20.590 14.397 
26.976 12.555 -1.932  2.785 13.684  1.477 -1.474  0.016  8.038  8.016  6.486 
15.396 11.767 17.435 30.882 15.596 19.733  6.595 11.506 -3.387 -0.751 16.990 
 3.419 30.948 10.979  9.351 14.894 14.517 -8.572 -0.684  9.073  0.903  2.146 
 6.208 12.328 -1.546 -19.997  8.906  5.574 17.216 -15.571  3.766 17.016  2.978 
17.373 13.230 26.915  9.412 -1.606  8.813  1.576  4.795  4.993 -5.222 -0.772 
-1.032  0.688 26.481 18.890  9.164 20.202  1.669 11.091 -5.645 -11.570 -5.880 
20.046 21.513 -1.361 17.470 -0.180 -6.479  3.633 -3.601  9.420 -10.204 -7.699 
 9.975 10.496  3.494 -7.928  3.447 12.165 14.881  3.762 -4.729  5.624  0.114 
15.631 13.799  2.190 11.819 -1.180  3.993 -4.115 -3.124 -4.208 -1.786 -3.235 
21.615 25.350 11.490  4.611 24.216 10.206  5.070 -0.981  7.752  5.245 -13.688 
 1.145 -5.753 17.326 15.101 17.945 -2.016 -14.527  1.323 -1.591  0.078 16.587 
19.402 14.744 -5.975 12.008 14.115  6.082  1.464  7.890 -4.270 11.728 -6.575 
17.060 -0.136 18.553 17.370  4.020  5.474  6.443  9.178 -11.730 -4.704 -20.183 
14.305 24.337 18.863 12.769 39.881 16.050 14.857  0.805  2.998 -13.313 10.972 
 1.659 15.832 23.310  4.550  1.151 -0.385 23.536 -18.420  6.855  7.984  2.943 
-3.159 16.909  8.456 11.689  9.095 14.604 27.138  8.312 -9.229  1.614 -30.653 
23.400  8.064 12.066  2.580 -1.231 -1.183 -11.337 12.787 -12.349 -3.512 -3.014 
-0.608 32.435 -1.355 10.494 11.096 15.081 10.497 22.485 -5.253 -18.705 -11.144 
 7.625 18.165  8.605  3.107 17.957 13.997 -0.464  4.684 21.655 -0.400  7.675 
 3.176 13.496 14.627 12.654 -1.188 -14.039 11.927 -2.166  4.358 19.106 -6.655 
17.090 -0.507  4.582 12.981 14.325 15.448 -6.388  7.109 -8.441 -3.763 -10.057 
31.074 -0.376 31.505  1.252 13.832  4.499  1.660 -2.751  3.732  4.815  5.048 
 5.888 28.454 26.452  9.800 12.043 20.806  2.078 -6.871  3.210 -8.317 17.353 
13.111 33.660  3.577 15.874 11.213  9.950  5.915 -2.109  2.855 -11.338 -2.842 
21.586 14.312 27.871  6.984 15.394  3.397  5.702  0.345  4.820 -9.688 -1.830 
43.276  2.049 14.874 19.557 12.774 18.494 22.632  0.820  5.817  1.247  4.015 
 0.778 16.614 -11.345  1.333 -1.144  4.820 -12.902  6.659  1.206  2.389 -7.036 
 5.893 22.120  4.453 21.222 -1.060 -2.841 12.909 -1.037 -0.788 -4.876 -15.951 
17.993 26.083 15.904  0.640  8.204 13.980  0.965  8.367  3.906  1.151  6.007 
 6.031 -2.918 15.732 16.841 10.400 14.292  2.936 19.411 -1.250  6.410 20.697 
13.472  4.059 22.436  4.777 -9.088 15.901  4.916 -5.589 22.280  7.103 -7.568 
11.301  2.414  4.900 12.377  3.866 -3.429  5.608 15.745  3.516 -9.091  6.565 
-2.504  2.062 31.643 31.579  3.313 14.222  4.551  5.225 -0.718 -2.722  5.267 
10.067  5.046  5.283 20.042 16.116  0.466  2.851 16.442 14.636  5.270 -10.068 
11.111 18.567 -0.765  0.469 15.596 -11.502 -4.696  9.991 19.140  5.136 -18.295 
 6.010 -5.419  7.330 15.786  6.409  7.201  8.415  5.880 -4.561 11.327  2.541 
17.951  0.542 18.310 16.640 -1.921  1.327 15.023 -6.520  0.975 -0.572  7.069 
10.912 25.832 22.668  6.696 22.390 21.090  9.014 -4.805  7.012  9.987 -4.343 
11.804 14.695  6.212  5.380 -2.484 -2.685 11.399  2.136 -12.343  2.368  2.119 
20.757 14.609 31.073  5.806 22.035 -7.967  5.387 21.277 15.861 -3.288  6.376 
21.489 23.906 23.972 17.302 16.263  6.967  8.736  4.959 12.980 15.164 -3.718 
 8.868 26.590 17.242  5.049 19.493  6.162 13.008 -0.371 14.710 20.679 -9.152 
-17.321  7.214 -1.039 15.252 35.243  7.789 12.671 -6.183 22.033 -15.346 -12.064 
52.373  2.165 -0.140  3.828  9.598 12.019 17.085 -0.617 11.517  2.064 -6.265 
38.930 -1.324 24.882 24.096  9.865 -3.624  2.168  9.789  0.583  0.686  9.025 
14.302 11.365 30.076 13.730 32.169 20.479 14.530 -15.894 23.099 12.445  6.283 
33.075 13.887 20.556  7.667 21.719 -2.904 -4.009 -22.163  8.762  1.705 -14.373 
21.175 16.103 15.958  3.324 -3.159 14.478 10.140 16.655  1.711  2.045 13.327 
14.183 13.398 11.418  3.132 17.605  4.068 -5.246 10.749 -0.018 14.289  6.663 
19.897 12.924 14.725 32.051  1.880  2.501  6.420 -14.958  8.279 -7.317 -5.012 
19.336 21.291 32.459  1.608  0.948 -20.997  5.180 -0.464  8.320 10.065 -8.633 
11.921 -9.236 -0.151 18.902  8.936  8.126 -7.243  4.895 -29.612 18.436 -20.046 
23.380  1.405  2.946  0.076 10.654 -1.118  7.246 -7.470 17.548 -13.049  6.163 
21.097  8.420 -11.074  8.315 16.465 -5.300 -8.085  6.264  8.485 -2.549  6.007 
14.354  7.436  2.777 -14.700  4.524 17.538 10.695  4.010 16.619 -10.507 17.623 
23.415 24.688 -0.369 30.145  9.694  3.970 23.110  7.901 -2.952  7.776  5.952 
18.749 22.433  6.723 -5.145 23.485 -5.541  7.956 -14.658 10.618  6.823 13.096 
27.568 20.168 10.005 -0.655 27.788 -3.482 18.176 12.846  7.528 -4.855 -9.762 
26.607  7.143 10.654  8.120 -8.847 -1.346 24.200 -3.805 12.325 -4.056 -1.148 
25.293 14.611 24.279 17.420 -1.230 13.439 18.290 15.428 26.660 -8.153 -15.382 
18.649 -8.962 15.166 10.521 -4.319 14.765 26.119  8.464  8.376 -3.692 -9.498 
-2.157 23.643 -0.687 12.292  5.498 -2.006 19.287 18.703  4.736  0.808  0.090 
31.570  5.489 36.982  5.452 11.862 -3.037 -21.573  0.009  1.717  0.062  0.909 
11.263 13.703 23.905 13.030 13.347 19.863  0.689  3.478 -1.903  0.257 10.568 
-0.733 23.329 -3.441  2.662 27.056  3.041  9.792  5.150 10.573 -4.114  6.602 
20.279 31.379 14.517 21.444 21.967  6.107 10.224 15.983 -1.831 21.259 -6.844 
19.888 17.057 30.018 -3.084 18.632  6.973 -13.300 -6.846 -8.954 -5.434 18.705 
14.610 27.461 25.424 -11.616  4.484 12.451 -3.332 18.501 -12.452 -6.817 -0.767 
31.265 20.844  1.119  1.102  5.382 -15.444 -6.450  6.335  6.960 -8.283 -5.314 
26.888  9.396 20.561  0.230 11.072 -9.142 22.522  7.448 -0.898 -0.214 -12.876 
29.474  0.241  1.970 16.156  6.916 -3.260  9.696 -3.092 -3.095 11.122 -21.004 
11.005 15.870  5.793 -8.372  8.536 -4.806 12.134  2.409 15.944 15.629 12.012 
 6.004  1.686 20.220  1.198 -6.865  0.413 13.611  7.700 12.383 -10.125  0.492 
13.563 19.253 13.427 10.369 -5.334 -0.694 11.741 -2.897 -4.393 -3.376  3.082 
22.703  8.863 -3.773 10.487 22.744  9.100 -6.178 14.129 18.691 -7.077  6.612 
18.642 28.130 18.293 -3.775 14.727  5.366 -10.676 31.427 -18.600  4.075  4.163 
10.345 24.584  7.640 33.930 19.830 18.319 -3.251 -8.971 -10.585 19.428 17.012 
 3.035  6.628  9.699 15.386 21.113  9.062  7.293 -1.638 13.356 -4.966 -13.365 
24.142  2.438 26.486 14.627 13.735 -12.183 23.008 -2.273  5.947  7.953 -5.100 
 2.848  5.589 14.533 17.921  0.692 24.218 12.159  4.192  5.253 -3.846  8.098 
17.421  9.493  8.142 21.230 27.524 -3.333  8.782 13.034  0.189 27.132 -5.650 
16.997 21.837  7.426 -3.869  5.498  2.556 14.369 -9.451  7.190 -7.859  7.257 
 7.772 -4.406 23.338  1.551  9.502  7.977 -0.707 -13.049 -6.868 -4.156 -1.400 
19.807  0.764 -4.087 -0.996 22.436  1.791  0.059 16.515 -6.169 21.917 -3.609 
 0.872 18.954 10.068 17.553 11.919  4.412 -12.512  6.646  3.188 -4.328 12.887 
15.385 15.587 23.044 25.398 15.237  2.307  1.767 -6.613 -0.986 -8.453 -6.096 
12.918 13.207 10.346 10.204  9.414 12.125  0.293  1.932 -5.660 -13.734 18.449 
22.567 14.184 -1.709  2.088  4.502 -10.059 15.118 -7.498  0.341 -3.626  9.243 
12.836  1.162  8.157 20.866 -0.293  6.226 -7.003  1.709  4.416 -8.822  0.834 
15.801 18.900 10.691 -9.869 13.667  5.196 18.674 16.422 -2.393 -7.595  1.056 
 8.941 19.853 -1.373 12.549 11.887  7.931 18.703  4.560 -8.186 -5.344 -4.053 
 4.125 22.303  5.471  8.724 13.133 13.461 -0.010  5.466  6.421  2.467 -5.846 
 1.321 15.628  0.578 18.068  9.981 15.944  8.062 -0.772 10.216  6.419 -4.259 
24.037 22.105 14.480  0.881  6.549  8.237 -0.052 17.533 -3.330 12.184  9.006 
12.299  8.568 23.728  7.388 -0.117  8.836  4.490  7.463  6.636 -5.107  3.950 
15.758  4.091 25.109 -8.050 12.301 12.634  7.026  6.100  8.093 -12.947 -9.720 
23.063 26.140  5.225 -2.936  5.553  0.663  1.090  2.090 -8.036 -0.576 -13.303 
24.968 10.762  1.641  4.726  3.238 14.219 13.908  0.372 14.621  5.792 -0.337 
10.868 15.947 -2.506 -1.507 -2.547  4.203  7.233  4.090 10.142 -9.357 -17.225 
16.279 -6.725 19.344 -2.145 14.160 -7.466  9.187 13.807  3.760  7.167 -1.207 
19.009 15.782 30.978  0.918 -4.250  7.785 -2.914  9.224 -7.764  0.693 12.416 
 7.444 13.108 13.577 24.810  9.244 -7.129 14.199 19.501 14.193 21.245  1.899 
10.722  2.942  8.205  3.750 -6.365 -6.340  0.253  4.555 -13.127  2.692  8.744 
-2.454 12.066 20.772 17.824 -1.991  9.928  3.311 -6.856  1.360  2.082  0.804 
 0.716 30.360 15.933 12.624  2.753  8.514 -11.696 18.140  9.782 -5.020  8.817 
22.696 19.005 14.004 14.386 24.973 10.262 -15.155  6.065 11.391 -1.418 -7.276 
21.874 -9.376  6.969 10.447 12.155 11.500 -26.441 -0.456 -16.493 10.194 12.219 
15.228  3.305  8.623 20.323  7.781 11.768  6.752 -5.438 -13.431  1.325 -5.872 
 4.702 13.468  1.748 13.182  6.276 13.195 -10.838 -15.401  2.053  5.025 13.585 
28.282 24.803 15.965 10.285 25.617 -3.142 -12.530 15.276  4.860 -6.949 11.120 
 4.184 15.651 13.403 11.261 -2.133 -1.295 -2.334  4.288  1.693 13.613 23.384 
10.908 -2.788 18.937  6.179  9.207 12.313 11.060 -2.935  3.842 -0.875 -24.194 
34.568 14.768 10.519  1.293 37.080 12.676 -16.219 16.090  3.647 -7.437 -12.558 
14.350 30.028 32.313 10.759  5.424 -12.875 15.677 -1.003  6.029  7.956 -10.910 
 9.566 -4.681 23.703 -12.054 21.821  2.513 -2.247 18.103 -10.169 -11.379 -20.889 
28.666 23.316  6.908 -0.969  4.324  8.240  0.506 -2.272 -10.379 34.506 -3.293 
 7.190  4.625 26.487 15.967  7.746  8.037 -0.250 20.427  3.139 -12.972 -4.283 
21.797  9.936  3.561  6.739 19.516 33.268  7.636 -10.753 -1.316 16.273 -0.495 
14.818 25.700  0.848 38.434  6.810 20.710 -2.215  9.948  4.021 25.088 -2.036 
19.015 -7.792  4.899 12.779 13.885 18.148 -10.783  3.955 14.149  1.696  0.870 
 3.012 22.630 24.594  9.711 16.325  3.042 -2.146  5.750  1.548 10.039  3.063 
17.417  8.188 -12.080 18.925  4.537  8.957  4.929 -6.986  0.530  1.483 -6.626 
 9.181 18.705 16.171  9.911 14.693 10.066 10.391 -7.077 -5.070 -17.598  1.238 
17.468 12.773  3.365 -2.733 -2.235 -2.650 12.142  6.530  5.437 13.043  7.136 
16.755 -3.412 15.967 -16.179  9.494  6.395 -9.945 -12.753 -6.522  2.282 -8.069 
16.315 21.796 21.731  7.826  6.084  6.146  4.279 12.883 -5.291 -7.776 -5.448 
15.719 18.136 -3.794 17.754  5.726 11.738 -5.034 -12.638 -7.658  6.044 -22.025 
25.205 12.466  9.577 11.607 38.528 11.481  7.808 10.906  8.291 -11.436  2.128 
24.130  4.905 12.215 16.014 -5.962 -5.935  4.283 11.725  8.858 -5.261 -4.464 
-2.014 20.096 20.216 -2.920  6.143  3.874 15.279 -0.923  0.907 16.424  7.237 
19.624  4.528  1.728 17.749 12.431 16.136 -1.070 16.098 15.536 -11.498 -20.964 
15.414  7.231  6.327 24.518  7.609 18.644 -0.141 -7.038  5.904 13.361  0.260 
10.188  6.901 17.875 12.037 12.974 -14.371 -1.740 -0.439 16.956 -11.433 19.411 
24.212 31.160 20.740 29.451  8.206  4.843  2.748 -4.123  1.587  7.675 -15.353 
 2.773 18.218  2.315 14.307 19.593  6.193 -8.506 -2.024  9.042  7.545  2.575 
 7.716 16.878 18.476 -3.410  1.495  7.601 12.184 -5.138 27.131 -7.068 -4.469 
 7.792 13.644 11.213  3.333 -5.619  4.062  2.022  3.956 10.875  9.327 -2.570 
-1.282 24.827  1.748  0.506 -10.281 -3.363 24.042  9.355  1.623 -0.182 -3.091 
18.262 15.989 11.937 20.595 21.020  1.099 14.229  8.337 10.300  7.020 -3.851 
10.638  7.549 17.993 30.453 10.016 -0.107  6.023  4.287 15.518 -5.551 18.794 
17.049  5.742 19.975  7.458 -4.020 18.445 -5.977 -9.918 15.635 16.224  9.660 
16.071  9.794  4.038  2.289  5.570 -8.560 -7.388  9.275 -0.625  2.446  3.608 
-1.095  0.847  0.522  9.506 17.128 -8.266  7.334 -1.074 -11.213 -0.639 -14.731 
15.832 -18.905  0.460  6.359 -8.296 -11.598 -3.500  4.653  4.514 -3.319 -9.846 
 2.083 22.512  1.181 -5.741  3.679 10.001 -4.801 22.520  9.472  1.729 15.881 
 2.951 12.429 -12.977  4.543  7.930  8.618  0.312 -4.278 -6.692 -4.504  4.515 
 4.949  2.884 31.573 22.415 22.862 -8.473 -0.520  1.937 10.199  5.386 -23.713 
 6.786 18.889 -0.446  1.091 13.423 10.913 11.594 27.183  3.604  2.546 -6.752 
 6.715 -1.883 10.857  0.452 -5.405 15.625 33.578  3.860 29.535  2.463 -8.785 
23.068 21.182  5.864  7.368  1.883 24.292  4.094 -8.845  4.742  1.035 -3.726 
16.182  3.026  2.453 21.925 -33.024  6.997 -1.473 -5.631  7.427 -1.217 18.116 
11.153  6.722 20.041  6.967 -3.768 16.071 15.449 10.155 13.366 -17.809 -3.176 
19.674 18.882  8.581 17.289  3.212  8.662 -3.576 20.081  0.351 -15.541 -2.084 
 5.942 21.197 -2.844 -1.657  2.136 -0.589 15.905 -0.222 -6.124 10.811  7.670 
13.048 10.801 18.180 -1.364 15.406  7.591 23.269 24.146 11.199 -6.892 -13.933 
14.228  2.540 11.064  3.863 13.401  7.672  7.105  4.458  1.300 -4.470  5.972 
 7.850 22.778 19.031 13.355 16.781  6.215  7.482  3.049  1.610 -4.354  6.908 
26.854 18.872 -1.316  1.732 14.724  2.351 -0.219  8.085  6.283 -21.006 11.718 
-3.870 25.913 -1.474 15.014 17.981 -1.456 16.769  9.257  1.188  8.880 -2.797 
10.952 13.506 -0.155  2.552  1.544  7.352 -0.479  9.313 14.594  2.583  4.242 
 7.413 16.108 26.817 22.088  4.125  8.143 -1.751 -7.086 -11.128 15.972 -1.589 
-2.281 11.479 -3.929 10.429 11.520  0.966  8.851 -6.850  9.161  3.202  2.049 
18.745  4.291 10.751 11.625 13.159  1.407 -11.600 -2.743 12.846 -14.724 -5.169 
 9.749 25.647 -1.090 25.525 14.783  8.524 24.244 -0.105  1.118 -7.869 -12.435 
 3.143  4.314 18.424 14.222  9.285 -1.329  5.629  7.142 -18.848  9.552 11.078 
36.793  8.312 26.494 -9.560 -4.173 -11.374  7.255 11.064 -0.273 -5.403  2.530 
17.867 -4.987 15.641 12.972 -5.987 10.387 -6.767 -1.171 15.368 -11.243 -1.732 
 0.898  8.589 13.685 12.080  7.165 14.995  7.149 -2.124 12.969 -4.529 -4.053 
 5.140 10.575  8.502  5.932  6.733  3.248 12.516  8.504  5.042 -4.767  8.991 
18.067  4.247 11.578 -9.659 -6.861 -0.360  4.752 16.860 12.233  1.756 12.598 
 3.700 14.842 10.144 16.134 10.318 11.539 -3.761  0.864  4.383 11.221 -5.810 
 1.115  0.463  1.028  0.125 20.471  9.379 -2.052 23.723 19.670 22.585 -18.271 
 3.883 16.432  6.907 -8.140  5.949 -9.585 26.360  0.838  5.256 11.649 -4.626 
 7.387  9.735 20.329 26.141 22.170 10.208 -4.304 -3.939 -2.434 26.324 18.023 
13.222  7.898 -2.627 13.927 13.657 20.829 20.535 27.367 -4.585 13.458 13.854 
-7.073 -2.946  3.637  6.645 -10.343 12.746 26.253 -15.062 -5.066 -7.208  2.254 
15.603 13.783 12.829 22.513 12.406 -4.440 11.119 -1.302 -5.853 -4.644  5.994 
16.371 22.162 11.070 -3.942 14.422  0.911 -1.519  4.147 15.815 -9.610 -3.210 
12.826  2.363 26.017 -2.850  1.598  4.344  5.591 11.436 -9.147  3.307 -9.002 
22.666 18.410  5.713 12.995  3.574  0.056  8.530 10.177 -4.456 39.170 -1.808 
21.983  7.028 27.979 24.890  0.921 10.798  6.739  1.151 -5.225 -3.480  6.224 
17.305  5.716 13.739  7.054 18.236 12.381 -8.454  3.074  3.209  0.283 10.290 
-1.440 14.820 11.279  1.055  8.371 -10.594 12.871 10.380 -10.894  5.453 -10.436 
30.515 13.007 18.211 -0.462 -3.473  3.940  8.007 12.633 11.071 19.014 17.142 
13.750 13.057 23.695 12.028 25.604 11.710 -0.694  8.771 -0.067 -3.874  1.446 
13.991  2.012  9.275  7.028  7.960 16.010 -2.712 -7.073 10.752 -5.552  3.643 
13.912  9.648  8.816  2.175 14.729  0.044 -13.581  3.505 -2.302  2.930  3.833 
 3.048 -3.044 21.696 14.610  5.074 17.480  7.679  8.053  6.866 -15.439  3.467 
19.911 10.575  5.921 13.041 10.513 -5.493 13.026 -2.991 15.354 13.731  4.626 
-7.164 22.076 24.022  0.140  2.953  8.682 -5.654 -0.804 -5.697 21.055 22.517 
 7.356 12.530 -3.475 -4.591 18.694 -4.446  2.508  6.083 -2.878 -0.217 -1.023 
28.892 24.273 27.539  3.336 21.667  9.985  0.209 16.021 -12.753 -16.491  1.716 
22.283 15.337  9.483  9.191 12.526 10.299 12.092 11.090 -2.648 -11.669  7.390 
17.204  1.490 14.842  9.274 -3.083  2.436 27.089  2.455 10.389 15.071  6.836 
 5.140 19.361 12.153 13.624 12.385 16.501  7.604 10.872  4.700 21.152 -22.717 
 5.132  0.477 20.385 10.956  5.002  3.272  0.872 12.200  4.301 -5.587  0.433 
24.293 16.762 24.647  9.797  4.924  3.811  3.947 -11.455 13.121  4.225 -6.282 
15.293  8.710 17.965 17.436 15.144 17.146  8.995 -5.744 10.112 -4.359  5.751 
12.196 12.536 29.424  3.316 32.895 -12.563  8.297 -3.062 10.768  7.504 15.317 
 7.381  8.122 -0.009  9.394 -8.287  2.476  3.062 -3.102  0.688  8.925 -16.033 
-0.876 19.331  9.621 -1.184  2.772 25.191 23.864 10.957 -6.298 -7.390  2.056 
13.754  8.966 14.617 -9.562 10.284  8.863  7.404  4.751 15.075 20.188 -4.156 
24.352  5.042 28.170 23.980  7.469  6.616 19.896 -5.514  0.858 -0.995 -4.845 
 1.819 -8.455 11.666 21.606 15.890 -2.270 19.195  9.337 -5.272 -1.327 -5.596 
14.887 24.298 -6.914 28.365  7.721  8.457 14.147 -0.875 15.864 -0.160 -4.620 
14.947 14.625 25.318  1.509 15.610  7.753 -15.376 -4.008  8.146 -22.222 20.119 
33.993  6.210 11.296 17.648 -5.644 11.789  1.447 20.551  8.963 -8.178 -10.673 
 8.831 17.101 17.570 19.155 12.942 10.945 12.525 -6.307  2.105 -2.088 -3.561 
-4.221  1.379  0.649  6.617  6.079 -9.574 -1.157 -14.505  1.951 -1.766 13.483 
13.293 14.823  2.034 19.260 17.598  3.610 19.044 15.410 17.870  5.845  2.265 
35.424 27.978 -2.169  6.853 13.305 21.335 12.265 13.916  7.510  8.409 10.310 
12.018 19.811 29.119 -1.170 -0.545 20.546 -7.250 10.060  9.235 -5.316  2.610 
21.799 11.094 -5.830 15.858  8.559  8.937 10.059  6.885  1.312 -3.307 -1.156 
25.579 -3.537  7.302 12.385  3.524  2.779  6.354 -0.782  3.226 -10.313  4.821 
14.952 32.050  6.707  2.020 11.847  4.312  7.856  0.400 -13.790 -16.087  7.319 
13.993  8.805  9.106 -10.731  6.355  0.003  8.235 -10.319 -5.723 -11.553  2.940 
23.519 18.007 10.966 11.616 29.370  7.133  6.891 16.896  6.351 16.996  5.805 
15.488  6.448 12.073 17.179  4.236 15.736 -2.943  6.060  6.534  7.690  9.979 
29.477  2.118 20.283  5.300 15.329  7.208  1.204  9.161  0.801  7.729 -9.156 
12.201 19.490 24.723 11.722 -2.081 15.819  2.738  4.981 -0.167  8.371 -2.043 
20.804 20.111 -14.066 14.850  8.310 12.579 10.097 -17.698 -6.820 -14.924  4.025 
28.236 15.253 23.881  6.885  4.839  9.558 13.087 -31.208 -4.116 -9.763 -3.010 
21.151  0.672 16.354 15.342 -3.339  5.174 20.488  0.802  9.057 -2.413  0.723 
 5.488 21.284 17.546 22.746  3.459 -2.640 -6.462 15.612 -4.866 -6.915 -10.543 
11.749  8.697 17.872 12.926  8.371 13.346 -7.066 25.933  5.953 22.462  1.318 
19.303 21.887 14.119 14.784 11.300 -4.964 11.355  5.984 -8.131 -5.049 -24.567 
10.198 24.197 15.098 -0.252  6.453  3.389  4.219 -7.162 19.778 11.187 -15.017 
32.131  4.231 13.523  5.300 -16.218 12.240 -7.735  5.130  0.987  9.462  6.079 
18.870 11.964 27.753 -12.634  4.753 -1.292 -4.819  9.450 -3.797 -12.561 19.830 
14.676 24.929 13.842 -7.171 -9.133 13.811  7.415  9.555 31.952 -0.685  9.391 
28.688 -3.638 15.880  1.687 17.632  8.629 12.191 -3.035  2.284 -6.901  6.866 
 8.056 -0.616 15.149 14.691  6.467 21.751 -5.510  6.796  0.784 -9.399 16.064 
-12.362 21.748 20.038 17.210 15.664 -3.861  2.570 13.116 -9.850  5.617 -4.494 
 4.260 17.372 25.703 16.160 -1.994 12.209 -1.958  6.892  9.973 -6.740 -7.954 
 6.542  8.653 -6.274 19.571 13.779 16.984 18.750  1.223  5.232 21.520 10.719 
 2.913 26.052 17.631 -1.109 17.168  2.477 -11.843 -3.662 22.403 -10.763 -9.087 
13.120 -1.349 10.851  9.405 14.893  0.185 -5.630  1.622 -0.122  1.480  9.046 
17.498 17.312 18.011  7.228  3.536 25.362  3.680  4.455 17.694 -1.558 -15.235 
-8.272 16.982 -2.130 21.748 16.020 -6.227 -9.749  5.063 -13.192  0.963 -5.209 
12.214 12.971 22.481  5.375  3.335 -2.499 -16.438  1.508 -20.740  7.871 -9.034 
17.228 18.478 16.027  2.440 -4.379 14.848 -7.198 -1.759 -1.208 -1.411 10.316 
-11.252 15.767 14.953 17.774 24.570 13.274 -3.320 -3.534 -4.839 -3.752 -3.307 
 4.735  9.077  7.153  0.815 13.388  8.406 14.858  3.876  0.811  1.102  5.056 
10.850 12.197 33.311 20.539  4.926  2.708 12.927 14.606  3.091 -2.887 -6.101 
28.510 17.300  6.423 28.092  6.968 13.478 -2.378  4.696  7.898 14.394  2.570 
33.701 17.374 19.433  3.007  2.583 -4.830 16.939 -13.414  6.958 -1.788 -2.954 
21.070  0.074  8.621 -1.942  9.873  1.384  3.008  2.765 -4.020 11.019 31.658 
12.877  2.720 22.935 -13.035  9.586 11.853  4.054  1.063 -21.762 -4.288  8.532 
18.511 29.382 -1.184  0.193  8.297  2.356 10.834 -6.109 17.642 -10.389 -7.008 
 7.949 36.074  1.626  9.450 14.220  3.216  6.582 -10.843 14.285 15.199  3.826 
29.128 15.184 -6.733 12.915 10.233  5.965  0.914 -14.133  6.517  5.006 -6.230 
25.830  0.769 -4.240 13.306 -13.000  2.550 -9.382  1.325  6.825 -3.380  2.240 
11.022 -1.355 -2.321 21.790  7.620 10.269  0.575  6.339 -11.612 26.627 -4.435 
25.464 11.537 16.221  6.916 12.726  3.262  7.275 -4.473  4.934 -4.370  4.019 
25.857 17.568 -3.361 13.090 20.352 21.488 -0.782 -17.999 -8.079 -5.322  3.321 
17.278 16.898 28.698  5.923  6.414 20.769  4.085  8.520 13.903 19.141  2.028 
18.244 12.407  9.530  4.063 -0.402 10.346 -11.211  4.191 10.992  4.243 -5.209 
-11.339 27.066 15.801  6.102  8.505 25.957 16.799 19.565 19.927 -5.656 -5.922 
25.964 20.219 20.228  2.779 18.037 -1.461 -0.462 -9.052  2.968 -1.081 -9.932 
26.795 29.889 17.835 -1.276 12.278 -5.498 -16.738  3.410 -13.621 -1.132 -20.395 
 7.750 14.063 23.220 24.418 -15.693 13.819  4.127  3.833  4.667  6.169 -1.181 
12.648 11.963 13.160 21.723 13.216  3.004 -1.126 25.443 -0.444 16.789  9.762 
 4.575 25.379 15.127 -3.282 -0.635  5.139 16.937  1.947 -1.657 11.475 -9.196 
-3.393 17.443 10.743 -0.555 10.775 -8.004 -0.281  3.121 15.961 -2.536  2.476 
 9.373  6.073 20.992 20.067 20.278 20.945 -6.082 14.764  5.893 -7.955 -8.798 
10.579 12.866 21.266 14.136  3.497 -19.724 16.438  8.123 -1.329 -3.646  6.976 
28.092 12.667 10.091 -11.846  3.206 27.609  2.545  2.523  5.466  0.615 -19.780 
25.446 19.596 21.024 14.745 29.100  3.862  3.224 13.284 -14.982  9.036 12.900 
 9.021 19.644  8.313 -4.748 19.343  4.312  1.758 16.222  1.323 17.667 -7.870 
10.954 -2.501  4.649 -0.506 -2.155  7.636 16.580 28.207 22.056 10.906  8.982 
 5.639 32.683  1.442 17.851 -1.640 -4.817 25.522  3.573 -0.572  8.611 -9.085 
 5.355 11.388  4.941 13.236  9.587 17.898  1.424  6.193 15.238 16.368  1.160 
18.234 20.371 21.474 23.407  9.102 21.819 21.296 25.432  1.799 15.468 21.781 
21.505  4.383 -4.243 11.566 15.709 14.893  6.358  3.669 -12.304 -3.672 -6.117 
29.029  4.292 25.615 10.803 22.060 16.237  9.233  8.011  8.612 -10.469 -7.075 
-2.220 13.445 18.753 15.043 -1.403  3.476 -3.540  2.069  1.793  0.707 20.991 
 2.510 11.940  6.874  1.052 16.233 13.872 26.996 -9.195 11.214 -0.848 15.147 
-1.169  2.315 15.112 -3.430  6.277 16.321  3.863  6.244  2.121 -15.548 -8.044 
46.905 17.453  6.105 17.657 20.238 11.819 12.764 11.116 -2.084 20.622  3.380 
 3.864 10.216  6.933 12.894 -3.388 13.756 11.394 -3.501  4.612 -3.723 -7.108 
18.913 11.028 13.068 17.544  9.580 -2.070 -5.883 -2.631 -21.623 -9.902 -15.147 
 4.325 22.789  0.640  6.247  5.118 19.431 12.487  4.626 -8.419 -18.621 -2.952 
21.382 21.294 24.184  7.918 30.877  7.127 -5.979 -7.587 -5.100 -2.378 14.370 
12.577 17.718  4.949  8.572  3.867 25.724 -0.895  1.893 -0.452  9.841 -9.385 
15.069 -3.324 24.456  6.737  6.598  4.647  8.610 -6.867  9.413  5.681 -4.963 
 3.071 15.029 -1.992 28.875 12.802 19.885 -14.297 13.246  4.430 -8.601  4.970 
 2.197 12.251 14.481  3.131  9.370 10.940 25.432  0.941 -4.067  9.771 -3.456 
-11.728 15.094 31.018 18.853 -0.714  9.611 20.521 -16.691 18.159 -12.983 -16.087 
18.777  0.536 -3.292  9.930 -9.378 -9.175 12.341 -2.236 -1.581 -3.351 -5.050 
 3.782 -11.570 21.574  4.120 -9.651  0.344 10.243 -4.544 -10.309  7.165 -0.419 
11.230  9.476 17.450  3.681 21.084 21.132  1.211  7.683  7.878 -0.886 -2.657 
10.315 11.143 26.873 12.737 16.258 10.945 10.237 12.366  2.044 -4.422  9.911 
 0.089 17.253 15.061 -7.543 16.721  9.563  1.859 19.456 -3.628 13.777  0.569 
 9.053 11.748  5.222 25.976 26.950 -3.039 -7.882  9.481 -11.759  1.806 -2.904 
10.788 29.681  7.116  7.628 27.230 13.879  3.347 -0.109 10.091 17.665  5.463 
17.860 22.831 16.306 -1.547 -7.383 10.319  1.844  8.160  0.229  0.721  5.880 
16.467 17.672 16.323 13.193 -1.973  2.579  0.851  2.623 14.318  2.779 -1.452 
 8.385 10.071 18.618  0.707 15.795  4.991  5.527 -0.263 23.774 -1.078  2.418 
 7.784 -4.324 17.158 16.206 28.255 -2.507 17.630 -10.086 -1.152 -5.996 -7.567 
-2.442 15.985 16.876  4.304 11.194  6.616 15.210  6.328 10.136 14.962 10.048 
21.242  3.927 11.972 18.405  9.775 -7.315 16.394 -14.036 10.890 -7.219 -3.452 
23.072 -0.960  3.171 18.138 -2.553 21.847  3.823 11.360 10.807 -14.544  1.309 
11.922 22.310 10.686 -2.136 11.933 -3.601 -3.862  0.504  5.959 -7.674 -0.496 
26.438  7.199 30.558 -13.097 12.831 12.425 -1.059 15.134  9.558 -3.190 -9.688 
22.935 -1.967  3.042 28.231 17.389 -5.142  4.589 10.460 17.788  4.556 -12.455 
22.005  9.940 34.253  0.902 -10.034  8.841  8.127  2.052 -16.283 -1.522  8.993 
 7.130 13.365  2.131 -0.072  9.304 19.354  9.348 -5.722  0.783  8.146 -6.302 
16.341 15.192 -3.775 13.617 -8.399 11.477  9.883  6.730 -4.843 18.130 12.809 
 1.480 34.845 25.001 -1.622  3.972 11.404  7.399  0.920  6.374 13.840 -17.493 
21.731 13.963  1.630 33.745 23.408 -6.506 17.904 18.597 -7.217 -4.706 -22.473 
19.717 16.933 -10.695 -4.222 -2.416 21.202 10.563 -6.483 -14.898 -4.311  8.650 
31.371 17.121 34.113 14.152 -0.355  1.838  6.809 -4.589 12.995  5.172 -5.273 
14.578 25.834 -0.963 -0.435  7.842  1.317  7.736 18.005 10.120 -5.799 -3.871 
 5.317 16.805 17.672 10.407 20.129 -15.994  5.744 -3.731  2.390  2.146 -4.277 
 8.873 14.068 10.619  2.808  9.274 12.432 -5.313 -4.674 -1.061  0.983 17.132 
-3.019 10.185 -0.488 -6.464 -1.408  8.004  4.949 -6.945  4.129 -4.750 15.611 
-2.549 14.618 11.691 12.095 19.845 -0.346 -12.665 -5.980 -7.738  0.074 -5.702 
15.244 -2.583 12.672 15.674  3.712 -5.699 14.594 -8.811 17.140 -7.777  1.955 
15.019 11.111 19.995 22.778 16.151 10.720  7.767 -11.822 -22.923 -0.683 -1.399 
26.933 21.331 17.365 -6.772  0.723 -2.412 11.467  5.898 -3.786  0.710  2.642 
18.705 18.141  3.011 14.321  5.705 -7.296 21.614  4.448  4.233 -6.565  4.768 
15.435  6.982 15.961 13.229 -0.064 -3.055 14.245 -3.082  0.972 10.855 -1.611 
12.706  2.444  6.286 -0.117 -10.580  1.358 -6.510  7.115 16.235 -19.135 -2.355 
 3.600 13.881 14.228 -6.246  5.560 33.248  3.135 20.592  8.485 -8.309 -2.396 
12.799 10.540 21.286 32.560 -0.420  2.240 11.730 16.132 -7.485 -1.357  4.804 
19.705  6.975  8.809  1.444 -9.078 14.722 -4.214 -4.057 -2.715 -4.078  0.696 
12.248  9.288 16.803 14.498  6.311  4.606 20.518  5.884 23.783 12.157 24.992 
29.002 14.453 -0.847 13.484  9.835 -0.068  3.750 13.172 10.363  2.392 10.080 
22.341 30.050  5.729  2.289 -2.003 14.309 22.603 20.507 -8.261 14.098 -3.771 
14.287  6.693 11.725 30.464 -2.260 -4.481  2.713 -6.220  4.366  4.265 -2.186 
11.556 16.565 -0.076 25.270 12.555  3.485 -11.310 18.620 -5.028  1.795  0.111 
21.551 19.115  6.550 -4.566 -8.278 13.589 28.412 10.373 -13.133 -3.570 -7.403 
-7.624  4.982 -0.985  7.304  4.417  9.486  2.230 -7.705 12.678 14.683 -2.181 
 5.658 30.334 27.531  8.724 -3.536  6.242 16.971  6.370  9.991  9.428  1.707 
 3.302  9.873 10.927  2.119 22.596  9.602 10.096 12.383  2.525 11.708 -11.942 
16.351 10.198 23.729 18.347 32.371  1.226  8.762 15.149 -0.100 -0.740 -5.229 
16.714 11.120 14.304 25.437 -9.414  9.220 20.280  2.608 -0.611 -1.085  4.850 
-10.099  8.070 18.203  7.758 11.432 11.238 11.553 -8.432 -12.674  0.922  3.819 
 1.315 11.799 16.993  7.099 32.616 -0.832  0.900 -1.170 -2.484 -19.131  0.128 
21.633  6.519 14.397 18.329  9.241  8.376  0.384 17.907 -5.623 -4.132 -5.838 
 6.995 20.084  4.840  6.770 36.808  0.407  3.722 17.332  0.944  6.077 -3.338 
 8.935 16.352 17.399 10.482  8.570  8.006 13.538 29.321  4.274  0.039  6.379 
 5.096 -1.435 22.943  5.127 -15.221  4.982  4.964 -5.546  5.226 -0.210 13.036 
20.129  4.708 -0.464 10.214  8.161 23.827 -3.526 -2.528  3.215 -2.885 -6.616 
 4.382 30.207 -1.248  9.758 -11.921 -4.081 11.596 -11.496 12.951 12.132 15.541 
26.091  9.755  1.541 -3.363  0.534 24.380 -5.124  0.745 16.418 -6.141  0.979 
28.489  7.472  5.819 15.673  4.644 12.483  9.378 -11.184 -20.819 18.917 -7.806 
 2.573  4.072 -5.674 23.023 -1.303 -2.614 -7.482 22.057 16.891 19.682 -6.473 
 9.162 12.703  4.954 13.034  1.571 -0.410 -6.151 -7.351 -4.686 -1.190 -10.151 
15.364 12.897  1.083 10.598 17.348 12.974 -4.524  5.255  8.987 -5.957  2.130 
18.932 -2.240 -6.714 14.606  0.401 -2.962  1.513 -14.070 10.027  5.011  0.981 
 4.189 19.543  6.494  7.374  1.168 -9.886  9.326 -0.547 -6.084 -2.976 -0.671 
 9.640 17.220  1.502 -1.259  9.385 -4.985  5.436 -5.019  7.784 16.206 -0.070 
14.147 18.151 21.293 12.592  6.462 12.937 19.118 13.233  9.652 -2.733  2.643 
 7.962  1.955 16.992  7.946  6.028  7.449 10.316  7.045 -7.941  8.210  0.395 
 2.130 19.901 12.662 24.238 -8.397  7.092 12.893  0.031 -1.329  8.369 -3.473 
15.120 18.590 -6.156 12.887 12.511 -6.751  9.537 -1.492 -4.965  3.348  4.202 
 6.908 13.212 30.223  2.339 12.915  9.513 11.495  7.418 -4.659 15.199 16.019 
25.976 31.179  5.803  9.044  5.362  0.875 25.133  1.573  4.592  1.576 10.230 
24.470  8.923 15.110  3.675 22.956 13.486 -2.276 -0.401  4.787 12.406 -9.938 
12.391  7.131 13.981  6.811 14.314  4.084 16.353 -8.707  5.814  9.558 -1.882 
10.269 -0.303 -1.400 27.418 -11.193 -7.680  3.992  4.298  2.031  2.519  1.904 
28.107 -5.533  6.856  1.245  6.721 30.400  4.702  6.246 -15.839  6.283  0.214 
 8.958 19.451  1.291 21.543  6.112  0.541  1.117  3.353 -3.870 -7.065 -10.208 
24.519 23.039 19.444  5.580 15.515 21.001 -20.003 18.354  7.431  3.311 -17.795 
17.585  9.063 13.643 27.398 -3.002 20.327 -16.900 24.674  2.559 -5.088 -7.908 
26.575  0.557  1.757 -0.971 -9.045 19.010  9.912 -14.760 -0.766 -2.712 -1.341 
 8.396 25.146 16.239  2.490 19.670  0.577 12.163  7.288  8.469  8.440 16.297 
14.633  8.310 13.101 16.407  7.858  5.856 15.224 -28.536  4.433 -3.509 -13.096 
27.161 -3.927 -4.680  2.261 11.924 -10.945 12.312 -2.816 -2.866 14.407  0.914 
 8.416 24.643  7.187 20.000 -9.274 21.441 12.816 23.596  6.710 10.633 22.223 
10.612 19.480 10.319 22.487 -2.524  4.268  8.113 -1.926  6.001 -3.734 14.452 
 4.221  8.248 15.551 17.583 13.038 -3.993  3.523 -6.915 15.340  7.792  5.715 
 3.581  7.799 15.716 -13.151 25.010  3.801  7.053 -5.790 -24.172 -4.689  6.025 
17.058 19.165 10.332 17.247  6.809  6.923 10.507 10.266 -0.596  7.935  2.695 
18.662  1.802  4.609 11.989 24.912 -1.539  5.202  2.683 15.450  5.004 -8.003 
 8.409 12.261  2.212 28.084 21.646 10.622 14.191  0.729 -9.191 23.530 -19.146 
-1.276 -1.333  9.057  3.754 19.619  5.791 14.298 -5.344  1.367 16.723 -19.353 
20.733 -2.895 25.362  7.321 -1.327  1.377 13.627  4.308  6.602 -13.401 -7.671 
12.703 20.172  7.149 18.792  8.259 13.342 17.568  9.648 -16.371 -5.589 10.275 
12.126 16.141 17.316  9.587 -8.740 -7.253 10.332 10.846 -7.595 11.447  8.554 
17.735 23.365 -0.899 -23.793 21.615 17.459 -1.417 -0.929  5.655 -9.678 -0.964 
43.507  5.858  5.604  9.626  9.420 -1.058 -7.359 -4.815 -9.436 -7.178  6.538 
27.641 15.463 15.486 -11.004 -5.852 -7.289 10.832 21.010  1.605  4.105 -23.096 
16.040  1.565 27.549  7.926 -1.058  9.403 -22.076  5.650 15.562  0.808  6.488 
11.602  3.429  3.627 28.049  3.227  4.017 -1.886  3.562  7.167 -15.487  1.296 
23.659 11.156 25.346 12.521  9.599 29.332 -7.725  4.500 13.515  5.890 -1.511 
 0.306 13.394  7.466 15.008 -4.062  7.281 -4.547  7.108  8.779  2.766  0.589 
 0.919  0.976 -2.675 15.408 24.295  9.500 -10.404  6.083  0.719 -0.112  6.287 
-8.868 22.656  5.745 11.002  2.006  4.574 14.076 -1.891  0.111  1.893 -21.475 
24.869 22.927  8.756  4.401 23.689  2.530 -0.865 -1.185 15.916  9.459 19.444 
14.951 23.066  8.367 -4.222  6.653 -0.575  7.814 -13.593  5.614  6.611 -0.227 
 6.165 10.033 -0.352 10.292 20.045 -16.190 -9.048 16.546  2.078  6.462 -4.224 
18.463 13.715  0.848 12.365 -1.877 14.589  3.546 13.242  3.024 -5.113 -4.998 
 9.713 29.033 16.754  8.347 12.095  3.982  4.383  5.741  2.916  1.312  2.648 
26.328 18.470  5.488 -4.804  3.919 -9.168  2.322 -11.104 -16.515  1.902 -2.218 
23.064  7.766  9.138  7.610 17.537  4.858  7.783 -3.028  4.022  2.827  6.384 
13.516 12.144 10.004 21.341  3.196 13.315 -0.036  3.148 -9.562 18.050 -1.428 
 5.277 19.139 21.417  8.506 13.956  0.009 10.439  4.135 -9.415 27.202 -10.468 
 5.980 20.393  8.392 16.950 13.039  2.746 -7.790 -6.184  3.262 28.192 -0.894 
 0.278  8.682  8.330 10.629  3.774 -0.055 15.837 -2.410 22.276  7.956 -13.101 
-5.576 32.296  4.723  5.297 -9.278  7.742  4.897 17.042 15.468 -9.156  2.531 
 3.277 23.840 13.020  9.811  4.937 13.129  9.933 17.831  2.425  4.114  2.386 
19.762  8.949  9.039  0.174 24.894 25.600  7.509  1.670  7.042 -8.850 -25.005 
10.824 15.000 19.323  4.636 20.441 -7.048  9.303 12.286 -16.148  0.116  2.896 
29.806 -4.678 22.437 -4.101  7.363 18.027 36.914 15.538 -7.476 10.902 -6.368 
11.224 13.821 25.985 -6.106  1.037 12.964 -4.036 18.876  1.469  2.195 12.279 
25.152 16.075  8.479 -2.365 14.358  3.254 12.220 14.725 20.743 -1.709 -8.336 
25.037 31.543 27.485 18.370 12.300 -1.705 20.873  0.041 12.603  3.781  2.618 
10.969  7.850 15.309 17.293  0.888  1.437 -0.772 13.262  2.006  8.787 -10.747 
25.247  2.766  5.312 19.268 18.384  8.411 13.019  0.860  6.788  3.119  8.045 
17.773 19.935 19.494 22.216 13.318 17.051 -12.235 -16.710 15.729 -3.648  3.079 
15.760 14.973 16.581  8.100 -2.183  7.485 16.419 -5.976 -8.103 -10.712 -5.454 
 8.027 18.971 10.784 -5.742  7.962 19.791  8.435  3.637 -0.038 20.668 -7.043 
18.980 -1.470  1.281  1.026  9.466 16.345  4.975 -0.241  1.010 -17.933 14.129 
23.262  0.988 21.447 15.909 -4.758  0.686 22.402  5.613  5.058  0.101 -10.065 
 2.445 22.361  9.023  6.926 -0.782 25.580 10.439 16.266  0.121 -2.815  5.469 
15.943 18.516 17.019  1.585 10.777 -4.379  9.925 11.220 19.745 -20.679 17.956 
-2.437 26.536  4.162 22.424  1.212 29.883  6.152 20.689  2.935 -14.169 17.066 
 3.752  7.183 13.174 10.043 10.906 -10.851 -9.148 19.058  6.984  8.625 -14.557 
29.264 27.037 10.128  9.902  6.845 -5.029 -13.087 -1.560 -3.309 -1.837  7.293 
13.041 28.672  9.178  8.548  4.767  5.327 11.824  8.458  9.170  1.459 -6.928 
-0.249 13.397 13.980  0.256  5.754 -7.927 14.631 19.693 23.110  1.153 -5.697 
 6.025 21.160 19.067  6.138 17.263 21.762 -6.441 11.617 -20.387  7.451  3.697 
10.851 15.641 19.104  5.526  9.856  5.743 12.555 10.677 -17.902 11.825 -26.004 
19.879 -0.932 -2.322  9.420 -5.128 -28.558 10.823 18.844 14.015 -8.476 -0.246 
24.506 18.058 -13.318  0.316  7.387 -3.189  2.261 14.750  3.727 18.424 18.212 
15.913 31.713 12.249 20.996 11.961  6.145 15.149 -11.858 -4.153 24.175 -1.269 
-12.112 10.061 18.100 18.386 14.590  8.181 18.396  8.776 15.940  2.839 -3.185 
20.333 19.619 15.323 15.749  2.299 19.349 26.243 12.831 21.316 -1.454 -5.739 
 8.219  5.195 18.802 12.268 17.917 -13.203  2.602 16.575 10.086  8.108 30.048 
29.478 15.896 13.972 13.873 18.730 -2.112  0.057 19.031 11.142 -22.703  3.582 
10.670  2.067  0.416  5.303  1.802  2.968 27.278 -19.954 30.259  2.762 13.514 
 1.572 14.380 -8.011 24.735  2.027  0.342 -7.492 -4.557  4.366 -3.599  4.343 
22.267 38.684  9.384  4.615 14.472 18.354  9.091 -0.234 16.453 10.662 -14.756 
19.627 25.349 29.449 18.683 -1.583  5.390 23.443  5.148  4.475 -14.307  7.026 
13.597 12.954 25.503  1.282 14.557 -12.736 14.195 12.088  1.787  5.495 -9.329 
23.477 11.624 19.407  8.783 -1.983 -9.782  8.484  9.334  2.485  6.120 12.905 
12.317 33.845 30.069 23.132 18.973 -0.123 17.231 -0.074 14.488  0.720  7.247 
26.892 12.446 -9.660 14.569 20.648  8.127 -5.557 -6.099  8.363 10.045 -14.200 
17.051 -5.623 -1.667 11.821  2.860 19.570 15.601 -5.508 11.335  2.531 -1.963 
18.682 16.455 10.665  8.205  8.807 -0.437 13.063 15.782 -10.935 -1.288  6.545 
12.669 15.045 -3.250 11.279 10.379 -2.190 10.121 15.357 -3.078 -3.785 11.160 
22.962 16.417  8.166  4.293 17.717 26.575 -14.881 12.507 -12.805  3.620 -2.605 
10.575  8.667  5.346 -4.822 19.928  6.839 -7.169  4.551 -4.530 -2.390 -1.768 
-3.143 22.607  7.394 20.043 -4.783 10.564  0.760 13.994 26.240 -7.094  7.122 
25.343  2.832 -4.790 -5.101  6.880 -22.638 -0.062 -0.630 -13.707 23.370 -10.136 
21.024  3.311 -4.238 30.463 -4.275  5.978 -5.854  7.859  7.183 -7.255  2.491 
-2.606  3.258 12.868 10.875 16.710  5.527  9.568 17.744  8.881 11.650 -3.313 
24.270 17.230 11.433 23.302 19.740 29.017 13.609 11.532 -4.042  9.550 26.091 
16.859  6.887 -17.309 17.849 -15.676  5.878  5.424 16.952  3.842 -7.849 -18.167 
11.997 21.286  1.205 30.473  9.130 10.874 10.465 10.207  1.753  4.828 -0.786 
13.134 11.607 16.666 10.597  7.083 -5.562 20.282 17.516  5.701 20.804 10.970 
 0.863  5.418  0.612 27.384  6.239 -7.328  6.638 15.097 -6.656  1.425  0.427 
19.456  8.346 -16.077 -14.546  0.260  9.982  2.592  9.745 -3.318 -3.992  4.591 
 8.672  8.185 27.518 10.395 11.551 15.815 -7.320 -0.155 -7.339 -11.982 -4.309 
18.313  5.394 18.137 16.253  5.094  9.830 -2.459 13.964 -6.289  0.678  1.733 
-0.569 20.735 12.764 -2.892 10.197  7.959  4.741  7.910 -5.185  1.296  2.012 
-1.056 16.250 -3.543 35.297  7.534 -6.705 22.897 -4.455 12.577  8.143 11.181 
13.608 23.980  2.980  7.280 -3.111  2.709  2.408  5.062  4.832 26.455  0.363 
12.016  8.519 -1.699  2.591  9.068 -14.885  0.956 23.481 13.944  9.129 11.643 
17.335  3.074  6.808 17.039  1.415 15.964 -15.244 -11.360 -8.320 -18.863  9.628 
10.452 14.108 -11.034 -1.351  3.669  5.280 21.063  5.428 -4.619  9.986 -11.042 
11.465  2.437 19.688  9.571 -7.520 17.436 16.654 11.756 -7.055 -0.886 15.682 
13.804  5.452 29.987 -10.597  7.284  3.948 15.852  3.355 13.303 14.933  9.071 
19.586 15.712 27.548  6.692 -11.776 -2.899  7.371 -1.794  1.916 15.608 -4.227 
19.629 13.648 13.449 13.045 17.614  2.557 12.742 12.372  6.325 -2.908  7.676 
 7.031  9.117 14.623 12.536  9.723  8.995 -0.190 13.925  1.642 -9.017  4.937 
18.937 16.903  6.801 16.001 12.099  9.760  6.241  8.095  2.913  1.515 -2.440 
12.260  2.437 10.380 -8.501 10.163 18.053  7.299 -0.229  1.744 -10.379 -7.084 
 5.887 -5.506  1.992 -3.896  5.396 12.559 11.737 -9.955  7.083 10.661 -5.044 
 1.922 24.023 33.637 12.531  2.556  4.737  0.771  3.726 -3.174 -1.810 -6.065 
16.887 12.376 -1.503 -1.261 15.086 12.176 -12.629 -9.049  2.550  2.161 12.896 
 7.339  3.862  6.794 -1.064  0.366 23.609 -16.022 -4.035 -11.498  0.971  5.921 
22.224 32.202 29.958 -3.976  3.555 15.711  0.186 -6.629 -1.144  6.537  0.380 
 7.291 12.790 33.083  9.653 13.028 17.075  8.593  2.482 -35.970  2.636  9.870 
24.308 17.063 16.845 21.185  4.043 -6.697 13.896  5.256 -10.821 23.573 -6.032 
 8.279  3.162  6.769 16.391 -12.730  7.020 15.457 16.696 -0.895 -4.398 -1.357 
26.298 11.816 -9.534  4.741  5.624  4.974 -2.018 -13.592 24.911  5.607  1.408 
-10.574 20.459  7.021  3.150  5.692  8.092 -2.643 -3.981 14.632 20.370 11.721 
21.178  6.071 10.139  9.202  2.589 14.604  0.081  9.257 10.817 -11.058 -0.164 
17.744  5.807 19.466  3.024 -15.107  8.182  6.430 -12.199 -7.105 16.847  9.814 
27.343 20.817 16.347 10.294  2.378 28.258 15.956 11.472  7.625 -5.589 -11.228 
13.389 16.508 -12.398 -6.041 14.558 11.410 -7.257 14.509 -11.980  2.162 -12.753 
-0.992 17.668 16.728 18.841 23.714 27.449 -3.909 23.526 -1.287 -4.854 -19.499 
10.253 11.867 32.799  8.029 -6.671  9.427  0.524 -5.631 10.221  5.446  3.722 
26.881 26.813 21.514 14.374 12.279  9.438  4.198  5.409 -11.126 -11.914 -8.783 
11.094  7.854 23.484 15.670 15.507 -0.423 27.271 -7.766 10.838 12.273 -17.296 
 4.701 13.482  5.127 -7.397  5.511  9.560  8.759 -6.475 22.181 23.673 -12.023 
-3.673 11.758  9.243  8.749  8.061 13.060  4.939  2.908 -12.344 -17.121  2.559 
14.926  1.462 17.135 -3.763  7.424  8.165 -21.346 -6.517 -5.511 11.576  2.537 
-0.867  5.726 10.833 22.702 14.137 23.246 -0.109  7.800 -14.948 11.876 12.555 
17.039 10.692 21.204 12.982 14.545 -7.092  2.952 19.249 -6.692 -7.589 -6.818 
 8.751  2.990  9.834 -0.126 -0.348 -11.346  6.945  4.916 14.416 -9.301 -4.928 
12.959  6.780 27.041 -7.599 32.370 -7.373 -5.912  8.064 22.245 -12.812 -14.250 
27.602 27.627 13.086 20.691  5.552  7.203  3.594 -6.051 10.942 13.637 -1.375 
12.084 13.244 19.646 19.280  6.976 -6.523 17.761 -10.571 -9.075  8.679 -3.978 
10.461 19.818  3.668  5.425  9.437 -0.892  0.897 -6.061 14.490 -5.445 -3.952 
12.015  6.461 20.531 22.340  5.060 14.623 12.819 -3.973  7.034  9.209 -8.366 
21.137 25.055  6.233 20.041  1.586 -3.283 -5.765 -2.407 -10.728 11.749  2.608 
-1.552 21.744 14.699 17.796 12.105  8.567  3.806  8.515 10.480 10.538  7.861 
19.813 -0.515  6.889  3.424 26.175 16.368 -15.048  7.263 -0.834  1.628 -4.736 
20.687 18.156 10.465 17.895  9.393  0.782  9.195  9.627  5.381 -7.137  0.510 
23.553 24.698 35.826  3.088 14.207  7.492  2.331  5.972 -7.617 17.196 -2.124 
22.945  4.582 27.280 -11.523  8.090  7.367  1.355 21.532 29.440 11.099  8.810 
28.489 14.064 18.771 -0.368  0.013  8.413 12.537  5.661  2.673 -4.693  3.370 
26.127 28.570 11.825 -0.262 10.803  2.043 13.731  3.815 -19.258 -7.964 -5.870 
18.253  9.141 13.477  9.795 -5.934 -16.710 -10.004 -13.015  0.345 15.801 -1.261 
 8.221 -4.587  5.327 26.572 -1.643 12.447  7.747 10.939 12.646  4.427 -1.623 
 2.301 13.516  1.111 17.056 10.084 -5.214 -1.493  5.500 25.555 -10.693 -8.568 
28.703 -2.447 -10.608 10.337 12.341  5.244 -11.485 -8.458  4.684 -5.493 -17.627 
25.584  0.198  2.663 11.309  6.499  1.048  1.767  0.802  4.485 -9.627 -5.987 
13.870 14.183 15.775  5.361 15.098 21.296 15.291  3.885 15.282 14.499  8.281 
21.125 21.346 21.847  8.844 11.310  9.049  5.661 17.300  2.905  4.432 -4.073 
 8.332 19.149 17.334 15.053 -3.728 -0.426 21.209  0.656 14.164 18.826 12.627 
23.535 24.084 18.570 -2.976 -3.510 -4.489 15.112 16.663 -14.311 -4.262 -2.817 
16.961 10.568  7.039 -11.565 11.953  6.048 -6.196 -1.678  5.723 -2.944 -8.931 
19.119  1.422 15.090 -11.520 20.113 13.626 11.901 12.885 -11.055  0.755 -11.760 
19.967 -1.505 -0.761 27.831 18.537  3.842  9.878  3.239  0.184  9.769  5.652 
14.586  7.209  6.889 11.629 14.580 11.438 -19.301  4.493  4.437 -19.038  3.864 
31.851  3.359 -2.495  5.667 24.024 -13.970  5.719  3.655 -0.723  1.752 -3.141 
21.610 17.129 21.333 14.732 15.252 -10.644 19.159  2.646 -6.645 12.216 -9.648 
-1.746  0.028 13.607 20.324  4.675 12.566 -1.398 19.825 -5.297 -9.105  4.322 
12.164  8.942 12.059 -14.595 14.237  2.869  8.686 24.331 -13.363 -4.799 -15.843 
-9.506 12.595 26.309 22.256 14.339 19.427  8.641 10.256  7.918 -22.250  5.473 
 7.811 -1.676  3.780 30.156  8.309  4.760  5.205  2.844  5.990 -3.335 -13.242 
 6.241 10.492 20.444 -4.053 11.301  3.729 -12.453 11.345 14.669 -8.814  2.637 
16.492 12.924  4.088  2.849 18.688 -7.973 11.774  8.935  0.369  4.883 -0.000 
25.183 17.131 22.591 16.738  0.493 -8.185 10.134 -2.217  2.792 -7.636 19.759 
23.213  9.508 -18.093 15.196 23.451 -3.631 15.526  2.291 -5.727 -15.669 -2.572 
10.150 -4.626 19.987 -4.808 22.843  0.632 10.572 14.835 -15.668 -0.514  4.664 
-1.938  2.893  6.723  6.184  4.792 11.722  4.105 12.361  4.381  0.533 -5.551 
12.142 20.000 19.572  5.046  9.256 12.244 22.569  2.638  0.270  9.723  1.379 
 7.485 16.458 13.548 -10.967  6.914 12.649 11.910 13.519  0.159  7.398 -6.773 
 1.947 24.683 10.769 17.879 -4.941 18.640 -2.069 -5.192  1.442  3.174 -2.777 
23.584  3.059 23.709  8.202 18.322 14.044 -12.834  8.580 -4.916  9.030 -0.533 
14.569 -1.740 11.360  9.385 17.094 -3.709  0.813 11.796  8.453 -3.789 -7.811 
16.399  5.653 23.622 -27.074 18.554  6.130 28.369 -3.465  9.580  0.434 -10.522 
 6.222  9.181 22.452 -2.040 16.682 -0.946 14.504  8.515  5.495  7.512  7.702 
17.289 12.600 11.226  8.356  5.888  6.555 -1.704  3.180 -18.621 22.539  8.511 
24.044  6.188 -2.156  8.141  7.459 14.455 -2.543 17.161  6.740  4.064 13.575 
 8.709  0.000 13.859 13.154  8.801  6.375  3.903 -6.768  0.073 -8.099 17.052 
 8.682  5.593  5.558 10.374 10.768 17.050  1.641 24.472 -17.428 -6.786 -9.823 
 5.935  3.480  8.256 -0.878  9.154  1.946  6.369 -11.725  1.307  5.467 -1.235 
 2.518 19.334  1.190 14.826 17.072 17.875  5.930  4.922  4.058  7.550 13.722 
13.074 22.677  9.390 10.580  3.320 17.375 41.086  2.901 12.476  0.866 -7.718 
11.159 10.993 11.012 -3.201 15.189 -5.923  4.856 -4.273  1.069 15.174  0.497 
17.671 15.014 18.321 -8.999 -0.724  9.580 -6.857 10.207  0.094  3.364 -11.008 
15.267 19.200 -5.495  6.740 14.940  3.314 10.443 -4.066 -4.735 -10.282  2.605 
21.114 -0.160  7.181 19.325 -4.620  4.107 -0.303  1.620  6.315 -5.689 -2.492 
 0.982 20.550 19.705  1.540 -8.522 -2.797 -2.276 -1.943  7.384 -5.909 -14.378 
15.567 -5.279 17.014 13.515 26.260 23.120  6.335  6.642 -0.523 -5.332  4.366 
-9.444 14.131  0.909  1.379 20.188 19.688 13.906  1.167 -12.971 19.559 15.492 
27.565 22.893 18.395 14.232 -1.560  2.241  5.512 21.678 -2.105 -1.438  2.229 
25.164 10.176  2.213 -6.665 15.661 24.584  9.552 -4.572 18.865 -2.558 -6.980 
 8.681 21.802 10.121 19.558 -7.782 22.283 -7.049 10.111 -6.008 -9.238  2.757 
21.029  9.253  3.297 15.735  4.598 17.179 -7.790  8.280 20.790  1.555  2.054 
 9.862  3.198  8.584 19.003  9.878 20.661 10.411  3.938 -1.908 -11.183 24.708 
25.941  3.528  6.355  0.704 -2.305  4.834  4.859 10.689 -2.294 19.827 -6.049 
23.033  5.920  1.151 19.485  2.994  0.927 -5.398  8.420 -5.361  3.466  4.372 
13.325  8.446 14.874 11.825 21.502  0.694  6.417  3.725  4.479 -15.289 -3.602 
26.841 20.490 15.751 26.144 17.763 -3.262 19.821  2.091 -7.136  4.047 -7.438 
 7.288 23.716 12.576 -0.268 11.604  4.941 -8.005  8.985 19.981 -13.635 -18.628 
12.003 11.465 17.028  8.689  3.850 10.975 26.171 -4.465 -19.225 -14.257 -3.425 
18.490 15.681 13.972 23.746  7.923 -5.413 39.185  2.571 26.457 14.388  0.571 
 5.449 29.323  6.535  5.433 -14.627  7.426 -5.640 -15.730 23.279 31.021  4.303 
 8.549  9.478  6.366  7.743  3.886  5.756 -20.209  3.074 -3.020  2.397  0.707 
 7.128 16.725 10.622  0.610  3.236 10.090  9.355 -1.042 -2.970 -0.981 30.951 
 3.867 -11.439  5.678  3.993  4.176 -7.644  6.210  4.353 12.249 10.774  3.664 
-3.598  3.701 13.301 13.936 23.639 10.079  2.713 -1.653 -9.893  6.796 10.314 
19.408  4.832 33.834 13.713 12.280  3.232 -1.162 -2.383 -11.783 -12.805 -2.538 
-6.130 14.715  6.963  7.919 11.003  9.017  7.793  6.691  4.516  3.240 -11.918 
23.146 30.113 21.994 33.135  6.566 -4.502  7.349  5.721 -3.293 -10.674 12.229 
36.329 12.214  5.105 -1.454 -5.576 16.698 -0.515 -13.306  7.641 19.635 -6.061 
18.324 -0.806 43.278 -5.487 17.125 10.693  9.016  2.311  6.214 -4.808  7.537 
11.329 11.754 11.221  3.291 19.086 23.140 18.225 -5.879 19.982 10.596  4.526 
28.096 18.081 19.054 20.608  9.394 -11.014 -4.054 -0.922 -13.620 -10.686 -11.884 
12.773 18.125 12.630 11.546  9.456 10.586  0.589 24.697 -1.459 -12.480  4.732 
16.544 -2.876 17.306  5.143 23.851  6.110  4.473 10.846 20.127  3.089 15.631 
 9.961 24.058 21.887  3.068  7.077  5.727 14.025 16.956 -4.525  5.189  5.016 
12.144  1.548 18.084 11.659  4.380  6.634  9.699  1.001  2.140 -4.899  2.445 
-1.233 28.823 21.629 16.642  1.868 10.668 21.714 -1.359 -9.214 16.598 10.993 
20.791 23.965 20.943  9.516  8.886  6.662 15.579  1.488  6.370  6.187 -1.767 
16.749  5.901  7.247 12.910 10.933  2.530 13.453 -4.036 -3.247 22.982  0.182 
36.642 20.550  6.526  6.859  6.111 -0.026 25.212 -12.240 12.467  1.214 15.834 
18.757 20.927 -12.598 -0.260 14.967 15.632  3.486 12.453 -6.518 18.845  6.414 
16.645 18.177  3.473  7.151  4.039 -6.772 13.456 -1.474 21.268  0.077 -8.522 
10.122 18.611 18.635  2.937  9.959  9.062 16.151  4.544 11.917  7.494  5.531 
17.848 17.120 19.709  2.382  1.646 -14.368  0.391 10.015 -1.961  1.888 -9.877 
-5.321 32.593 16.931 20.126 -10.241 20.642 -0.144 11.194 10.718  5.162 15.149 
21.396 23.479 19.046 13.840 23.757 10.990  2.505  4.324 16.029  4.313  3.022 
-1.905  1.201 33.866 14.205  6.760 -7.880 20.476  2.245 10.025 11.202 -6.330 
19.499 -6.849 -0.627 10.368  1.719  5.088  1.432 14.663  3.141  0.577  0.211 
24.622 12.749 -2.567  0.903  9.062  7.793  2.593 -8.914 -3.999 -11.071 -11.973 
 3.203  8.231 10.574 -4.673  7.599 13.847 -3.263 14.662 19.308 13.814 -10.445 
 8.012  6.844  2.310 19.666 12.061 16.768  9.344 12.207 -17.068 -1.120 11.290 
13.687 11.393  3.270 -7.043 14.100 -5.821 14.645  1.745  4.945 -8.895  2.476 
29.921  7.476 23.462 13.238 21.456 15.066 -5.895 24.686 -10.793 -20.858 -1.168 
18.895  0.510  6.367 15.543 18.968 12.999  2.410 -14.656  5.100  5.341 -6.012 
-4.470 15.449 21.468 13.716 -2.329  7.435  2.885  4.737 -10.454 -3.230  9.286 
 2.218 25.918 11.166  1.307 17.842 14.831  5.361 -7.451  2.054  0.196  4.866 
15.837  3.955 10.173 16.281  1.262 12.565  5.450  9.672 17.876 -0.603 -7.997 
25.390  7.672 19.660  6.717 18.471 -19.641  9.428 16.103 -1.236 -2.699 -0.207 
34.703 19.609 12.980 27.694  0.525  7.675 19.449 -3.589  3.407  6.540  3.771 
11.578 31.134 28.258 -5.075 -5.270  8.010 -1.694  9.662  1.602  1.091  6.539 
24.223 21.125  3.575  6.725 -1.623  7.892  8.868 12.289 -2.866  6.825 -22.693 
19.922  9.982 10.759 -2.631  5.784 -12.946 -4.526 -8.340 -1.443 -7.549 -11.971 
 4.136 15.989 14.380 14.840  9.357  9.200 10.680  9.600  3.863 19.674 26.307 
-7.496  9.157  7.427  5.668  9.714 21.998  2.176 -5.858 -3.824  2.314 -5.936 
17.222  9.707  2.687 14.567  8.912 19.606 -2.979  9.301  6.988  5.521 21.564 
22.171 15.413 13.245 26.775 12.807  8.996 -4.448  5.060 11.274 -11.452 -12.983 
 7.989  9.284 19.918  2.237 13.832  3.405  2.022  3.589 -5.338  0.631 20.347 
25.207 11.658 11.595  5.052 19.613  1.776 10.159  4.334  7.504 18.848 -2.783 
14.384 13.242 27.080  5.930 15.456  1.148 20.789  1.615  3.333  8.410  0.182 
24.381 25.010 20.394 10.487 10.674 13.529 27.887  3.725 -8.483  4.344 10.564 
18.844 16.893  3.909  6.072 14.731 -10.633 -12.548 17.080 11.687  1.548 -3.583 
-5.663 27.158 14.990  9.327 16.330  5.816  2.654  7.707  2.932 -10.066  2.254 
21.511  8.307 13.082 19.578 21.535 18.313 -2.960  6.464  4.007 -10.037 -7.211 
32.265 24.805 11.826 15.535 -4.595  2.257  6.616  6.431  8.600  7.615 11.056 
 6.385 16.229 12.373 10.467 15.498 18.197 14.031 20.026 -3.347  4.325 -3.002 
10.421  4.755 19.960  6.205  3.278  1.031 -1.557 16.734  4.456 10.099 17.549 
28.230 24.618  8.536  8.750 13.910 11.223  2.995  3.178 18.493  5.107 10.244 
30.753 15.891 11.310 -10.754 20.451 11.177 -4.370  6.433 -2.866 15.628 -13.148 
21.137 12.628  8.512 15.772 16.204 11.480 12.149  1.953 -10.234 -0.896 -9.602 
16.247 25.440  2.707  5.054 19.217 10.112 22.499 -7.188 -10.942 -3.634 22.822 
37.112 11.287 14.939 -0.597 14.949 -1.779  1.783  0.905 10.944 -8.980 16.140 
31.129  9.024 -2.501 21.419 10.007 -8.277 13.296 -0.243 11.337 10.140  9.328 
11.274 10.011 12.864 21.161  0.637 23.728  9.647  6.227 -0.298  4.031 -0.242 
 9.500 -3.160 25.686 15.207 -6.774  3.931 11.919  4.194 29.355 -17.344 -8.591 
12.186 18.996  9.187 -12.834 -3.589 16.475 10.192 16.882 14.593 -4.815 12.585 
-0.515 25.109 19.679  1.942  3.817 16.363 14.486 -1.733  1.459 -11.389 -2.354 
14.589 17.630 16.383  6.547  8.273 -3.604 13.245 16.215 -5.818  7.628  3.476 
20.790 -5.026 24.937 -0.165 -6.519 -0.839  9.992 19.655  7.096  4.334  0.245 
24.177 20.858  4.045 25.586 13.237 -0.881 10.844 -11.051  5.995 23.745 -9.725 
40.572 19.350 10.453 25.747 13.720 12.816  3.010  4.073 -2.342  3.202 10.898 
16.759 24.053  4.529 16.725  6.110 -6.901 18.667 11.719  2.757 16.404 -7.470 
13.472 16.038 13.379 26.353 -13.221 23.754  9.410 -7.141  7.746 13.362 10.235 
 5.242 25.119 28.200 15.405  6.656  3.446 25.347  5.101 15.544  1.208 -15.438 
 9.868 14.360 11.978  7.578 -4.890 -0.666 -15.592  0.273  1.769 20.974 -9.907 
 1.667 12.206 22.008 14.820  9.534 -0.968  2.454  9.552  8.176  8.528  6.538 
19.479 14.622  0.871  2.688 20.837 21.684 -1.290 -1.994  1.406 -0.488 -2.799 
 3.499 15.497 10.451 12.984 11.778  0.922 12.921  5.641  2.288 -0.704 -11.309 
-8.039 10.372 34.821  9.929  6.431 -10.650  7.392 -3.553  8.046  2.690 11.813 
14.220 36.879  0.416  7.857 -1.063 -13.644  2.175 -10.468  8.799  4.231 17.051 
27.262 -6.706 21.908 13.903 10.828 -0.322 -0.753 11.198 -8.606 -3.304 -22.880 
 3.866  7.209 24.973  7.612 13.003 -1.998 13.878 20.578  0.245  0.513 -2.197 
20.056 -1.724 17.898 10.396  5.762  4.855 -11.754  5.301 -3.822 -5.405 10.076 
15.421 20.305  3.478 13.568 23.314  4.117 -22.411  1.741 -2.593  0.210  9.218 
 1.843 -12.230 20.129  3.288  7.742 15.857  2.320  2.511 -1.751 -10.439 -7.068 
20.537 18.640  9.602  4.960  7.995 -7.580 -0.629  5.981  8.844 10.771  9.333 
