 0.035  1.447  2.793  4.290  5.708  7.062  8.548  9.932 11.354 12.802 14.138 
-0.003  1.398  2.837  4.181  5.716  7.020  8.441  9.979 11.344 12.728 14.140 
-0.035  1.420  2.857  4.289  5.616  7.131  8.535  9.899 11.304 12.708 14.159 
 0.028  1.420  2.766  4.297  5.634  7.076  8.479  9.909 11.302 12.777 14.079 
-0.032  1.427  2.822  4.233  5.678  7.119  8.481  9.884 11.283 12.699 14.127 
-0.019  1.401  2.782  4.250  5.670  7.053  8.489  9.859 11.287 12.682 14.128 
-0.058  1.438  2.820  4.200  5.696  7.041  8.442  9.889 11.315 12.712 14.129 
-0.011  1.447  2.802  4.290  5.649  7.067  8.501  9.886 11.323 12.752 14.172 
-0.063  1.406  2.793  4.213  5.650  7.143  8.476  9.907 11.332 12.665 14.113 
 0.018  1.371  2.825  4.234  5.708  7.073  8.494  9.924 11.324 12.719 14.140 
 0.033  1.419  2.854  4.243  5.697  7.083  8.461  9.917 11.369 12.703 14.151 
-0.001  1.377  2.792  4.224  5.636  7.104  8.482  9.856 11.313 12.720 14.105 
 0.039  1.351  2.823  4.260  5.632  7.053  8.528  9.891 11.293 12.733 14.070 
-0.005  1.391  2.874  4.273  5.632  7.046  8.463  9.962 11.266 12.684 14.147 
-0.018  1.447  2.851  4.255  5.627  7.059  8.472  9.837 11.339 12.647 14.132 
 0.020  1.411  2.782  4.259  5.690  7.060  8.468  9.844 11.297 12.741 14.140 
 0.005  1.422  2.823  4.235  5.675  7.042  8.457  9.873 11.304 12.755 14.159 
 0.010  1.403  2.823  4.254  5.654  7.071  8.538  9.898 11.321 12.766 14.159 
 0.007  1.400  2.839  4.240  5.657  7.058  8.463  9.907 11.339 12.772 14.144 
-0.017  1.398  2.813  4.249  5.614  7.111  8.526  9.936 11.320 12.714 14.202 
 0.038  1.458  2.755  4.249  5.694  7.090  8.491  9.847 11.300 12.734 14.124 
 0.001  1.389  2.851  4.223  5.633  7.102  8.472  9.922 11.337 12.713 14.133 
 0.003  1.446  2.853  4.256  5.611  7.005  8.486  9.918 11.327 12.779 14.129 
-0.023  1.419  2.849  4.265  5.615  7.077  8.510  9.870 11.289 12.715 14.118 
-0.017  1.402  2.824  4.197  5.685  6.985  8.436  9.887 11.275 12.694 14.198 
-0.023  1.424  2.786  4.248  5.598  7.080  8.495  9.961 11.336 12.728 14.154 
 0.013  1.422  2.838  4.256  5.677  7.072  8.427  9.933 11.284 12.720 14.148 
-0.032  1.417  2.808  4.278  5.644  7.114  8.481  9.902 11.304 12.733 14.113 
-0.014  1.470  2.840  4.210  5.637  7.074  8.465  9.885 11.302 12.716 14.166 
 0.001  1.412  2.872  4.233  5.656  7.099  8.509  9.863 11.330 12.670 14.100 
-0.005  1.375  2.821  4.211  5.676  7.076  8.423  9.904 11.323 12.702 14.130 
 0.019  1.416  2.824  4.225  5.632  7.075  8.466  9.900 11.338 12.777 14.134 
 0.011  1.433  2.789  4.330  5.671  7.022  8.538  9.862 11.353 12.694 14.135 
-0.010  1.397  2.818  4.281  5.687  7.109  8.452  9.863 11.292 12.716 14.119 
-0.020  1.434  2.810  4.276  5.636  7.048  8.489  9.929 11.304 12.766 14.092 
 0.042  1.423  2.840  4.264  5.683  7.121  8.478  9.899 11.309 12.759 14.124 
 0.018  1.432  2.830  4.228  5.591  7.095  8.479  9.911 11.337 12.704 14.135 
 0.022  1.448  2.822  4.277  5.737  7.109  8.511  9.920 11.295 12.741 14.089 
-0.009  1.425  2.791  4.284  5.697  7.144  8.478  9.910 11.383 12.736 14.150 
 0.017  1.327  2.865  4.240  5.679  7.030  8.496  9.862 11.338 12.682 14.178 
-0.025  1.392  2.828  4.250  5.628  7.057  8.488  9.912 11.276 12.752 14.157 
-0.032  1.418  2.821  4.292  5.681  7.081  8.501  9.886 11.296 12.719 14.176 
-0.030  1.381  2.800  4.211  5.640  7.065  8.527  9.853 11.351 12.733 14.183 
 0.042  1.398  2.865  4.216  5.712  7.118  8.525  9.922 11.362 12.733 14.114 
-0.022  1.462  2.827  4.222  5.619  7.090  8.468  9.905 11.315 12.756 14.179 
-0.011  1.383  2.852  4.156  5.690  7.068  8.544  9.904 11.363 12.668 14.117 
-0.031  1.418  2.809  4.286  5.709  7.105  8.474  9.922 11.311 12.744 14.191 
-0.018  1.405  2.782  4.232  5.690  7.072  8.460  9.885 11.276 12.716 14.196 
 0.027  1.410  2.811  4.258  5.669  7.060  8.463  9.893 11.335 12.707 14.195 
-0.003  1.381  2.822  4.205  5.682  7.112  8.468  9.829 11.280 12.700 14.138 
 0.010  1.392  2.833  4.242  5.621  7.043  8.472  9.836 11.327 12.761 14.160 
 0.044  1.461  2.826  4.276  5.672  7.070  8.464  9.846 11.299 12.706 14.147 
 0.046  1.389  2.856  4.273  5.633  7.109  8.460  9.919 11.341 12.753 14.164 
-0.064  1.392  2.827  4.224  5.634  7.053  8.554  9.898 11.285 12.679 14.121 
-0.024  1.424  2.817  4.241  5.639  7.124  8.465  9.892 11.232 12.671 14.101 
 0.033  1.412  2.839  4.263  5.671  7.095  8.506  9.906 11.318 12.691 14.107 
 0.000  1.372  2.826  4.245  5.672  7.083  8.434  9.899 11.252 12.691 14.135 
-0.005  1.371  2.823  4.200  5.641  7.077  8.508  9.908 11.350 12.692 14.174 
 0.040  1.447  2.822  4.215  5.663  7.053  8.461  9.889 11.283 12.758 14.114 
-0.043  1.404  2.821  4.284  5.670  7.134  8.465  9.954 11.324 12.667 14.173 
 0.037  1.372  2.852  4.214  5.671  7.107  8.497  9.910 11.287 12.696 14.111 
-0.003  1.351  2.785  4.245  5.692  7.110  8.444  9.896 11.318 12.715 14.155 
-0.007  1.393  2.869  4.231  5.641  7.048  8.493  9.901 11.376 12.708 14.183 
 0.077  1.374  2.878  4.244  5.654  7.081  8.554  9.876 11.287 12.760 14.135 
 0.042  1.431  2.826  4.276  5.653  7.094  8.506  9.829 11.270 12.759 14.174 
 0.002  1.415  2.828  4.265  5.660  7.125  8.497  9.951 11.307 12.760 14.149 
-0.001  1.423  2.849  4.221  5.700  7.106  8.543  9.878 11.305 12.796 14.110 
 0.051  1.427  2.843  4.234  5.669  7.096  8.454  9.855 11.309 12.769 14.098 
 0.009  1.422  2.846  4.212  5.685  7.114  8.511  9.858 11.283 12.737 14.149 
-0.021  1.408  2.772  4.233  5.677  7.033  8.511  9.880 11.289 12.657 14.121 
 0.011  1.364  2.844  4.250  5.677  7.054  8.497  9.877 11.285 12.709 14.147 
 0.005  1.426  2.819  4.238  5.690  7.016  8.481  9.937 11.321 12.754 14.129 
 0.016  1.396  2.822  4.229  5.662  7.037  8.478  9.876 11.329 12.671 14.135 
-0.034  1.407  2.780  4.177  5.650  7.068  8.475  9.942 11.340 12.683 14.145 
 0.056  1.356  2.855  4.306  5.636  7.093  8.463  9.884 11.370 12.748 14.157 
-0.006  1.392  2.855  4.232  5.646  7.081  8.470  9.954 11.270 12.767 14.115 
 0.022  1.399  2.872  4.275  5.725  7.022  8.521  9.868 11.294 12.800 14.141 
 0.061  1.433  2.810  4.215  5.703  7.053  8.449  9.869 11.367 12.756 14.158 
-0.082  1.316  2.879  4.199  5.599  7.072  8.506  9.947 11.241 12.706 14.175 
 0.027  1.418  2.846  4.267  5.638  7.087  8.397  9.981 11.304 12.718 14.087 
 0.019  1.394  2.831  4.263  5.653  7.051  8.463  9.913 11.313 12.713 14.128 
 0.077  1.435  2.849  4.193  5.605  7.113  8.488  9.961 11.293 12.687 14.164 
-0.046  1.296  2.821  4.281  5.670  7.070  8.434  9.931 11.327 12.705 14.131 
 0.048  1.433  2.792  4.318  5.662  7.089  8.511  9.937 11.374 12.709 14.101 
 0.066  1.440  2.772  4.228  5.636  7.130  8.496  9.918 11.355 12.709 14.167 
 0.015  1.371  2.817  4.211  5.680  7.099  8.508  9.872 11.289 12.734 14.090 
-0.001  1.373  2.798  4.225  5.651  7.040  8.476  9.915 11.356 12.722 14.128 
 0.029  1.374  2.796  4.250  5.589  7.091  8.515  9.930 11.347 12.734 14.189 
 0.013  1.413  2.789  4.219  5.649  7.109  8.465  9.899 11.329 12.733 14.165 
 0.013  1.386  2.835  4.235  5.584  7.074  8.490  9.886 11.302 12.744 14.120 
 0.059  1.432  2.828  4.231  5.633  7.050  8.482  9.915 11.274 12.701 14.129 
-0.017  1.413  2.825  4.256  5.674  7.075  8.505  9.957 11.333 12.713 14.159 
 0.040  1.448  2.822  4.222  5.669  7.063  8.491  9.871 11.320 12.726 14.147 
-0.063  1.406  2.817  4.199  5.572  7.079  8.449  9.913 11.331 12.688 14.149 
 0.021  1.385  2.824  4.232  5.638  7.072  8.493  9.956 11.318 12.788 14.112 
 0.017  1.401  2.845  4.253  5.633  7.086  8.462  9.926 11.301 12.673 14.121 
 0.036  1.427  2.919  4.258  5.670  7.072  8.459  9.949 11.303 12.753 14.177 
-0.015  1.412  2.781  4.306  5.626  7.053  8.539  9.968 11.286 12.720 14.107 
 0.015  1.460  2.832  4.273  5.675  7.096  8.510  9.936 11.311 12.723 14.178 
 0.048  1.399  2.779  4.289  5.619  7.050  8.402  9.917 11.318 12.728 14.190 
 0.027  1.442  2.816  4.207  5.665  7.053  8.498  9.855 11.343 12.752 14.119 
 0.039  1.431  2.823  4.226  5.610  7.059  8.483  9.939 11.318 12.722 14.161 
-0.019  1.423  2.842  4.238  5.721  7.066  8.477  9.890 11.284 12.735 14.149 
-0.012  1.370  2.837  4.226  5.654  7.062  8.478  9.824 11.312 12.695 14.222 
 0.007  1.432  2.795  4.295  5.700  7.066  8.489  9.927 11.309 12.756 14.132 
-0.022  1.480  2.846  4.251  5.682  6.997  8.427  9.944 11.342 12.728 14.135 
-0.002  1.359  2.855  4.201  5.627  7.043  8.472  9.883 11.290 12.764 14.150 
-0.058  1.443  2.806  4.270  5.638  7.020  8.464  9.902 11.307 12.716 14.152 
 0.024  1.429  2.803  4.242  5.666  7.032  8.461  9.841 11.324 12.680 14.129 
-0.021  1.428  2.855  4.192  5.672  7.035  8.452  9.887 11.313 12.728 14.106 
 0.024  1.442  2.791  4.215  5.674  7.099  8.529  9.892 11.369 12.692 14.163 
 0.068  1.385  2.809  4.223  5.631  7.057  8.537  9.896 11.375 12.717 14.114 
 0.006  1.398  2.796  4.251  5.669  7.076  8.499  9.894 11.262 12.692 14.142 
-0.010  1.448  2.868  4.236  5.649  7.069  8.525  9.877 11.337 12.739 14.126 
-0.005  1.351  2.890  4.299  5.652  7.051  8.501  9.822 11.269 12.718 14.160 
-0.022  1.429  2.823  4.240  5.663  7.084  8.514  9.923 11.373 12.673 14.096 
 0.009  1.390  2.846  4.283  5.691  7.120  8.423  9.852 11.324 12.714 14.102 
-0.022  1.463  2.861  4.226  5.676  7.120  8.453  9.898 11.296 12.702 14.238 
-0.002  1.399  2.807  4.262  5.660  7.045  8.486  9.908 11.302 12.749 14.131 
-0.058  1.445  2.839  4.231  5.656  7.004  8.453  9.924 11.307 12.686 14.146 
-0.030  1.436  2.825  4.211  5.624  7.055  8.501  9.953 11.291 12.735 14.142 
 0.029  1.423  2.812  4.252  5.693  7.078  8.486  9.903 11.305 12.659 14.115 
 0.013  1.394  2.848  4.218  5.645  7.120  8.446  9.916 11.291 12.708 14.121 
-0.016  1.417  2.801  4.246  5.686  7.086  8.498  9.859 11.310 12.733 14.185 
 0.017  1.372  2.836  4.232  5.705  7.049  8.542  9.910 11.327 12.722 14.195 
 0.035  1.368  2.854  4.228  5.647  7.068  8.467  9.874 11.328 12.711 14.165 
-0.010  1.421  2.852  4.261  5.649  7.037  8.482  9.906 11.295 12.696 14.140 
 0.027  1.416  2.786  4.252  5.619  7.033  8.472  9.862 11.313 12.663 14.132 
 0.042  1.472  2.837  4.212  5.606  7.064  8.450  9.905 11.322 12.726 14.084 
 0.014  1.378  2.817  4.221  5.629  7.076  8.546  9.894 11.324 12.692 14.149 
 0.024  1.462  2.775  4.277  5.630  7.092  8.467  9.884 11.296 12.714 14.185 
 0.012  1.409  2.866  4.201  5.655  7.019  8.533  9.870 11.359 12.731 14.177 
-0.044  1.337  2.821  4.229  5.589  7.024  8.474  9.875 11.343 12.719 14.173 
 0.076  1.433  2.847  4.225  5.576  7.002  8.519  9.907 11.274 12.679 14.107 
 0.023  1.415  2.876  4.233  5.672  7.022  8.456  9.896 11.315 12.699 14.124 
-0.029  1.398  2.831  4.263  5.660  7.016  8.476  9.881 11.358 12.751 14.116 
 0.011  1.426  2.819  4.208  5.681  7.077  8.483  9.868 11.342 12.763 14.169 
-0.019  1.361  2.838  4.288  5.663  7.092  8.449  9.884 11.360 12.661 14.068 
-0.046  1.373  2.809  4.247  5.690  7.118  8.532  9.890 11.348 12.699 14.110 
-0.017  1.399  2.814  4.219  5.685  7.051  8.527  9.943 11.269 12.690 14.116 
-0.082  1.392  2.860  4.272  5.669  7.088  8.515  9.966 11.288 12.734 14.170 
 0.020  1.424  2.865  4.267  5.611  7.077  8.491  9.880 11.323 12.713 14.126 
-0.044  1.456  2.858  4.242  5.670  7.011  8.482  9.910 11.346 12.767 14.133 
-0.009  1.455  2.839  4.235  5.604  7.089  8.499  9.878 11.329 12.748 14.129 
-0.037  1.362  2.878  4.200  5.635  7.082  8.501  9.950 11.343 12.728 14.109 
 0.025  1.490  2.828  4.168  5.723  7.066  8.491  9.859 11.309 12.804 14.104 
 0.040  1.373  2.821  4.242  5.690  7.057  8.498  9.896 11.311 12.735 14.151 
 0.006  1.368  2.835  4.248  5.721  7.079  8.462  9.923 11.320 12.700 14.083 
 0.012  1.414  2.835  4.198  5.725  7.076  8.465  9.867 11.301 12.730 14.106 
-0.028  1.413  2.855  4.204  5.670  7.047  8.448  9.907 11.253 12.782 14.119 
 0.045  1.406  2.826  4.278  5.713  7.070  8.511  9.919 11.312 12.682 14.179 
 0.015  1.438  2.779  4.295  5.685  7.107  8.490  9.888 11.335 12.681 14.128 
 0.067  1.416  2.812  4.257  5.671  7.095  8.529  9.899 11.316 12.719 14.124 
-0.042  1.400  2.776  4.266  5.730  7.035  8.512  9.897 11.360 12.736 14.095 
-0.003  1.453  2.785  4.182  5.657  7.116  8.390  9.809 11.284 12.723 14.167 
-0.045  1.377  2.848  4.250  5.630  6.992  8.464  9.918 11.314 12.715 14.126 
-0.023  1.383  2.794  4.257  5.611  7.064  8.535  9.933 11.306 12.736 14.114 
-0.027  1.462  2.846  4.254  5.609  7.106  8.525  9.913 11.340 12.722 14.179 
 0.027  1.376  2.905  4.230  5.674  7.084  8.468  9.885 11.307 12.725 14.164 
 0.036  1.358  2.822  4.187  5.609  7.058  8.553  9.910 11.290 12.677 14.209 
-0.027  1.480  2.814  4.161  5.646  7.069  8.432  9.976 11.305 12.726 14.137 
-0.037  1.472  2.831  4.207  5.663  7.059  8.537  9.906 11.289 12.703 14.140 
 0.045  1.420  2.806  4.203  5.591  7.038  8.517  9.884 11.320 12.704 14.188 
-0.006  1.376  2.798  4.246  5.638  7.047  8.529  9.871 11.274 12.746 14.171 
 0.020  1.426  2.810  4.194  5.671  7.048  8.404  9.922 11.310 12.698 14.153 
 0.001  1.383  2.752  4.279  5.701  7.063  8.488  9.914 11.304 12.722 14.152 
 0.010  1.450  2.802  4.229  5.643  7.100  8.503  9.913 11.312 12.698 14.146 
 0.027  1.422  2.771  4.271  5.663  7.055  8.467  9.900 11.310 12.812 14.104 
 0.050  1.451  2.834  4.275  5.660  7.044  8.481  9.953 11.348 12.781 14.100 
-0.016  1.412  2.847  4.262  5.612  7.071  8.436  9.882 11.330 12.735 14.122 
 0.028  1.382  2.845  4.276  5.658  7.138  8.521  9.890 11.284 12.725 14.145 
-0.017  1.419  2.828  4.254  5.671  7.021  8.506  9.827 11.330 12.717 14.143 
 0.043  1.412  2.833  4.223  5.715  7.073  8.504  9.953 11.286 12.759 14.133 
 0.041  1.441  2.844  4.184  5.684  7.059  8.460  9.851 11.315 12.717 14.141 
 0.047  1.395  2.769  4.210  5.631  7.067  8.469  9.879 11.343 12.720 14.152 
 0.005  1.391  2.864  4.186  5.662  7.078  8.439  9.942 11.286 12.695 14.171 
-0.072  1.471  2.826  4.230  5.633  7.093  8.444  9.886 11.367 12.737 14.095 
 0.015  1.455  2.807  4.216  5.650  7.084  8.496  9.912 11.337 12.670 14.154 
 0.020  1.417  2.853  4.231  5.639  7.079  8.512  9.919 11.291 12.720 14.155 
 0.009  1.386  2.779  4.240  5.638  6.992  8.471  9.937 11.263 12.706 14.115 
-0.029  1.388  2.773  4.249  5.678  7.038  8.469  9.838 11.314 12.738 14.171 
-0.008  1.382  2.828  4.226  5.670  7.102  8.477  9.895 11.307 12.680 14.167 
-0.034  1.422  2.837  4.245  5.652  7.074  8.449  9.856 11.328 12.740 14.193 
 0.001  1.432  2.790  4.230  5.723  7.107  8.483  9.882 11.287 12.706 14.185 
-0.020  1.389  2.764  4.245  5.628  7.048  8.434  9.893 11.305 12.724 14.119 
 0.014  1.325  2.781  4.234  5.647  7.067  8.469  9.865 11.292 12.782 14.168 
-0.042  1.466  2.790  4.273  5.637  7.099  8.471  9.900 11.306 12.707 14.167 
 0.048  1.413  2.825  4.258  5.698  7.038  8.522  9.903 11.318 12.740 14.092 
 0.000  1.435  2.841  4.256  5.625  7.045  8.454  9.830 11.296 12.717 14.187 
-0.017  1.375  2.848  4.252  5.571  7.058  8.507  9.942 11.330 12.711 14.121 
 0.042  1.444  2.832  4.249  5.639  7.129  8.492  9.917 11.231 12.733 14.170 
-0.049  1.380  2.765  4.242  5.659  7.037  8.476  9.919 11.244 12.731 14.177 
 0.066  1.380  2.886  4.182  5.709  7.077  8.517  9.917 11.336 12.702 14.152 
-0.016  1.344  2.820  4.231  5.683  7.113  8.511  9.909 11.303 12.776 14.129 
-0.009  1.409  2.840  4.267  5.658  7.070  8.488  9.892 11.365 12.718 14.148 
 0.020  1.413  2.828  4.288  5.625  7.090  8.499  9.917 11.334 12.741 14.129 
-0.002  1.406  2.858  4.199  5.635  7.045  8.514  9.911 11.245 12.733 14.151 
-0.006  1.447  2.897  4.273  5.647  7.025  8.466  9.892 11.300 12.702 14.172 
 0.020  1.419  2.755  4.290  5.662  7.036  8.459  9.916 11.290 12.767 14.131 
 0.028  1.397  2.839  4.238  5.667  7.090  8.496  9.944 11.348 12.742 14.183 
-0.003  1.414  2.850  4.264  5.656  7.067  8.487  9.888 11.277 12.694 14.154 
-0.014  1.434  2.835  4.212  5.726  6.984  8.488  9.948 11.348 12.751 14.134 
-0.024  1.386  2.806  4.228  5.616  7.049  8.489  9.920 11.281 12.724 14.121 
-0.002  1.407  2.865  4.250  5.701  7.034  8.483  9.967 11.268 12.714 14.136 
-0.008  1.400  2.861  4.215  5.702  7.069  8.438  9.907 11.304 12.743 14.159 
 0.009  1.425  2.829  4.219  5.682  7.064  8.474  9.909 11.353 12.718 14.120 
 0.011  1.360  2.777  4.211  5.698  7.125  8.511  9.887 11.336 12.705 14.158 
 0.011  1.414  2.803  4.227  5.681  7.027  8.458  9.916 11.321 12.760 14.138 
-0.042  1.378  2.858  4.277  5.667  7.021  8.507  9.897 11.337 12.741 14.160 
 0.002  1.405  2.808  4.201  5.626  7.113  8.452  9.885 11.280 12.692 14.119 
-0.021  1.428  2.869  4.253  5.642  7.032  8.441  9.911 11.230 12.693 14.166 
-0.034  1.383  2.881  4.173  5.692  7.092  8.545  9.852 11.300 12.789 14.181 
 0.014  1.384  2.855  4.261  5.647  7.019  8.456  9.917 11.331 12.783 14.178 
 0.030  1.385  2.831  4.197  5.677  7.058  8.500  9.867 11.348 12.743 14.112 
-0.056  1.395  2.846  4.249  5.656  7.070  8.504  9.830 11.282 12.680 14.157 
 0.071  1.399  2.835  4.245  5.665  7.070  8.471  9.874 11.309 12.731 14.166 
 0.069  1.471  2.810  4.275  5.656  7.029  8.443  9.891 11.285 12.738 14.186 
 0.005  1.376  2.850  4.210  5.671  7.013  8.484  9.902 11.249 12.735 14.177 
-0.009  1.450  2.786  4.224  5.651  7.041  8.543  9.862 11.347 12.750 14.116 
-0.009  1.409  2.819  4.259  5.632  7.084  8.462  9.875 11.386 12.760 14.144 
-0.043  1.435  2.839  4.189  5.649  7.092  8.428  9.946 11.280 12.712 14.112 
-0.007  1.414  2.815  4.276  5.658  7.074  8.492  9.845 11.347 12.721 14.179 
 0.001  1.427  2.829  4.192  5.610  7.026  8.455  9.899 11.289 12.703 14.202 
 0.018  1.408  2.801  4.209  5.613  7.071  8.480  9.897 11.322 12.735 14.142 
 0.016  1.439  2.815  4.230  5.637  7.094  8.454  9.929 11.246 12.769 14.116 
-0.040  1.413  2.824  4.183  5.647  7.115  8.517  9.895 11.283 12.760 14.124 
-0.023  1.438  2.815  4.257  5.607  7.084  8.487  9.889 11.307 12.696 14.170 
 0.017  1.432  2.837  4.250  5.630  7.047  8.483  9.923 11.294 12.751 14.162 
-0.007  1.347  2.841  4.205  5.660  7.060  8.523  9.888 11.324 12.722 14.129 
 0.020  1.383  2.848  4.212  5.669  7.113  8.483  9.901 11.294 12.784 14.125 
-0.041  1.418  2.813  4.278  5.647  7.035  8.453  9.962 11.349 12.759 14.154 
-0.008  1.420  2.918  4.221  5.617  7.061  8.544  9.915 11.313 12.749 14.166 
-0.012  1.419  2.819  4.204  5.675  7.097  8.447  9.894 11.330 12.706 14.174 
-0.017  1.435  2.730  4.285  5.741  7.060  8.453  9.847 11.309 12.756 14.141 
 0.028  1.381  2.811  4.186  5.669  7.082  8.496  9.888 11.309 12.756 14.170 
 0.053  1.430  2.837  4.229  5.662  7.117  8.524  9.905 11.284 12.714 14.181 
 0.007  1.441  2.863  4.246  5.635  7.078  8.494  9.954 11.315 12.833 14.103 
-0.076  1.461  2.783  4.189  5.639  7.069  8.445  9.895 11.309 12.735 14.168 
-0.002  1.410  2.765  4.288  5.703  7.141  8.464  9.906 11.323 12.740 14.144 
-0.040  1.412  2.861  4.272  5.646  7.050  8.487  9.900 11.299 12.682 14.155 
-0.025  1.426  2.790  4.252  5.687  7.057  8.488  9.888 11.297 12.721 14.145 
-0.029  1.398  2.844  4.198  5.632  7.087  8.471  9.931 11.341 12.739 14.104 
 0.007  1.354  2.877  4.271  5.683  7.127  8.501  9.810 11.313 12.725 14.171 
 0.038  1.455  2.758  4.270  5.586  7.052  8.464  9.922 11.274 12.823 14.182 
 0.047  1.437  2.882  4.226  5.634  7.071  8.487  9.952 11.307 12.663 14.129 
-0.055  1.400  2.797  4.274  5.690  7.064  8.491  9.911 11.362 12.748 14.126 
-0.023  1.413  2.785  4.282  5.625  7.079  8.483  9.842 11.317 12.764 14.136 
-0.021  1.436  2.832  4.270  5.605  7.040  8.432  9.932 11.316 12.719 14.164 
-0.037  1.379  2.887  4.232  5.633  7.056  8.456  9.876 11.320 12.744 14.126 
-0.029  1.333  2.807  4.318  5.612  7.031  8.489  9.918 11.339 12.785 14.130 
 0.007  1.457  2.878  4.220  5.687  7.086  8.514  9.920 11.284 12.688 14.213 
 0.004  1.414  2.845  4.239  5.704  7.062  8.545  9.945 11.335 12.750 14.115 
-0.077  1.450  2.857  4.161  5.661  7.093  8.519  9.904 11.286 12.710 14.059 
-0.021  1.403  2.810  4.218  5.663  7.127  8.526  9.930 11.363 12.758 14.129 
-0.001  1.440  2.769  4.209  5.653  7.067  8.465  9.906 11.262 12.746 14.162 
 0.008  1.385  2.777  4.194  5.701  7.055  8.465  9.902 11.344 12.730 14.181 
 0.014  1.462  2.904  4.273  5.682  7.111  8.510  9.884 11.356 12.665 14.187 
 0.024  1.409  2.879  4.247  5.676  7.073  8.470  9.928 11.340 12.707 14.180 
 0.024  1.365  2.831  4.238  5.568  7.107  8.502  9.889 11.324 12.694 14.148 
-0.038  1.424  2.877  4.269  5.694  7.101  8.463  9.881 11.312 12.730 14.123 
-0.038  1.420  2.880  4.260  5.624  7.085  8.483  9.974 11.335 12.747 14.173 
 0.023  1.393  2.822  4.287  5.670  7.070  8.507  9.912 11.349 12.731 14.117 
-0.010  1.427  2.858  4.261  5.642  7.043  8.532  9.915 11.315 12.760 14.095 
 0.024  1.403  2.795  4.252  5.681  7.099  8.513  9.845 11.294 12.727 14.182 
-0.011  1.430  2.823  4.269  5.621  7.077  8.526  9.905 11.368 12.696 14.174 
 0.035  1.408  2.883  4.228  5.672  7.100  8.459  9.949 11.357 12.744 14.201 
 0.041  1.448  2.842  4.263  5.667  7.093  8.534  9.932 11.304 12.690 14.097 
-0.040  1.434  2.795  4.308  5.708  7.034  8.479  9.943 11.343 12.745 14.157 
 0.009  1.393  2.809  4.265  5.698  7.105  8.492  9.963 11.297 12.674 14.084 
-0.036  1.401  2.816  4.212  5.608  7.106  8.529  9.833 11.308 12.779 14.105 
-0.066  1.480  2.788  4.244  5.676  7.064  8.539  9.894 11.322 12.728 14.182 
-0.019  1.443  2.819  4.215  5.603  7.076  8.532  9.875 11.285 12.704 14.105 
 0.004  1.424  2.816  4.250  5.718  7.077  8.503  9.950 11.308 12.748 14.123 
-0.005  1.458  2.856  4.221  5.648  7.061  8.506  9.902 11.270 12.739 14.120 
 0.001  1.426  2.859  4.273  5.722  7.067  8.469  9.922 11.304 12.726 14.189 
-0.033  1.396  2.833  4.206  5.686  7.074  8.477  9.908 11.328 12.714 14.223 
 0.001  1.326  2.812  4.239  5.666  7.091  8.460  9.960 11.276 12.747 14.133 
 0.035  1.413  2.813  4.240  5.662  7.101  8.496  9.854 11.330 12.756 14.138 
 0.022  1.417  2.789  4.278  5.646  7.045  8.512  9.886 11.350 12.715 14.159 
-0.037  1.436  2.813  4.220  5.671  7.066  8.486  9.865 11.334 12.701 14.090 
 0.018  1.387  2.809  4.180  5.677  7.098  8.456  9.882 11.359 12.729 14.144 
 0.031  1.419  2.837  4.257  5.697  7.092  8.460  9.869 11.246 12.739 14.159 
 0.006  1.483  2.779  4.213  5.658  7.044  8.523  9.912 11.270 12.793 14.172 
-0.005  1.415  2.859  4.253  5.644  7.075  8.416  9.877 11.282 12.689 14.135 
 0.039  1.387  2.841  4.272  5.614  7.108  8.512  9.863 11.306 12.786 14.161 
-0.010  1.407  2.868  4.242  5.615  7.101  8.493  9.887 11.271 12.772 14.107 
 0.031  1.400  2.829  4.305  5.675  7.109  8.473  9.885 11.306 12.802 14.125 
 0.029  1.411  2.821  4.284  5.715  7.049  8.479  9.879 11.305 12.664 14.141 
 0.039  1.421  2.825  4.212  5.623  7.088  8.460  9.898 11.324 12.712 14.162 
 0.023  1.367  2.847  4.234  5.657  7.034  8.539  9.913 11.368 12.749 14.157 
-0.014  1.443  2.815  4.234  5.628  7.088  8.466  9.886 11.281 12.752 14.198 
 0.063  1.421  2.831  4.188  5.667  7.083  8.425  9.920 11.302 12.777 14.162 
-0.029  1.443  2.866  4.250  5.686  7.061  8.478  9.877 11.334 12.756 14.098 
-0.003  1.412  2.863  4.249  5.668  7.071  8.488  9.923 11.320 12.741 14.145 
 0.002  1.374  2.849  4.289  5.627  7.029  8.514  9.969 11.261 12.791 14.132 
-0.062  1.401  2.879  4.212  5.731  7.043  8.511  9.903 11.344 12.671 14.154 
 0.082  1.461  2.808  4.251  5.662  7.136  8.542  9.877 11.396 12.706 14.102 
 0.028  1.406  2.853  4.252  5.614  7.088  8.509  9.951 11.273 12.736 14.174 
 0.047  1.438  2.791  4.225  5.668  7.049  8.433  9.933 11.281 12.737 14.125 
 0.004  1.446  2.841  4.284  5.699  7.059  8.437  9.878 11.327 12.696 14.147 
 0.002  1.415  2.818  4.309  5.679  7.101  8.449  9.929 11.309 12.754 14.196 
 0.042  1.431  2.855  4.251  5.679  7.081  8.492  9.807 11.286 12.762 14.079 
-0.008  1.379  2.842  4.235  5.611  7.049  8.477  9.913 11.330 12.736 14.115 
-0.029  1.411  2.797  4.218  5.656  7.063  8.510  9.861 11.396 12.766 14.137 
-0.007  1.399  2.834  4.291  5.712  7.073  8.507  9.915 11.306 12.730 14.156 
-0.033  1.406  2.845  4.221  5.638  7.093  8.481  9.920 11.339 12.773 14.118 
 0.009  1.402  2.884  4.210  5.674  7.069  8.461  9.953 11.323 12.699 14.123 
-0.022  1.388  2.858  4.285  5.705  7.088  8.535  9.887 11.370 12.726 14.113 
-0.029  1.397  2.809  4.219  5.661  7.117  8.512  9.915 11.301 12.803 14.134 
 0.022  1.455  2.870  4.287  5.656  7.099  8.483  9.867 11.286 12.807 14.169 
-0.016  1.401  2.818  4.267  5.696  7.016  8.480  9.855 11.348 12.688 14.135 
-0.002  1.403  2.832  4.238  5.630  7.074  8.466  9.931 11.356 12.741 14.144 
 0.033  1.401  2.814  4.249  5.627  7.058  8.506  9.849 11.290 12.702 14.135 
 0.028  1.353  2.825  4.287  5.634  7.033  8.485  9.813 11.291 12.714 14.129 
 0.025  1.448  2.865  4.222  5.645  7.116  8.496  9.887 11.259 12.747 14.131 
-0.008  1.420  2.821  4.278  5.685  7.066  8.445  9.897 11.341 12.729 14.084 
 0.010  1.379  2.791  4.265  5.660  7.108  8.456  9.926 11.314 12.745 14.119 
 0.001  1.422  2.858  4.259  5.679  7.064  8.489  9.894 11.316 12.676 14.189 
 0.006  1.412  2.808  4.252  5.695  7.096  8.453  9.907 11.348 12.697 14.202 
-0.027  1.455  2.800  4.254  5.722  7.016  8.501  9.898 11.318 12.743 14.163 
 0.022  1.412  2.837  4.212  5.662  7.082  8.541  9.912 11.349 12.713 14.159 
 0.028  1.401  2.794  4.238  5.625  7.030  8.454  9.919 11.334 12.740 14.129 
 0.011  1.469  2.843  4.293  5.646  7.095  8.478  9.951 11.285 12.733 14.166 
 0.028  1.455  2.763  4.244  5.624  7.055  8.465  9.869 11.281 12.706 14.155 
-0.037  1.435  2.824  4.267  5.665  7.081  8.478  9.909 11.386 12.697 14.126 
 0.011  1.394  2.836  4.197  5.671  7.065  8.475  9.887 11.295 12.740 14.180 
 0.064  1.438  2.797  4.269  5.697  7.063  8.517  9.915 11.300 12.747 14.103 
-0.011  1.402  2.851  4.208  5.640  7.125  8.447  9.926 11.307 12.757 14.173 
 0.009  1.400  2.812  4.238  5.648  7.093  8.483  9.874 11.325 12.774 14.225 
 0.023  1.406  2.833  4.240  5.637  7.124  8.468  9.935 11.294 12.749 14.088 
 0.015  1.457  2.798  4.239  5.641  7.096  8.539  9.910 11.354 12.719 14.136 
 0.034  1.439  2.784  4.272  5.589  7.123  8.454  9.960 11.279 12.700 14.114 
-0.070  1.396  2.798  4.240  5.658  7.085  8.500  9.902 11.281 12.707 14.152 
 0.084  1.450  2.824  4.293  5.671  7.112  8.488  9.890 11.328 12.718 14.107 
-0.012  1.422  2.778  4.266  5.671  7.069  8.502  9.888 11.329 12.767 14.190 
-0.017  1.418  2.855  4.237  5.618  7.038  8.433  9.861 11.304 12.741 14.141 
-0.057  1.447  2.877  4.282  5.694  7.056  8.456  9.897 11.311 12.715 14.163 
 0.062  1.388  2.825  4.187  5.660  7.107  8.504  9.906 11.317 12.739 14.139 
 0.000  1.418  2.824  4.281  5.591  7.065  8.491  9.888 11.270 12.744 14.142 
-0.010  1.450  2.871  4.286  5.639  7.085  8.497  9.857 11.334 12.713 14.122 
-0.012  1.421  2.776  4.227  5.696  7.121  8.513  9.874 11.299 12.694 14.127 
 0.005  1.427  2.795  4.204  5.732  7.075  8.503  9.937 11.281 12.677 14.113 
 0.018  1.409  2.854  4.246  5.717  7.074  8.417  9.874 11.303 12.759 14.139 
 0.017  1.402  2.794  4.233  5.644  7.032  8.498  9.913 11.278 12.648 14.197 
 0.050  1.409  2.884  4.235  5.688  7.042  8.484  9.880 11.300 12.809 14.098 
 0.023  1.422  2.833  4.235  5.685  7.034  8.512  9.870 11.284 12.765 14.147 
 0.016  1.430  2.849  4.247  5.673  7.097  8.519  9.909 11.325 12.760 14.165 
 0.030  1.431  2.804  4.194  5.644  7.111  8.471  9.968 11.312 12.716 14.145 
 0.045  1.456  2.868  4.252  5.675  7.131  8.474  9.901 11.327 12.738 14.110 
 0.020  1.440  2.831  4.291  5.707  7.104  8.489  9.917 11.347 12.738 14.115 
 0.005  1.421  2.825  4.245  5.676  7.067  8.521  9.927 11.335 12.719 14.139 
-0.026  1.430  2.805  4.293  5.684  6.982  8.454  9.921 11.299 12.757 14.103 
-0.008  1.412  2.781  4.261  5.701  7.108  8.469  9.909 11.276 12.725 14.126 
 0.005  1.398  2.845  4.230  5.627  7.135  8.538  9.887 11.289 12.705 14.223 
-0.038  1.410  2.811  4.268  5.663  7.014  8.487  9.964 11.316 12.705 14.126 
 0.045  1.428  2.841  4.320  5.690  7.063  8.477  9.835 11.329 12.715 14.122 
-0.056  1.416  2.854  4.255  5.688  7.093  8.468  9.905 11.308 12.636 14.160 
-0.042  1.352  2.797  4.223  5.721  7.099  8.538  9.917 11.312 12.711 14.122 
 0.008  1.413  2.814  4.215  5.717  7.043  8.510  9.906 11.380 12.730 14.093 
-0.007  1.408  2.876  4.260  5.728  7.058  8.514  9.871 11.355 12.748 14.090 
-0.021  1.449  2.844  4.243  5.665  7.063  8.510  9.924 11.322 12.714 14.178 
 0.063  1.380  2.805  4.282  5.605  7.122  8.510  9.926 11.285 12.722 14.108 
-0.020  1.392  2.878  4.166  5.626  7.128  8.522  9.906 11.323 12.744 14.158 
 0.025  1.409  2.776  4.207  5.638  7.122  8.446  9.882 11.222 12.720 14.104 
-0.045  1.465  2.844  4.235  5.642  6.994  8.473  9.904 11.295 12.753 14.154 
-0.016  1.415  2.738  4.259  5.652  7.047  8.511  9.922 11.327 12.712 14.178 
 0.006  1.417  2.848  4.256  5.684  7.113  8.446  9.850 11.277 12.718 14.153 
 0.017  1.372  2.834  4.246  5.724  7.065  8.461  9.911 11.284 12.759 14.100 
 0.066  1.425  2.837  4.296  5.690  7.119  8.476  9.892 11.291 12.704 14.146 
-0.012  1.426  2.817  4.232  5.635  7.044  8.481  9.892 11.296 12.740 14.198 
-0.021  1.418  2.808  4.222  5.662  7.081  8.469  9.851 11.305 12.701 14.177 
 0.070  1.378  2.791  4.221  5.653  7.127  8.473  9.866 11.245 12.689 14.102 
-0.009  1.415  2.842  4.280  5.628  7.046  8.419  9.842 11.299 12.767 14.061 
 0.006  1.372  2.827  4.261  5.712  7.079  8.471  9.855 11.289 12.733 14.125 
-0.022  1.400  2.816  4.234  5.658  7.065  8.525  9.917 11.357 12.719 14.134 
 0.011  1.479  2.892  4.263  5.593  7.036  8.458  9.894 11.310 12.707 14.225 
 0.049  1.418  2.837  4.286  5.683  7.088  8.481  9.879 11.312 12.682 14.134 
 0.008  1.378  2.850  4.250  5.670  7.078  8.477  9.875 11.355 12.763 14.089 
 0.024  1.400  2.804  4.205  5.654  7.006  8.497  9.925 11.291 12.731 14.141 
-0.004  1.345  2.838  4.277  5.664  7.081  8.468  9.969 11.314 12.737 14.141 
 0.048  1.495  2.790  4.300  5.649  7.046  8.473  9.903 11.283 12.701 14.114 
-0.006  1.476  2.797  4.277  5.692  7.062  8.489  9.944 11.328 12.752 14.137 
-0.027  1.370  2.809  4.295  5.618  7.067  8.530  9.914 11.304 12.710 14.148 
 0.030  1.461  2.847  4.236  5.659  7.124  8.442  9.972 11.296 12.735 14.188 
 0.037  1.416  2.825  4.218  5.681  7.095  8.510  9.847 11.341 12.737 14.187 
-0.017  1.391  2.849  4.250  5.627  7.067  8.501  9.927 11.335 12.754 14.162 
-0.000  1.417  2.807  4.209  5.676  7.021  8.486  9.920 11.293 12.734 14.173 
-0.041  1.422  2.793  4.210  5.658  7.077  8.465  9.894 11.330 12.758 14.188 
 0.004  1.429  2.839  4.252  5.707  6.982  8.462  9.877 11.304 12.756 14.160 
-0.000  1.494  2.823  4.264  5.662  7.102  8.440  9.897 11.349 12.762 14.147 
-0.076  1.409  2.776  4.222  5.657  7.023  8.464  9.889 11.308 12.725 14.151 
-0.049  1.409  2.803  4.235  5.663  7.029  8.444  9.940 11.278 12.710 14.142 
-0.059  1.434  2.877  4.258  5.651  7.090  8.431  9.866 11.308 12.697 14.182 
-0.003  1.461  2.855  4.186  5.642  7.084  8.522  9.812 11.338 12.723 14.178 
-0.061  1.433  2.838  4.214  5.638  7.098  8.454  9.905 11.341 12.749 14.118 
-0.063  1.415  2.825  4.220  5.675  6.995  8.497  9.918 11.355 12.776 14.154 
-0.015  1.378  2.831  4.251  5.675  7.112  8.429  9.912 11.298 12.760 14.128 
 0.013  1.398  2.808  4.288  5.653  7.057  8.446  9.929 11.331 12.739 14.130 
 0.006  1.396  2.855  4.319  5.642  7.093  8.452  9.834 11.295 12.690 14.182 
-0.003  1.442  2.872  4.282  5.685  7.017  8.431  9.901 11.307 12.645 14.110 
 0.017  1.485  2.833  4.209  5.656  7.057  8.478  9.962 11.317 12.725 14.130 
-0.030  1.399  2.813  4.235  5.673  7.069  8.453  9.923 11.352 12.683 14.202 
 0.022  1.370  2.858  4.230  5.689  7.105  8.462  9.935 11.289 12.725 14.118 
 0.048  1.428  2.859  4.270  5.688  7.070  8.530  9.896 11.307 12.726 14.120 
 0.002  1.395  2.835  4.267  5.652  7.055  8.535  9.856 11.317 12.712 14.152 
 0.007  1.357  2.927  4.212  5.647  7.055  8.499  9.925 11.368 12.693 14.120 
 0.031  1.379  2.768  4.251  5.642  7.046  8.480  9.868 11.321 12.766 14.116 
-0.033  1.422  2.800  4.259  5.688  7.115  8.483  9.931 11.334 12.731 14.108 
-0.038  1.434  2.766  4.264  5.601  7.085  8.517  9.863 11.281 12.778 14.154 
-0.037  1.419  2.812  4.249  5.627  7.066  8.487  9.892 11.301 12.724 14.131 
 0.032  1.439  2.791  4.230  5.617  7.069  8.461  9.857 11.293 12.718 14.133 
 0.027  1.396  2.801  4.225  5.670  7.114  8.480  9.882 11.326 12.700 14.197 
 0.036  1.387  2.818  4.195  5.625  7.096  8.502  9.847 11.326 12.770 14.148 
 0.075  1.427  2.819  4.252  5.665  7.097  8.472  9.909 11.310 12.712 14.121 
 0.054  1.422  2.849  4.146  5.714  7.081  8.507  9.949 11.275 12.734 14.147 
-0.047  1.439  2.845  4.250  5.618  7.038  8.480  9.898 11.314 12.717 14.149 
 0.014  1.400  2.801  4.234  5.683  7.108  8.518  9.935 11.353 12.789 14.122 
 0.030  1.379  2.839  4.211  5.623  7.095  8.451  9.879 11.304 12.725 14.153 
 0.015  1.405  2.833  4.274  5.654  7.048  8.443  9.812 11.289 12.739 14.052 
-0.018  1.434  2.885  4.278  5.698  7.114  8.449  9.854 11.342 12.734 14.129 
 0.027  1.345  2.779  4.269  5.691  7.079  8.489  9.923 11.317 12.744 14.108 
-0.063  1.383  2.763  4.216  5.632  7.048  8.509  9.847 11.290 12.699 14.150 
-0.015  1.428  2.848  4.214  5.662  7.064  8.494  9.911 11.332 12.749 14.177 
-0.043  1.378  2.813  4.296  5.622  7.045  8.366  9.957 11.344 12.675 14.142 
 0.029  1.469  2.810  4.223  5.653  7.076  8.437  9.968 11.308 12.785 14.136 
 0.003  1.404  2.885  4.234  5.689  7.094  8.534  9.912 11.343 12.716 14.248 
 0.037  1.432  2.807  4.232  5.635  7.040  8.534  9.970 11.339 12.716 14.060 
 0.060  1.470  2.852  4.223  5.619  7.051  8.508  9.913 11.338 12.767 14.113 
 0.028  1.372  2.868  4.262  5.623  7.028  8.490  9.925 11.329 12.702 14.147 
 0.003  1.416  2.860  4.282  5.702  7.078  8.499  9.938 11.326 12.740 14.073 
-0.027  1.454  2.877  4.192  5.725  7.077  8.526  9.940 11.349 12.708 14.163 
 0.014  1.427  2.820  4.215  5.660  7.058  8.527  9.910 11.299 12.737 14.160 
-0.008  1.433  2.861  4.188  5.662  7.035  8.535  9.929 11.344 12.724 14.153 
 0.009  1.410  2.814  4.198  5.619  7.042  8.459  9.915 11.308 12.703 14.134 
 0.002  1.410  2.812  4.204  5.651  7.053  8.541  9.878 11.295 12.732 14.105 
 0.063  1.402  2.864  4.282  5.665  7.029  8.477  9.949 11.288 12.680 14.190 
-0.005  1.452  2.808  4.230  5.654  7.074  8.441  9.838 11.302 12.715 14.120 
-0.028  1.420  2.865  4.181  5.657  7.089  8.463  9.874 11.274 12.719 14.142 
 0.039  1.395  2.775  4.203  5.658  7.037  8.481  9.881 11.282 12.704 14.124 
-0.006  1.415  2.867  4.253  5.697  7.125  8.472  9.883 11.340 12.722 14.180 
 0.021  1.438  2.821  4.248  5.641  7.042  8.496  9.839 11.314 12.725 14.107 
 0.002  1.443  2.804  4.253  5.647  7.080  8.511  9.935 11.329 12.759 14.188 
 0.022  1.419  2.845  4.242  5.612  7.069  8.471  9.935 11.227 12.679 14.149 
 0.005  1.416  2.837  4.274  5.670  7.034  8.499  9.951 11.301 12.694 14.135 
 0.004  1.456  2.891  4.181  5.675  7.043  8.472  9.906 11.267 12.725 14.144 
 0.048  1.430  2.810  4.219  5.629  7.005  8.455  9.914 11.311 12.700 14.182 
 0.033  1.389  2.822  4.265  5.627  7.091  8.486  9.933 11.307 12.726 14.094 
 0.056  1.459  2.867  4.239  5.602  7.134  8.474  9.929 11.381 12.756 14.134 
-0.047  1.430  2.829  4.211  5.638  7.070  8.505  9.889 11.298 12.741 14.197 
-0.052  1.483  2.891  4.247  5.690  7.096  8.542  9.891 11.300 12.803 14.157 
-0.024  1.400  2.850  4.256  5.627  7.096  8.479  9.883 11.297 12.672 14.173 
-0.010  1.435  2.797  4.233  5.647  7.064  8.504  9.860 11.276 12.764 14.138 
 0.025  1.432  2.766  4.253  5.663  7.045  8.496  9.880 11.341 12.752 14.127 
-0.074  1.412  2.811  4.243  5.671  7.049  8.511  9.917 11.358 12.731 14.149 
-0.020  1.435  2.827  4.185  5.613  7.102  8.522  9.850 11.313 12.703 14.078 
-0.028  1.398  2.826  4.192  5.674  7.042  8.473  9.945 11.295 12.718 14.223 
-0.016  1.399  2.815  4.217  5.620  7.112  8.513  9.930 11.292 12.770 14.147 
 0.002  1.443  2.805  4.258  5.706  7.017  8.491  9.910 11.312 12.682 14.125 
 0.034  1.450  2.789  4.224  5.630  7.058  8.498  9.892 11.251 12.731 14.103 
 0.010  1.354  2.807  4.269  5.594  7.096  8.462  9.896 11.313 12.685 14.132 
 0.041  1.385  2.822  4.214  5.662  7.067  8.466  9.931 11.320 12.716 14.145 
 0.072  1.439  2.804  4.261  5.638  7.060  8.509  9.889 11.291 12.732 14.136 
 0.017  1.437  2.882  4.184  5.654  7.072  8.425  9.873 11.304 12.733 14.123 
 0.026  1.358  2.832  4.266  5.676  7.057  8.444  9.896 11.346 12.764 14.160 
 0.006  1.387  2.824  4.265  5.670  7.050  8.475  9.923 11.307 12.673 14.214 
-0.005  1.391  2.801  4.193  5.665  7.111  8.476  9.921 11.326 12.778 14.126 
 0.001  1.443  2.823  4.213  5.687  7.060  8.474  9.882 11.344 12.716 14.161 
-0.018  1.418  2.853  4.217  5.655  7.091  8.507  9.908 11.326 12.685 14.152 
 0.001  1.428  2.776  4.243  5.658  7.049  8.457  9.977 11.347 12.739 14.143 
 0.007  1.397  2.779  4.230  5.663  7.012  8.440  9.916 11.349 12.730 14.126 
-0.033  1.409  2.840  4.230  5.712  7.061  8.506  9.876 11.313 12.688 14.139 
 0.006  1.430  2.853  4.245  5.687  7.118  8.377  9.877 11.369 12.651 14.153 
 0.010  1.400  2.793  4.274  5.679  7.056  8.476  9.876 11.283 12.678 14.170 
-0.026  1.391  2.812  4.296  5.596  7.072  8.460  9.895 11.335 12.754 14.125 
 0.007  1.435  2.849  4.256  5.655  7.142  8.461  9.815 11.283 12.729 14.110 
 0.016  1.429  2.894  4.250  5.659  7.142  8.487  9.910 11.300 12.736 14.157 
-0.021  1.366  2.840  4.178  5.655  7.041  8.508  9.849 11.284 12.715 14.202 
-0.003  1.382  2.825  4.208  5.666  7.040  8.482  9.894 11.341 12.690 14.141 
-0.005  1.351  2.847  4.258  5.633  7.075  8.503  9.860 11.322 12.742 14.169 
 0.015  1.415  2.783  4.245  5.680  7.045  8.461  9.874 11.305 12.726 14.142 
 0.040  1.436  2.858  4.282  5.633  7.104  8.456  9.879 11.285 12.743 14.100 
-0.010  1.406  2.864  4.252  5.693  7.046  8.503  9.922 11.317 12.755 14.090 
-0.006  1.396  2.878  4.282  5.663  7.052  8.497  9.912 11.284 12.738 14.128 
 0.031  1.430  2.767  4.267  5.643  7.103  8.514  9.882 11.285 12.669 14.113 
-0.042  1.388  2.859  4.233  5.620  7.089  8.507  9.880 11.363 12.699 14.112 
 0.006  1.374  2.840  4.320  5.705  7.110  8.500  9.890 11.336 12.749 14.124 
-0.004  1.463  2.843  4.256  5.612  7.035  8.481  9.880 11.291 12.731 14.141 
 0.033  1.410  2.850  4.229  5.670  7.070  8.440  9.911 11.377 12.782 14.125 
 0.034  1.405  2.806  4.285  5.669  7.068  8.463  9.904 11.343 12.688 14.145 
 0.013  1.400  2.844  4.236  5.595  7.120  8.431  9.882 11.353 12.684 14.166 
 0.004  1.467  2.820  4.266  5.684  7.058  8.506  9.884 11.355 12.739 14.133 
-0.004  1.425  2.848  4.241  5.659  7.108  8.475  9.900 11.334 12.704 14.182 
-0.009  1.391  2.884  4.282  5.669  7.093  8.484  9.904 11.387 12.742 14.125 
-0.018  1.445  2.826  4.266  5.686  7.096  8.466  9.910 11.273 12.727 14.163 
-0.002  1.429  2.843  4.281  5.671  7.083  8.549  9.859 11.295 12.709 14.127 
 0.003  1.430  2.817  4.247  5.672  7.077  8.475  9.886 11.303 12.735 14.151 
 0.018  1.380  2.855  4.224  5.643  7.021  8.491  9.910 11.315 12.726 14.149 
-0.050  1.350  2.825  4.247  5.677  7.052  8.495  9.873 11.321 12.737 14.149 
-0.016  1.436  2.850  4.176  5.693  7.073  8.456  9.908 11.289 12.760 14.177 
 0.010  1.474  2.820  4.186  5.678  7.112  8.491  9.860 11.347 12.677 14.084 
 0.018  1.401  2.833  4.294  5.677  7.045  8.485  9.902 11.335 12.692 14.157 
-0.018  1.374  2.859  4.255  5.689  7.106  8.463  9.899 11.346 12.733 14.159 
-0.003  1.389  2.924  4.326  5.745  7.159  8.488  9.862 11.354 12.744 14.134 
-0.024  1.402  2.794  4.210  5.649  7.019  8.446  9.899 11.370 12.769 14.162 
 0.018  1.444  2.828  4.213  5.606  7.099  8.532  9.927 11.331 12.725 14.158 
 0.030  1.403  2.802  4.273  5.646  7.049  8.512  9.859 11.322 12.774 14.155 
 0.038  1.373  2.793  4.208  5.648  7.111  8.490  9.885 11.303 12.729 14.152 
 0.000  1.509  2.834  4.261  5.649  7.103  8.455  9.943 11.323 12.742 14.143 
 0.019  1.467  2.779  4.246  5.678  7.080  8.515  9.908 11.264 12.818 14.192 
-0.022  1.421  2.799  4.248  5.644  7.094  8.526  9.900 11.296 12.664 14.197 
-0.006  1.392  2.816  4.280  5.683  7.125  8.490  9.919 11.317 12.742 14.102 
 0.015  1.472  2.825  4.261  5.679  7.062  8.491  9.914 11.283 12.776 14.146 
 0.019  1.433  2.762  4.201  5.681  7.128  8.451  9.920 11.376 12.726 14.161 
 0.002  1.365  2.857  4.242  5.686  7.093  8.534  9.864 11.329 12.759 14.159 
-0.012  1.401  2.859  4.224  5.664  7.092  8.508  9.868 11.336 12.716 14.176 
 0.024  1.383  2.823  4.185  5.621  7.070  8.452  9.894 11.364 12.745 14.121 
-0.006  1.382  2.829  4.264  5.596  7.033  8.447  9.887 11.301 12.759 14.111 
 0.038  1.437  2.809  4.243  5.648  7.084  8.491  9.896 11.287 12.786 14.135 
 0.039  1.405  2.873  4.293  5.699  7.078  8.474  9.881 11.296 12.760 14.203 
 0.018  1.378  2.818  4.257  5.593  6.999  8.474  9.867 11.289 12.716 14.161 
 0.012  1.472  2.797  4.243  5.631  7.059  8.556  9.853 11.314 12.656 14.111 
-0.023  1.400  2.857  4.307  5.716  7.060  8.479  9.918 11.293 12.804 14.104 
-0.022  1.421  2.808  4.187  5.657  7.053  8.514  9.901 11.329 12.763 14.174 
 0.037  1.428  2.793  4.279  5.673  7.115  8.457  9.895 11.301 12.703 14.198 
 0.000  1.396  2.831  4.275  5.645  7.036  8.503  9.862 11.243 12.778 14.133 
-0.004  1.409  2.779  4.212  5.634  7.102  8.495  9.894 11.298 12.729 14.117 
-0.007  1.428  2.769  4.245  5.636  7.056  8.416  9.943 11.372 12.710 14.040 
 0.059  1.440  2.804  4.208  5.659  7.047  8.506  9.925 11.269 12.686 14.098 
 0.020  1.361  2.839  4.226  5.625  7.070  8.530  9.999 11.249 12.721 14.096 
-0.046  1.412  2.851  4.213  5.606  7.036  8.499  9.876 11.281 12.788 14.149 
-0.039  1.392  2.823  4.248  5.662  7.056  8.518  9.874 11.306 12.795 14.171 
-0.066  1.379  2.861  4.232  5.662  7.097  8.490  9.912 11.346 12.772 14.159 
-0.045  1.382  2.811  4.254  5.670  7.030  8.563  9.917 11.326 12.735 14.147 
-0.030  1.389  2.859  4.250  5.676  7.053  8.498  9.954 11.302 12.702 14.093 
-0.018  1.406  2.859  4.230  5.609  7.042  8.498  9.896 11.329 12.700 14.183 
 0.012  1.442  2.824  4.197  5.672  7.106  8.573  9.907 11.281 12.791 14.121 
-0.014  1.414  2.808  4.216  5.676  7.111  8.481  9.894 11.315 12.692 14.132 
 0.024  1.452  2.897  4.279  5.619  7.110  8.456  9.865 11.305 12.767 14.203 
 0.016  1.398  2.846  4.228  5.639  7.043  8.495  9.892 11.260 12.754 14.176 
-0.027  1.410  2.811  4.285  5.602  7.125  8.509  9.875 11.348 12.729 14.146 
 0.002  1.447  2.850  4.188  5.631  7.044  8.530  9.905 11.304 12.715 14.144 
-0.017  1.469  2.818  4.241  5.628  7.110  8.530  9.913 11.288 12.754 14.149 
 0.005  1.351  2.881  4.240  5.604  7.093  8.520  9.892 11.344 12.778 14.135 
-0.005  1.461  2.795  4.248  5.681  7.121  8.472  9.925 11.335 12.727 14.103 
 0.051  1.397  2.835  4.193  5.711  7.086  8.502  9.880 11.331 12.734 14.139 
 0.002  1.376  2.840  4.262  5.677  7.096  8.466  9.943 11.334 12.713 14.165 
 0.008  1.427  2.786  4.199  5.676  7.027  8.482  9.952 11.329 12.706 14.175 
 0.036  1.425  2.760  4.235  5.675  7.035  8.420  9.874 11.307 12.734 14.170 
 0.037  1.435  2.842  4.269  5.644  7.118  8.431  9.941 11.365 12.684 14.186 
 0.054  1.396  2.802  4.240  5.593  7.047  8.454  9.941 11.341 12.737 14.159 
-0.069  1.410  2.804  4.198  5.673  7.044  8.500  9.875 11.326 12.754 14.160 
-0.016  1.453  2.869  4.253  5.651  7.010  8.464  9.932 11.304 12.671 14.139 
 0.001  1.507  2.818  4.305  5.698  7.169  8.475  9.891 11.347 12.677 14.141 
-0.036  1.405  2.865  4.294  5.679  7.077  8.492  9.911 11.392 12.783 14.122 
 0.017  1.403  2.887  4.208  5.699  7.103  8.489  9.933 11.320 12.739 14.132 
-0.008  1.453  2.790  4.263  5.673  7.093  8.475  9.921 11.282 12.712 14.176 
 0.014  1.384  2.863  4.241  5.714  7.072  8.441  9.888 11.257 12.673 14.085 
 0.012  1.456  2.888  4.224  5.669  7.073  8.486  9.904 11.318 12.705 14.162 
 0.012  1.383  2.815  4.203  5.614  7.052  8.489  9.912 11.311 12.683 14.140 
 0.017  1.436  2.746  4.228  5.641  7.044  8.473  9.906 11.324 12.750 14.143 
-0.015  1.376  2.776  4.232  5.650  7.099  8.492  9.896 11.296 12.780 14.140 
-0.043  1.443  2.848  4.218  5.634  7.085  8.448  9.858 11.305 12.741 14.127 
-0.018  1.422  2.761  4.208  5.660  7.028  8.475  9.899 11.401 12.722 14.160 
 0.006  1.386  2.766  4.268  5.697  7.054  8.465  9.920 11.295 12.749 14.155 
 0.012  1.391  2.866  4.251  5.638  7.037  8.517  9.883 11.349 12.735 14.084 
-0.027  1.400  2.800  4.180  5.677  7.073  8.464  9.893 11.262 12.699 14.199 
-0.038  1.401  2.830  4.209  5.684  7.092  8.484  9.905 11.320 12.809 14.126 
 0.030  1.390  2.808  4.266  5.695  7.046  8.523  9.891 11.327 12.686 14.120 
 0.031  1.385  2.795  4.220  5.720  7.107  8.430  9.939 11.300 12.714 14.178 
-0.003  1.427  2.814  4.211  5.621  7.026  8.514  9.898 11.305 12.716 14.164 
-0.005  1.391  2.835  4.244  5.666  7.019  8.498  9.944 11.303 12.783 14.106 
 0.028  1.474  2.819  4.237  5.612  7.096  8.523  9.902 11.368 12.723 14.168 
 0.052  1.425  2.843  4.201  5.672  7.100  8.510  9.934 11.292 12.773 14.180 
 0.041  1.403  2.860  4.244  5.696  7.080  8.518  9.889 11.299 12.769 14.155 
-0.044  1.370  2.764  4.280  5.661  7.084  8.541  9.890 11.253 12.715 14.097 
 0.024  1.413  2.826  4.276  5.666  7.079  8.451  9.893 11.309 12.720 14.130 
-0.028  1.391  2.852  4.231  5.694  7.043  8.490  9.828 11.319 12.743 14.102 
 0.042  1.420  2.799  4.237  5.640  7.026  8.498  9.954 11.285 12.688 14.167 
 0.001  1.375  2.853  4.305  5.637  7.065  8.464  9.888 11.334 12.716 14.136 
 0.058  1.406  2.808  4.246  5.672  7.046  8.448  9.890 11.316 12.800 14.127 
-0.019  1.396  2.810  4.261  5.665  7.121  8.485  9.942 11.289 12.738 14.100 
 0.021  1.404  2.818  4.216  5.661  7.048  8.471  9.929 11.334 12.762 14.141 
-0.018  1.419  2.837  4.301  5.652  7.043  8.471  9.920 11.327 12.691 14.168 
-0.020  1.404  2.805  4.295  5.646  7.063  8.475  9.906 11.303 12.732 14.171 
 0.037  1.426  2.814  4.235  5.614  7.080  8.438  9.898 11.307 12.698 14.179 
-0.088  1.474  2.815  4.194  5.688  7.048  8.516  9.892 11.293 12.750 14.181 
 0.024  1.411  2.883  4.316  5.669  7.053  8.418  9.924 11.284 12.746 14.071 
-0.041  1.416  2.818  4.305  5.628  7.067  8.516  9.891 11.333 12.738 14.166 
-0.023  1.455  2.787  4.297  5.677  7.127  8.486  9.880 11.316 12.660 14.151 
 0.018  1.461  2.831  4.225  5.656  7.115  8.451  9.930 11.322 12.706 14.121 
-0.043  1.366  2.842  4.219  5.600  7.062  8.423  9.861 11.340 12.783 14.137 
-0.014  1.415  2.807  4.230  5.659  7.084  8.469  9.915 11.337 12.727 14.151 
 0.007  1.396  2.838  4.230  5.610  7.085  8.466  9.958 11.343 12.720 14.169 
 0.024  1.425  2.857  4.245  5.670  7.034  8.501  9.910 11.308 12.727 14.188 
-0.004  1.429  2.811  4.251  5.661  7.114  8.528  9.987 11.370 12.728 14.082 
 0.045  1.335  2.784  4.233  5.661  7.112  8.483  9.955 11.287 12.688 14.142 
 0.004  1.409  2.795  4.230  5.726  7.002  8.511  9.880 11.326 12.708 14.136 
-0.010  1.427  2.844  4.232  5.638  7.049  8.471  9.899 11.335 12.705 14.146 
 0.011  1.377  2.860  4.235  5.651  7.105  8.481  9.902 11.293 12.747 14.164 
 0.006  1.380  2.838  4.215  5.651  7.068  8.468  9.919 11.300 12.672 14.152 
-0.061  1.399  2.871  4.275  5.628  7.022  8.443  9.953 11.308 12.745 14.133 
 0.034  1.451  2.790  4.205  5.670  7.106  8.464  9.906 11.348 12.705 14.184 
 0.043  1.410  2.815  4.223  5.624  7.153  8.447  9.901 11.396 12.732 14.115 
 0.075  1.439  2.861  4.215  5.637  7.058  8.414  9.927 11.306 12.726 14.124 
 0.023  1.375  2.846  4.281  5.626  7.023  8.524  9.957 11.333 12.750 14.084 
 0.031  1.363  2.795  4.200  5.658  7.089  8.455  9.935 11.336 12.787 14.150 
-0.008  1.426  2.838  4.221  5.629  7.012  8.447  9.872 11.293 12.730 14.116 
-0.030  1.410  2.822  4.214  5.597  7.059  8.491  9.878 11.368 12.749 14.098 
 0.030  1.353  2.870  4.261  5.722  7.036  8.476  9.914 11.307 12.765 14.126 
-0.035  1.455  2.839  4.269  5.614  7.113  8.545  9.927 11.324 12.764 14.159 
 0.019  1.420  2.889  4.307  5.658  7.031  8.481  9.886 11.340 12.762 14.227 
 0.022  1.421  2.834  4.287  5.634  6.976  8.500  9.847 11.329 12.743 14.189 
 0.037  1.406  2.835  4.206  5.660  7.045  8.504  9.923 11.335 12.741 14.183 
 0.009  1.434  2.798  4.241  5.659  7.034  8.463  9.860 11.294 12.734 14.107 
-0.001  1.424  2.862  4.262  5.666  7.106  8.473  9.898 11.294 12.704 14.171 
 0.043  1.364  2.882  4.302  5.638  7.066  8.484  9.933 11.329 12.715 14.140 
 0.025  1.430  2.800  4.235  5.663  7.050  8.488  9.871 11.311 12.781 14.088 
-0.003  1.442  2.801  4.193  5.662  7.054  8.471  9.901 11.316 12.740 14.147 
 0.044  1.356  2.816  4.211  5.629  7.043  8.493  9.914 11.278 12.769 14.172 
-0.019  1.450  2.812  4.232  5.671  7.073  8.489  9.892 11.318 12.757 14.146 
-0.046  1.410  2.825  4.245  5.656  7.074  8.487  9.879 11.300 12.692 14.137 
-0.014  1.418  2.784  4.276  5.672  7.095  8.490  9.907 11.353 12.724 14.153 
-0.055  1.431  2.873  4.273  5.625  7.130  8.490  9.902 11.334 12.756 14.130 
-0.006  1.335  2.799  4.221  5.664  7.021  8.539  9.944 11.334 12.698 14.173 
 0.011  1.380  2.830  4.177  5.631  7.041  8.522  9.866 11.255 12.728 14.106 
 0.013  1.386  2.823  4.289  5.633  7.112  8.504  9.900 11.351 12.713 14.089 
-0.006  1.445  2.858  4.268  5.634  7.100  8.492  9.947 11.316 12.717 14.106 
 0.031  1.395  2.824  4.232  5.573  7.006  8.488  9.909 11.361 12.717 14.085 
 0.055  1.378  2.833  4.275  5.707  7.117  8.404  9.903 11.278 12.716 14.087 
-0.007  1.381  2.859  4.190  5.656  7.048  8.519  9.895 11.266 12.675 14.120 
 0.033  1.399  2.853  4.160  5.658  7.117  8.536  9.826 11.315 12.700 14.138 
 0.020  1.393  2.849  4.240  5.618  7.059  8.455  9.832 11.280 12.708 14.084 
-0.013  1.392  2.801  4.213  5.717  7.082  8.503  9.940 11.278 12.757 14.111 
-0.026  1.365  2.869  4.233  5.642  7.072  8.470  9.933 11.329 12.744 14.183 
 0.026  1.414  2.858  4.251  5.659  7.086  8.452  9.846 11.380 12.731 14.081 
 0.009  1.418  2.789  4.238  5.647  7.065  8.488  9.909 11.320 12.752 14.129 
-0.046  1.361  2.768  4.240  5.619  7.034  8.478  9.919 11.241 12.759 14.136 
-0.041  1.359  2.797  4.273  5.716  7.007  8.527  9.861 11.337 12.716 14.175 
 0.020  1.430  2.861  4.275  5.650  7.048  8.499  9.869 11.282 12.695 14.152 
-0.047  1.369  2.814  4.188  5.686  7.046  8.424  9.903 11.308 12.814 14.123 
 0.028  1.354  2.870  4.217  5.596  7.037  8.509  9.954 11.308 12.710 14.151 
 0.007  1.437  2.830  4.123  5.675  7.095  8.413  9.935 11.322 12.739 14.165 
-0.030  1.397  2.846  4.258  5.670  7.064  8.507  9.909 11.307 12.693 14.112 
 0.048  1.401  2.817  4.170  5.697  7.016  8.494  9.892 11.282 12.751 14.128 
-0.065  1.394  2.814  4.198  5.639  7.064  8.463  9.948 11.335 12.755 14.062 
-0.015  1.426  2.887  4.191  5.614  7.013  8.456  9.913 11.360 12.691 14.143 
-0.008  1.403  2.795  4.257  5.679  7.097  8.513  9.881 11.404 12.786 14.056 
-0.009  1.416  2.813  4.207  5.686  7.024  8.446  9.881 11.352 12.702 14.117 
 0.041  1.361  2.869  4.209  5.674  7.128  8.460  9.897 11.328 12.671 14.136 
-0.035  1.382  2.850  4.201  5.685  7.068  8.473  9.895 11.281 12.710 14.140 
-0.031  1.433  2.818  4.293  5.624  7.057  8.480  9.904 11.375 12.781 14.164 
 0.017  1.435  2.907  4.218  5.637  7.070  8.449  9.930 11.271 12.735 14.093 
 0.025  1.470  2.859  4.236  5.680  7.118  8.476  9.880 11.324 12.751 14.178 
-0.019  1.395  2.879  4.223  5.719  7.043  8.479  9.872 11.301 12.703 14.139 
 0.017  1.415  2.753  4.256  5.662  7.073  8.499  9.937 11.338 12.718 14.159 
 0.060  1.418  2.804  4.229  5.634  7.093  8.434  9.877 11.308 12.707 14.102 
 0.036  1.456  2.834  4.243  5.657  7.049  8.494  9.893 11.286 12.736 14.204 
 0.010  1.410  2.858  4.253  5.656  7.027  8.432  9.928 11.281 12.754 14.147 
 0.014  1.432  2.793  4.260  5.636  7.082  8.475  9.922 11.325 12.722 14.133 
 0.072  1.426  2.824  4.215  5.638  7.091  8.495  9.919 11.312 12.783 14.121 
-0.020  1.406  2.808  4.213  5.716  7.062  8.523  9.825 11.355 12.720 14.150 
-0.063  1.429  2.807  4.281  5.656  7.045  8.470  9.912 11.278 12.740 14.162 
-0.013  1.408  2.854  4.250  5.606  7.087  8.454  9.866 11.347 12.726 14.146 
 0.037  1.416  2.824  4.266  5.643  7.048  8.457  9.923 11.334 12.720 14.144 
-0.016  1.447  2.825  4.258  5.686  7.070  8.425  9.925 11.358 12.706 14.151 
-0.001  1.420  2.807  4.318  5.621  7.054  8.497  9.926 11.301 12.698 14.142 
 0.010  1.414  2.807  4.258  5.682  7.053  8.493  9.867 11.292 12.715 14.131 
 0.050  1.431  2.763  4.209  5.580  6.999  8.475  9.976 11.284 12.767 14.168 
 0.023  1.447  2.837  4.259  5.614  7.094  8.492  9.891 11.293 12.763 14.120 
-0.035  1.443  2.771  4.245  5.656  7.009  8.538  9.908 11.322 12.780 14.142 
-0.035  1.428  2.806  4.228  5.660  7.038  8.464  9.882 11.313 12.729 14.147 
-0.003  1.412  2.817  4.262  5.613  7.061  8.493  9.913 11.298 12.710 14.135 
-0.012  1.415  2.878  4.278  5.632  7.096  8.455  9.866 11.292 12.688 14.147 
 0.005  1.397  2.875  4.246  5.699  7.024  8.475  9.919 11.313 12.729 14.129 
 0.007  1.450  2.822  4.259  5.629  7.074  8.471  9.893 11.319 12.719 14.154 
 0.015  1.388  2.802  4.167  5.697  7.057  8.479  9.910 11.409 12.692 14.139 
-0.019  1.377  2.838  4.302  5.715  7.091  8.467  9.907 11.289 12.734 14.121 
 0.051  1.413  2.804  4.250  5.621  7.060  8.488  9.944 11.319 12.618 14.126 
-0.032  1.441  2.830  4.250  5.658  7.038  8.510  9.891 11.289 12.765 14.143 
 0.022  1.423  2.765  4.259  5.652  7.059  8.563  9.853 11.324 12.726 14.162 
 0.034  1.341  2.870  4.224  5.628  7.039  8.492  9.883 11.335 12.720 14.130 
-0.020  1.445  2.814  4.274  5.627  7.012  8.495  9.875 11.300 12.738 14.137 
-0.003  1.383  2.801  4.225  5.685  7.125  8.515  9.867 11.323 12.752 14.147 
 0.028  1.454  2.859  4.252  5.676  7.001  8.482  9.944 11.290 12.697 14.129 
 0.007  1.396  2.788  4.239  5.689  7.066  8.515  9.914 11.308 12.741 14.182 
 0.002  1.451  2.847  4.233  5.621  6.994  8.486  9.932 11.404 12.728 14.128 
-0.005  1.427  2.799  4.283  5.690  7.049  8.486  9.904 11.330 12.760 14.128 
 0.026  1.348  2.772  4.197  5.654  7.085  8.460  9.882 11.341 12.711 14.146 
-0.020  1.389  2.851  4.204  5.634  7.018  8.460  9.881 11.314 12.744 14.190 
 0.017  1.428  2.837  4.188  5.580  7.101  8.503  9.912 11.270 12.734 14.153 
 0.016  1.457  2.852  4.262  5.672  7.073  8.505  9.860 11.334 12.724 14.090 
 0.049  1.398  2.903  4.183  5.626  7.083  8.500  9.869 11.335 12.726 14.200 
 0.020  1.469  2.860  4.277  5.653  7.088  8.473  9.927 11.279 12.733 14.147 
-0.022  1.413  2.865  4.239  5.646  7.013  8.438  9.898 11.299 12.749 14.163 
 0.056  1.455  2.856  4.284  5.674  7.052  8.513  9.896 11.328 12.729 14.176 
-0.054  1.465  2.841  4.287  5.664  7.098  8.514  9.876 11.351 12.706 14.132 
 0.013  1.443  2.801  4.298  5.627  7.078  8.484  9.833 11.275 12.733 14.163 
 0.003  1.441  2.871  4.235  5.611  7.030  8.492  9.913 11.311 12.712 14.143 
-0.034  1.376  2.825  4.295  5.623  7.038  8.453  9.934 11.293 12.760 14.121 
-0.003  1.429  2.893  4.308  5.664  7.087  8.466  9.897 11.343 12.709 14.157 
 0.036  1.368  2.762  4.261  5.629  7.062  8.446  9.902 11.341 12.697 14.146 
 0.005  1.417  2.848  4.170  5.667  7.064  8.437  9.914 11.312 12.750 14.192 
 0.025  1.432  2.853  4.204  5.684  7.080  8.518  9.896 11.333 12.766 14.160 
 0.043  1.417  2.833  4.280  5.629  7.062  8.485  9.850 11.322 12.753 14.147 
-0.015  1.428  2.844  4.293  5.616  7.053  8.478  9.884 11.286 12.706 14.139 
-0.019  1.463  2.848  4.225  5.655  7.024  8.495  9.908 11.326 12.740 14.172 
-0.019  1.377  2.861  4.245  5.701  7.070  8.473  9.876 11.358 12.703 14.124 
-0.015  1.459  2.848  4.216  5.693  7.066  8.455  9.912 11.356 12.704 14.087 
-0.020  1.423  2.829  4.232  5.678  7.043  8.496  9.935 11.295 12.780 14.102 
 0.036  1.425  2.844  4.213  5.700  7.072  8.465  9.881 11.290 12.699 14.174 
 0.007  1.386  2.857  4.226  5.637  7.062  8.510  9.923 11.355 12.703 14.164 
 0.006  1.436  2.805  4.258  5.636  7.084  8.433  9.922 11.321 12.745 14.133 
 0.008  1.406  2.814  4.256  5.648  7.092  8.529  9.912 11.237 12.669 14.192 
-0.003  1.394  2.821  4.313  5.669  7.134  8.457  9.866 11.304 12.709 14.103 
-0.027  1.464  2.769  4.268  5.639  7.059  8.467  9.928 11.312 12.784 14.114 
 0.083  1.373  2.857  4.281  5.674  7.059  8.452  9.897 11.290 12.775 14.190 
 0.012  1.433  2.792  4.227  5.686  7.117  8.485  9.910 11.367 12.683 14.121 
 0.093  1.466  2.868  4.243  5.647  7.059  8.501  9.873 11.270 12.792 14.158 
-0.065  1.432  2.834  4.234  5.634  7.044  8.522  9.839 11.295 12.693 14.132 
-0.029  1.434  2.807  4.209  5.674  7.037  8.446  9.930 11.304 12.709 14.110 
-0.008  1.423  2.844  4.211  5.642  7.097  8.524  9.912 11.267 12.714 14.160 
 0.044  1.415  2.810  4.256  5.644  7.113  8.481  9.916 11.321 12.694 14.128 
 0.045  1.447  2.844  4.231  5.628  7.081  8.475  9.912 11.308 12.773 14.164 
-0.002  1.341  2.802  4.250  5.623  7.040  8.452  9.888 11.306 12.792 14.120 
-0.043  1.392  2.838  4.234  5.587  7.089  8.483  9.940 11.299 12.629 14.190 
 0.035  1.440  2.787  4.245  5.732  7.051  8.484  9.897 11.298 12.754 14.111 
-0.044  1.419  2.825  4.240  5.636  7.095  8.491  9.885 11.311 12.740 14.207 
 0.004  1.426  2.755  4.241  5.657  7.058  8.518  9.908 11.283 12.698 14.165 
-0.016  1.392  2.855  4.259  5.650  7.115  8.457  9.877 11.321 12.719 14.158 
 0.011  1.403  2.760  4.288  5.701  7.102  8.477  9.917 11.315 12.682 14.118 
-0.042  1.420  2.795  4.256  5.625  7.091  8.496  9.877 11.326 12.692 14.133 
 0.027  1.412  2.858  4.284  5.609  7.110  8.516  9.946 11.313 12.753 14.145 
 0.054  1.385  2.830  4.255  5.716  7.043  8.522  9.884 11.267 12.744 14.158 
-0.051  1.423  2.880  4.272  5.634  7.076  8.412  9.898 11.346 12.754 14.165 
-0.016  1.419  2.882  4.221  5.618  7.113  8.457  9.928 11.289 12.704 14.146 
 0.031  1.387  2.807  4.249  5.686  7.043  8.433  9.886 11.285 12.725 14.158 
-0.025  1.338  2.842  4.232  5.606  7.066  8.493  9.924 11.293 12.703 14.120 
-0.022  1.416  2.791  4.253  5.657  7.048  8.435  9.884 11.349 12.737 14.125 
 0.021  1.373  2.780  4.242  5.642  7.110  8.479  9.894 11.279 12.714 14.114 
-0.035  1.411  2.855  4.260  5.662  7.103  8.487  9.917 11.318 12.679 14.151 
 0.017  1.436  2.838  4.229  5.690  7.037  8.485  9.905 11.329 12.680 14.099 
 0.052  1.397  2.822  4.229  5.640  7.034  8.494  9.899 11.320 12.710 14.133 
-0.006  1.430  2.846  4.236  5.626  7.022  8.464  9.900 11.328 12.709 14.146 
 0.017  1.402  2.837  4.269  5.730  7.077  8.462  9.886 11.359 12.726 14.128 
 0.038  1.424  2.825  4.249  5.728  7.058  8.492  9.933 11.298 12.771 14.157 
 0.030  1.398  2.801  4.259  5.643  7.044  8.529  9.875 11.301 12.695 14.170 
-0.008  1.383  2.811  4.230  5.688  7.091  8.479  9.913 11.320 12.691 14.114 
 0.012  1.459  2.825  4.244  5.587  7.073  8.488  9.902 11.350 12.725 14.156 
 0.004  1.407  2.863  4.215  5.575  7.104  8.457  9.898 11.349 12.704 14.136 
 0.009  1.395  2.863  4.235  5.664  7.095  8.494  9.879 11.323 12.734 14.162 
-0.051  1.440  2.891  4.257  5.655  7.114  8.488  9.869 11.274 12.724 14.128 
-0.040  1.410  2.753  4.293  5.681  7.066  8.480  9.915 11.315 12.814 14.118 
-0.008  1.393  2.829  4.247  5.687  7.007  8.463  9.908 11.325 12.703 14.170 
 0.050  1.385  2.896  4.269  5.703  7.066  8.527  9.940 11.323 12.702 14.154 
 0.052  1.506  2.770  4.273  5.658  7.093  8.539  9.905 11.276 12.696 14.158 
 0.027  1.436  2.763  4.255  5.651  7.011  8.456  9.967 11.283 12.687 14.138 
 0.012  1.401  2.871  4.257  5.601  7.058  8.458  9.833 11.327 12.778 14.148 
 0.024  1.343  2.843  4.274  5.687  6.963  8.530  9.827 11.290 12.715 14.150 
-0.003  1.418  2.788  4.181  5.565  7.057  8.490  9.938 11.368 12.744 14.209 
 0.041  1.375  2.839  4.204  5.649  7.060  8.537  9.910 11.306 12.772 14.161 
 0.028  1.356  2.871  4.243  5.694  7.065  8.516  9.842 11.313 12.743 14.152 
-0.010  1.404  2.814  4.262  5.655  7.074  8.484  9.899 11.301 12.705 14.100 
-0.053  1.397  2.776  4.326  5.690  7.069  8.436  9.901 11.227 12.681 14.171 
 0.025  1.420  2.834  4.276  5.641  7.127  8.531  9.888 11.247 12.742 14.100 
 0.014  1.415  2.878  4.235  5.683  7.052  8.443  9.882 11.298 12.722 14.134 
 0.021  1.372  2.814  4.226  5.589  7.166  8.484  9.946 11.322 12.702 14.103 
 0.039  1.476  2.821  4.245  5.672  7.029  8.448  9.876 11.360 12.730 14.130 
 0.026  1.454  2.730  4.231  5.595  7.083  8.571  9.940 11.299 12.669 14.100 
 0.009  1.368  2.818  4.300  5.655  7.045  8.460  9.870 11.295 12.679 14.214 
 0.001  1.445  2.826  4.245  5.628  7.057  8.513  9.929 11.321 12.687 14.143 
-0.015  1.436  2.784  4.215  5.614  7.064  8.516  9.916 11.279 12.768 14.129 
 0.016  1.389  2.827  4.245  5.671  7.056  8.512  9.903 11.309 12.749 14.145 
-0.081  1.382  2.819  4.231  5.645  7.091  8.518  9.944 11.313 12.739 14.141 
-0.021  1.432  2.828  4.217  5.699  7.026  8.480  9.864 11.259 12.766 14.131 
-0.009  1.423  2.778  4.154  5.650  7.091  8.522  9.891 11.277 12.732 14.137 
-0.011  1.409  2.877  4.184  5.686  7.056  8.536  9.961 11.337 12.688 14.100 
-0.028  1.342  2.778  4.253  5.626  7.090  8.488  9.919 11.356 12.784 14.163 
-0.005  1.428  2.809  4.168  5.668  7.084  8.460  9.887 11.327 12.701 14.152 
 0.023  1.425  2.786  4.246  5.590  7.041  8.476  9.875 11.302 12.704 14.099 
 0.003  1.404  2.769  4.274  5.638  7.065  8.478  9.888 11.361 12.754 14.150 
 0.039  1.405  2.866  4.208  5.687  7.068  8.551  9.885 11.310 12.709 14.139 
-0.051  1.445  2.831  4.256  5.680  7.009  8.549  9.947 11.235 12.739 14.165 
-0.017  1.401  2.814  4.272  5.686  7.046  8.472  9.882 11.370 12.726 14.105 
 0.008  1.441  2.859  4.267  5.639  7.025  8.426  9.892 11.372 12.697 14.175 
 0.026  1.408  2.811  4.268  5.591  7.076  8.500  9.888 11.323 12.755 14.098 
 0.002  1.374  2.845  4.269  5.659  7.059  8.491  9.909 11.304 12.670 14.130 
 0.050  1.420  2.789  4.252  5.645  7.097  8.488  9.890 11.344 12.695 14.218 
 0.019  1.380  2.826  4.274  5.654  7.083  8.449  9.855 11.298 12.752 14.119 
 0.008  1.388  2.815  4.215  5.711  7.064  8.484  9.854 11.307 12.721 14.129 
 0.001  1.386  2.833  4.229  5.643  7.102  8.485  9.916 11.394 12.668 14.077 
-0.034  1.416  2.887  4.264  5.637  7.053  8.476  9.926 11.340 12.761 14.122 
 0.009  1.403  2.879  4.211  5.644  7.090  8.496  9.967 11.269 12.743 14.113 
-0.019  1.433  2.826  4.235  5.680  7.084  8.542  9.909 11.288 12.702 14.178 
 0.085  1.421  2.800  4.250  5.623  7.064  8.523  9.913 11.282 12.717 14.152 
-0.012  1.388  2.864  4.236  5.703  7.100  8.475  9.919 11.329 12.733 14.132 
-0.014  1.384  2.832  4.275  5.683  7.109  8.476  9.894 11.313 12.686 14.115 
 0.045  1.358  2.886  4.255  5.598  7.062  8.540  9.915 11.363 12.736 14.151 
-0.060  1.435  2.831  4.290  5.670  7.120  8.507  9.906 11.293 12.734 14.101 
-0.029  1.427  2.817  4.229  5.622  7.017  8.503  9.911 11.335 12.690 14.175 
-0.006  1.437  2.863  4.265  5.730  7.084  8.517  9.854 11.304 12.740 14.196 
 0.019  1.406  2.881  4.270  5.614  7.130  8.495  9.874 11.322 12.755 14.164 
-0.041  1.397  2.872  4.267  5.661  7.044  8.523  9.887 11.321 12.744 14.142 
-0.035  1.422  2.817  4.227  5.652  7.041  8.476  9.923 11.287 12.719 14.111 
-0.004  1.403  2.847  4.241  5.703  7.094  8.422  9.853 11.329 12.737 14.120 
-0.036  1.440  2.829  4.285  5.630  7.066  8.463  9.927 11.329 12.797 14.221 
-0.044  1.425  2.740  4.251  5.664  7.062  8.519  9.911 11.341 12.733 14.110 
-0.003  1.374  2.839  4.302  5.625  7.017  8.464  9.870 11.335 12.750 14.157 
-0.047  1.376  2.821  4.301  5.667  7.038  8.494  9.885 11.341 12.725 14.155 
 0.011  1.406  2.836  4.207  5.635  7.115  8.515  9.870 11.324 12.764 14.208 
-0.039  1.426  2.823  4.258  5.642  7.067  8.447  9.877 11.338 12.713 14.127 
-0.080  1.459  2.818  4.241  5.644  7.044  8.468  9.847 11.328 12.700 14.197 
 0.056  1.474  2.897  4.269  5.653  7.017  8.465  9.890 11.315 12.791 14.128 
-0.023  1.390  2.856  4.267  5.662  7.109  8.447  9.876 11.334 12.749 14.205 
 0.066  1.383  2.877  4.220  5.688  7.043  8.535  9.911 11.335 12.745 14.146 
-0.029  1.453  2.802  4.246  5.703  7.052  8.510  9.873 11.373 12.753 14.150 
-0.071  1.416  2.787  4.226  5.621  6.973  8.489  9.950 11.283 12.768 14.155 
 0.007  1.440  2.812  4.238  5.689  7.094  8.495  9.890 11.295 12.698 14.147 
-0.016  1.366  2.835  4.214  5.647  7.159  8.435  9.893 11.305 12.699 14.177 
-0.048  1.458  2.786  4.241  5.693  7.114  8.527  9.872 11.303 12.715 14.161 
 0.019  1.376  2.816  4.265  5.722  7.074  8.490  9.854 11.293 12.755 14.140 
 0.009  1.391  2.830  4.241  5.620  7.023  8.454  9.810 11.255 12.755 14.172 
 0.005  1.453  2.860  4.188  5.686  7.040  8.502  9.919 11.289 12.683 14.118 
 0.012  1.404  2.852  4.216  5.665  7.056  8.503  9.867 11.293 12.721 14.228 
-0.042  1.355  2.880  4.241  5.595  7.091  8.476  9.887 11.334 12.702 14.103 
 0.043  1.409  2.809  4.212  5.670  7.065  8.486  9.893 11.311 12.687 14.121 
 0.054  1.394  2.842  4.255  5.671  7.079  8.485  9.918 11.341 12.694 14.149 
-0.060  1.401  2.800  4.284  5.708  7.093  8.473  9.911 11.290 12.770 14.121 
 0.022  1.391  2.787  4.232  5.636  7.111  8.479  9.885 11.251 12.688 14.140 
 0.005  1.420  2.820  4.232  5.678  7.124  8.466  9.910 11.285 12.727 14.163 
-0.033  1.375  2.878  4.223  5.666  7.087  8.526  9.866 11.312 12.780 14.154 
-0.010  1.403  2.874  4.228  5.664  7.094  8.489  9.850 11.260 12.652 14.126 
 0.023  1.396  2.827  4.224  5.671  7.096  8.470  9.860 11.338 12.756 14.179 
-0.049  1.436  2.838  4.236  5.602  7.090  8.510  9.873 11.343 12.755 14.138 
 0.019  1.423  2.846  4.285  5.677  7.086  8.499  9.880 11.322 12.727 14.103 
-0.040  1.428  2.833  4.246  5.664  7.097  8.402  9.917 11.310 12.694 14.138 
-0.007  1.473  2.864  4.228  5.685  7.049  8.514  9.864 11.306 12.696 14.129 
-0.032  1.383  2.875  4.253  5.672  7.065  8.472  9.916 11.277 12.705 14.124 
-0.040  1.434  2.832  4.248  5.628  7.091  8.472  9.910 11.336 12.743 14.124 
 0.012  1.370  2.815  4.300  5.631  7.129  8.483  9.889 11.319 12.784 14.149 
-0.010  1.441  2.833  4.265  5.610  7.099  8.434  9.900 11.313 12.752 14.210 
 0.028  1.353  2.826  4.254  5.717  7.112  8.442  9.910 11.308 12.716 14.129 
 0.016  1.402  2.852  4.225  5.653  7.104  8.389  9.946 11.317 12.734 14.151 
-0.040  1.414  2.821  4.233  5.642  7.002  8.520  9.906 11.302 12.740 14.134 
-0.011  1.422  2.809  4.197  5.632  7.084  8.462  9.880 11.293 12.771 14.163 
-0.020  1.417  2.806  4.266  5.668  7.070  8.506  9.893 11.265 12.778 14.159 
 0.027  1.406  2.828  4.231  5.688  7.114  8.474  9.916 11.288 12.773 14.170 
-0.026  1.425  2.841  4.236  5.640  7.057  8.452  9.872 11.360 12.737 14.174 
 0.003  1.431  2.841  4.207  5.694  6.995  8.486  9.831 11.340 12.696 14.121 
-0.063  1.377  2.860  4.270  5.646  7.046  8.506  9.882 11.280 12.722 14.127 
 0.023  1.344  2.799  4.252  5.706  7.056  8.510  9.853 11.310 12.742 14.152 
 0.039  1.381  2.802  4.202  5.644  7.042  8.548  9.901 11.337 12.727 14.129 
-0.033  1.389  2.843  4.265  5.734  7.068  8.504  9.871 11.353 12.781 14.142 
 0.013  1.373  2.807  4.260  5.747  7.116  8.560  9.872 11.323 12.717 14.156 
-0.003  1.398  2.823  4.193  5.642  7.081  8.506  9.929 11.355 12.756 14.140 
-0.017  1.406  2.824  4.266  5.613  7.128  8.441  9.896 11.237 12.682 14.152 
-0.011  1.422  2.854  4.284  5.637  7.059  8.546  9.888 11.318 12.690 14.104 
 0.019  1.342  2.855  4.336  5.613  7.013  8.471  9.900 11.289 12.721 14.064 
-0.005  1.397  2.838  4.278  5.680  7.123  8.439  9.930 11.310 12.717 14.125 
 0.033  1.444  2.781  4.249  5.659  7.095  8.460  9.911 11.332 12.794 14.135 
-0.052  1.357  2.885  4.288  5.636  7.102  8.520  9.854 11.279 12.747 14.098 
 0.030  1.438  2.876  4.233  5.654  7.070  8.473  9.894 11.318 12.737 14.191 
-0.023  1.380  2.821  4.224  5.583  7.065  8.515  9.878 11.376 12.767 14.140 
-0.045  1.360  2.799  4.259  5.681  7.091  8.533  9.851 11.313 12.770 14.176 
-0.020  1.412  2.815  4.212  5.634  7.065  8.490  9.875 11.362 12.730 14.172 
 0.019  1.397  2.832  4.286  5.633  7.072  8.512  9.841 11.286 12.695 14.170 
-0.001  1.390  2.887  4.251  5.637  7.066  8.491  9.863 11.334 12.723 14.144 
-0.063  1.427  2.849  4.238  5.674  7.029  8.468  9.864 11.362 12.737 14.185 
 0.041  1.385  2.831  4.212  5.678  7.101  8.475  9.883 11.297 12.743 14.099 
 0.013  1.397  2.799  4.216  5.661  7.123  8.456  9.906 11.313 12.675 14.165 
 0.065  1.383  2.825  4.262  5.663  6.991  8.445  9.812 11.320 12.705 14.132 
-0.008  1.359  2.820  4.270  5.607  7.078  8.548  9.928 11.314 12.690 14.125 
 0.003  1.407  2.849  4.280  5.616  7.075  8.504  9.901 11.296 12.692 14.109 
 0.003  1.452  2.827  4.272  5.641  7.135  8.450  9.920 11.313 12.736 14.131 
 0.009  1.453  2.828  4.248  5.681  7.111  8.470  9.872 11.340 12.753 14.089 
 0.007  1.408  2.887  4.223  5.653  7.133  8.524  9.943 11.302 12.767 14.118 
-0.015  1.408  2.846  4.240  5.673  7.106  8.455  9.853 11.309 12.668 14.107 
-0.001  1.402  2.795  4.219  5.625  7.100  8.462  9.912 11.336 12.721 14.110 
 0.091  1.316  2.826  4.212  5.697  7.038  8.528  9.922 11.301 12.753 14.188 
-0.016  1.406  2.821  4.248  5.653  7.041  8.492  9.912 11.285 12.724 14.175 
 0.075  1.408  2.819  4.269  5.656  7.078  8.454  9.942 11.296 12.705 14.204 
-0.067  1.407  2.813  4.172  5.635  7.035  8.446  9.911 11.378 12.731 14.127 
 0.006  1.395  2.837  4.228  5.699  7.077  8.436  9.894 11.260 12.721 14.181 
-0.002  1.362  2.883  4.240  5.647  7.061  8.468  9.958 11.355 12.730 14.114 
-0.046  1.423  2.879  4.261  5.674  7.068  8.501  9.893 11.262 12.703 14.196 
-0.080  1.460  2.856  4.254  5.639  7.123  8.523  9.933 11.260 12.707 14.124 
-0.057  1.400  2.790  4.270  5.721  7.058  8.475  9.907 11.305 12.704 14.125 
 0.034  1.352  2.795  4.250  5.637  7.043  8.491  9.939 11.251 12.725 14.160 
-0.030  1.414  2.787  4.242  5.653  7.035  8.434  9.881 11.363 12.756 14.167 
-0.009  1.452  2.878  4.215  5.656  7.056  8.492  9.941 11.264 12.755 14.110 
 0.048  1.429  2.782  4.214  5.620  7.078  8.574  9.937 11.255 12.711 14.131 
 0.038  1.412  2.843  4.245  5.660  7.066  8.466  9.874 11.307 12.732 14.093 
 0.010  1.419  2.828  4.208  5.660  7.041  8.535  9.923 11.293 12.749 14.115 
 0.023  1.392  2.815  4.208  5.639  7.101  8.468  9.873 11.318 12.713 14.136 
 0.000  1.389  2.805  4.173  5.631  7.072  8.501  9.880 11.382 12.759 14.157 
-0.021  1.450  2.816  4.211  5.642  7.068  8.452  9.888 11.328 12.753 14.162 
-0.042  1.354  2.850  4.250  5.639  7.057  8.476  9.836 11.285 12.712 14.161 
 0.004  1.404  2.804  4.189  5.668  7.062  8.483  9.841 11.270 12.711 14.137 
-0.009  1.362  2.797  4.227  5.634  7.051  8.487  9.853 11.328 12.777 14.116 
-0.025  1.391  2.833  4.231  5.634  7.089  8.507  9.884 11.281 12.736 14.137 
 0.014  1.373  2.839  4.259  5.658  7.017  8.438  9.905 11.313 12.764 14.145 
-0.018  1.365  2.800  4.253  5.624  7.053  8.519  9.876 11.344 12.656 14.137 
-0.029  1.367  2.816  4.223  5.673  7.069  8.547  9.897 11.328 12.674 14.164 
-0.012  1.455  2.745  4.288  5.668  7.049  8.477  9.923 11.296 12.733 14.112 
 0.014  1.419  2.846  4.268  5.641  7.068  8.461  9.949 11.328 12.714 14.160 
 0.052  1.420  2.839  4.276  5.667  7.070  8.499  9.868 11.303 12.694 14.160 
 0.025  1.418  2.827  4.204  5.574  7.069  8.518  9.917 11.292 12.709 14.208 
-0.046  1.449  2.812  4.245  5.724  7.050  8.547  9.950 11.333 12.718 14.147 
-0.020  1.475  2.832  4.249  5.607  7.086  8.478  9.890 11.276 12.728 14.110 
 0.036  1.422  2.860  4.250  5.618  7.065  8.503  9.952 11.316 12.735 14.125 
-0.030  1.373  2.813  4.199  5.657  7.080  8.448  9.883 11.360 12.735 14.180 
 0.013  1.409  2.882  4.268  5.609  7.126  8.531  9.921 11.301 12.686 14.128 
 0.010  1.368  2.810  4.200  5.672  7.130  8.433  9.882 11.260 12.781 14.185 
 0.008  1.432  2.914  4.215  5.639  7.122  8.497  9.897 11.310 12.696 14.134 
-0.006  1.408  2.845  4.203  5.611  7.075  8.521  9.938 11.280 12.698 14.114 
-0.002  1.365  2.874  4.214  5.663  7.113  8.521  9.909 11.334 12.766 14.106 
-0.013  1.363  2.822  4.230  5.631  7.039  8.455  9.947 11.277 12.734 14.107 
-0.059  1.425  2.816  4.257  5.618  7.110  8.561  9.916 11.253 12.688 14.276 
-0.021  1.403  2.798  4.296  5.656  7.029  8.501  9.969 11.263 12.724 14.142 
 0.036  1.389  2.803  4.240  5.630  7.089  8.533  9.913 11.240 12.740 14.111 
 0.016  1.417  2.807  4.285  5.646  7.078  8.450 10.024 11.305 12.691 14.190 
-0.010  1.475  2.827  4.265  5.650  7.094  8.454  9.847 11.297 12.727 14.179 
-0.011  1.396  2.793  4.204  5.670  7.121  8.520  9.886 11.312 12.705 14.144 
 0.023  1.414  2.783  4.229  5.694  7.056  8.461  9.930 11.317 12.675 14.175 
-0.071  1.439  2.843  4.225  5.644  7.132  8.476  9.925 11.313 12.656 14.173 
 0.023  1.437  2.766  4.225  5.678  7.090  8.555  9.871 11.326 12.743 14.150 
 0.023  1.368  2.860  4.235  5.687  7.025  8.521  9.889 11.292 12.712 14.161 
 0.032  1.451  2.817  4.247  5.576  7.070  8.446  9.934 11.353 12.658 14.212 
-0.000  1.424  2.806  4.204  5.645  7.118  8.474  9.872 11.299 12.710 14.160 
 0.027  1.433  2.826  4.300  5.713  7.077  8.483  9.852 11.329 12.669 14.138 
 0.051  1.457  2.853  4.218  5.700  7.030  8.497  9.911 11.342 12.726 14.131 
-0.023  1.408  2.869  4.291  5.656  7.085  8.514  9.849 11.313 12.752 14.129 
-0.033  1.441  2.875  4.266  5.617  7.102  8.476  9.916 11.277 12.775 14.190 
-0.008  1.437  2.844  4.236  5.710  7.096  8.477  9.895 11.368 12.748 14.210 
-0.026  1.417  2.827  4.232  5.659  7.125  8.557  9.907 11.306 12.749 14.124 
 0.019  1.383  2.813  4.214  5.655  7.091  8.490  9.896 11.331 12.707 14.105 
-0.051  1.397  2.872  4.200  5.673  7.097  8.490  9.879 11.324 12.741 14.132 
-0.034  1.413  2.811  4.249  5.668  7.087  8.515  9.908 11.296 12.737 14.113 
 0.015  1.389  2.879  4.257  5.669  7.109  8.494  9.897 11.299 12.691 14.159 
-0.014  1.371  2.850  4.244  5.615  7.118  8.497  9.854 11.300 12.722 14.151 
 0.028  1.437  2.826  4.248  5.668  7.067  8.525  9.892 11.319 12.680 14.161 
 0.026  1.421  2.845  4.204  5.685  7.103  8.515  9.895 11.262 12.770 14.201 
 0.032  1.407  2.824  4.179  5.685  7.078  8.505  9.885 11.363 12.761 14.124 
 0.010  1.439  2.831  4.266  5.647  7.080  8.520  9.921 11.327 12.713 14.184 
-0.003  1.441  2.801  4.259  5.659  7.080  8.538  9.946 11.299 12.768 14.109 
-0.020  1.381  2.807  4.158  5.655  7.052  8.483  9.884 11.323 12.710 14.134 
-0.003  1.372  2.803  4.304  5.670  7.014  8.531  9.920 11.304 12.771 14.142 
 0.018  1.390  2.829  4.277  5.684  7.084  8.506  9.917 11.304 12.728 14.112 
 0.024  1.374  2.816  4.185  5.685  7.066  8.535  9.938 11.254 12.757 14.067 
-0.071  1.458  2.866  4.197  5.646  7.096  8.549  9.964 11.341 12.755 14.158 
 0.011  1.437  2.833  4.256  5.606  7.064  8.475  9.929 11.351 12.725 14.159 
-0.009  1.422  2.830  4.254  5.678  7.061  8.464  9.890 11.294 12.737 14.123 
 0.025  1.441  2.866  4.206  5.682  7.041  8.514  9.866 11.370 12.788 14.126 
-0.018  1.441  2.859  4.284  5.642  7.082  8.452  9.874 11.315 12.749 14.185 
 0.032  1.460  2.852  4.207  5.686  7.133  8.469  9.929 11.358 12.771 14.119 
-0.030  1.451  2.829  4.192  5.655  7.044  8.448  9.905 11.274 12.707 14.135 
 0.003  1.407  2.786  4.274  5.607  7.064  8.488  9.954 11.356 12.741 14.163 
-0.010  1.379  2.872  4.251  5.665  7.066  8.504  9.985 11.242 12.726 14.104 
-0.071  1.421  2.830  4.259  5.639  7.031  8.539  9.882 11.322 12.740 14.160 
-0.039  1.398  2.842  4.211  5.672  7.098  8.493  9.891 11.279 12.763 14.141 
-0.023  1.429  2.835  4.264  5.655  7.069  8.573  9.948 11.300 12.722 14.104 
-0.018  1.400  2.772  4.219  5.667  7.114  8.456  9.848 11.263 12.709 14.123 
 0.027  1.429  2.827  4.176  5.673  7.110  8.482  9.907 11.314 12.764 14.158 
 0.001  1.389  2.793  4.200  5.638  7.055  8.493  9.858 11.294 12.695 14.181 
 0.041  1.435  2.820  4.249  5.584  7.043  8.523  9.857 11.328 12.794 14.180 
-0.009  1.394  2.854  4.241  5.600  7.059  8.526  9.933 11.363 12.703 14.097 
-0.013  1.402  2.842  4.284  5.616  7.074  8.466  9.852 11.350 12.765 14.156 
 0.025  1.403  2.870  4.229  5.698  7.110  8.480  9.932 11.295 12.673 14.173 
 0.010  1.362  2.809  4.213  5.705  7.082  8.530  9.894 11.350 12.658 14.140 
 0.036  1.377  2.847  4.183  5.645  7.038  8.465  9.912 11.372 12.737 14.103 
-0.002  1.433  2.800  4.255  5.690  7.090  8.460  9.934 11.372 12.706 14.142 
-0.020  1.445  2.807  4.290  5.669  7.040  8.485  9.891 11.250 12.754 14.112 
-0.049  1.444  2.886  4.199  5.632  7.061  8.533  9.873 11.337 12.735 14.069 
-0.026  1.456  2.836  4.159  5.686  7.064  8.532  9.882 11.347 12.805 14.120 
 0.002  1.403  2.737  4.262  5.659  7.065  8.461  9.915 11.275 12.749 14.075 
-0.028  1.430  2.895  4.241  5.656  7.097  8.433  9.842 11.314 12.708 14.121 
-0.071  1.426  2.849  4.200  5.675  7.084  8.496  9.930 11.292 12.721 14.124 
-0.002  1.485  2.817  4.273  5.688  7.034  8.486  9.951 11.260 12.726 14.151 
 0.029  1.474  2.848  4.266  5.663  7.111  8.525  9.890 11.329 12.745 14.109 
 0.049  1.392  2.822  4.209  5.621  7.067  8.489  9.934 11.297 12.689 14.116 
-0.074  1.377  2.843  4.236  5.599  7.050  8.506  9.856 11.282 12.697 14.150 
 0.000  1.416  2.824  4.231  5.628  7.106  8.490  9.925 11.322 12.716 14.153 
 0.024  1.436  2.846  4.284  5.662  7.074  8.473  9.877 11.289 12.722 14.167 
-0.012  1.398  2.822  4.248  5.664  7.071  8.538  9.865 11.269 12.716 14.137 
 0.018  1.407  2.864  4.234  5.734  7.077  8.491  9.899 11.323 12.702 14.071 
 0.017  1.381  2.789  4.245  5.706  7.039  8.425  9.934 11.311 12.716 14.134 
-0.027  1.455  2.823  4.230  5.701  7.044  8.472  9.956 11.328 12.717 14.151 
 0.029  1.381  2.850  4.258  5.631  7.084  8.467  9.904 11.309 12.697 14.125 
 0.006  1.398  2.816  4.209  5.648  7.047  8.506  9.854 11.394 12.792 14.164 
 0.062  1.403  2.800  4.233  5.669  7.097  8.466  9.907 11.324 12.711 14.197 
-0.004  1.421  2.813  4.285  5.694  7.032  8.491  9.924 11.295 12.683 14.120 
 0.053  1.412  2.831  4.216  5.696  7.105  8.421  9.880 11.359 12.721 14.140 
-0.036  1.468  2.788  4.216  5.646  7.102  8.523  9.865 11.287 12.726 14.080 
-0.030  1.373  2.848  4.279  5.639  7.131  8.511  9.882 11.277 12.763 14.133 
-0.017  1.428  2.846  4.295  5.668  7.071  8.463  9.898 11.282 12.711 14.108 
-0.039  1.494  2.852  4.224  5.688  7.061  8.499  9.879 11.326 12.721 14.158 
 0.029  1.487  2.781  4.256  5.690  7.081  8.503  9.902 11.317 12.723 14.157 
 0.011  1.444  2.863  4.281  5.665  7.018  8.483  9.928 11.305 12.697 14.131 
 0.011  1.443  2.846  4.255  5.668  7.085  8.563  9.845 11.309 12.683 14.194 
-0.027  1.367  2.744  4.250  5.722  7.077  8.472  9.954 11.340 12.710 14.143 
-0.055  1.441  2.838  4.228  5.608  7.088  8.507  9.943 11.350 12.688 14.162 
