10.154  8.697  7.867  7.562  7.217  7.212  6.777  7.507  8.034  9.121  9.730 
10.231  8.958  7.786  7.736  7.417  7.421  7.286  7.397  8.229  8.845 10.287 
 9.860  8.811  8.184  7.840  6.719  7.244  7.463  7.697  8.166  8.398 10.236 
 9.919  9.016  8.293  7.640  7.746  6.777  6.839  7.717  7.707  8.630 10.122 
10.174  9.090  8.590  7.710  7.395  6.923  7.051  8.273  8.707  8.692 10.329 
 9.826  9.154  8.524  7.460  7.070  7.495  7.307  8.143  8.322  8.821  9.777 
 9.988  9.447  8.223  7.017  6.999  7.206  7.833  7.994  8.034  8.773 10.632 
10.229  8.941  8.510  7.822  7.302  7.131  7.551  8.432  8.113  9.210 10.246 
10.170  9.353  8.117  7.364  6.974  6.878  7.488  7.513  8.061  9.227 10.400 
10.063  8.779  8.098  7.457  7.592  7.346  7.382  7.977  8.271  8.629  9.850 
10.045  8.945  8.815  7.005  7.398  6.878  7.202  7.625  8.300  9.364 10.104 
 9.774  9.325  8.262  7.798  7.235  7.355  7.101  7.591  8.288  9.273  9.925 
 9.976  9.388  8.084  7.835  6.719  7.327  7.098  7.237  8.786  9.273  9.684 
10.349  8.792  8.442  7.317  7.467  6.568  7.531  7.696  8.265  8.916  9.900 
10.451  8.281  8.510  7.141  7.859  7.055  6.826  7.791  8.155  9.123 10.058 
 9.648  8.514  7.881  7.230  7.094  7.181  7.001  7.961  8.314  9.366  9.827 
 9.663  8.889  8.572  8.045  7.373  6.863  7.340  7.978  8.028  8.925 10.625 
 9.996  8.940  8.350  7.749  7.266  7.117  7.768  8.127  8.769  8.380  9.408 
10.623  8.512  8.352  8.199  7.668  7.170  7.453  8.017  7.985  8.574 10.442 
 9.712  8.800  8.439  7.149  7.331  7.518  7.075  7.587  7.854  8.944  9.526 
10.105  8.867  7.493  7.747  7.711  7.316  7.222  6.873  8.443  9.053  9.401 
10.138  9.565  7.881  7.177  6.696  6.646  7.099  7.692  8.583  8.870  9.995 
10.446  9.021  7.961  7.792  6.968  6.948  7.159  7.933  8.313  9.283 10.086 
10.002  9.330  8.237  7.581  6.609  7.086  7.108  7.692  7.968  8.482  9.996 
 9.640  9.379  8.418  7.637  7.288  6.901  7.214  7.464  8.320  8.987 10.220 
10.152  9.248  8.500  7.972  7.316  7.200  7.609  7.640  8.757  9.330 10.136 
 9.950  8.397  8.349  7.830  7.561  6.495  7.189  7.504  7.951  8.916 10.139 
10.047  8.672  9.005  7.516  6.652  7.482  7.003  7.748  8.648  9.126  9.633 
 9.402  9.213  7.808  7.676  7.288  7.129  7.331  7.457  7.656  8.649 10.240 
 9.850  8.960  8.536  7.998  7.409  6.504  7.180  7.350  8.047  8.964 10.005 
10.324  8.788  7.914  8.102  7.288  6.865  7.797  7.696  8.391  9.419  9.385 
 9.765  8.963  8.110  7.393  7.605  7.530  6.980  7.646  8.664  9.337  9.627 
10.283  9.287  8.197  7.923  6.396  6.987  7.229  8.307  8.316  9.014  9.599 
 9.640  8.934  8.628  7.633  7.199  7.260  6.947  7.419  8.930  8.921  9.486 
 9.771  8.972  8.687  8.014  7.361  6.830  7.138  7.792  8.224  8.953  9.797 
10.255  9.283  8.148  7.900  6.827  7.335  6.489  7.358  7.374  8.735 10.024 
10.627  9.378  8.041  7.856  7.202  6.650  6.592  8.228  8.409  9.122  9.420 
10.103  9.458  8.754  7.653  6.701  7.340  7.313  8.119  8.116  8.737  9.746 
10.281  8.754  8.374  7.776  7.693  6.941  6.733  7.908  8.225  9.154  9.914 
10.118  9.532  8.733  7.156  6.505  7.271  7.598  8.705  9.015  8.825 10.288 
10.183  9.264  8.200  7.803  7.468  7.403  7.521  7.413  8.069  8.812  9.263 
10.010  9.293  7.484  7.630  7.847  7.206  7.818  7.923  8.342  9.578 10.074 
10.289  8.761  8.160  8.227  7.404  7.028  6.702  7.806  8.749  9.268  9.858 
 9.845  9.565  8.721  7.474  7.399  7.238  7.726  7.531  8.095  9.254  9.548 
10.094  8.855  8.204  7.917  7.192  7.408  7.140  7.873  8.712  9.200 10.322 
 9.972  8.791  8.378  7.725  7.815  7.230  6.891  7.201  8.513  8.736  9.906 
10.222  8.960  7.826  7.689  7.597  7.310  7.154  7.546  8.164  9.107  9.919 
 9.267  8.848  8.388  7.491  7.270  7.168  7.475  7.711  8.177  9.220 10.193 
 9.369  9.026  7.612  7.350  6.445  7.221  6.764  7.055  8.314  8.848 10.273 
 9.496  9.315  8.022  7.746  7.937  6.991  7.409  7.051  7.808  9.201  9.400 
10.453  8.922  8.251  7.874  6.894  7.183  6.992  7.670  7.810  9.516  9.905 
10.231  9.072  8.070  7.344  7.332  7.784  6.853  7.562  8.615  9.290 10.008 
 9.398  9.078  8.502  7.484  7.501  7.299  7.416  7.788  7.829  8.633 10.214 
10.099  9.014  8.044  7.692  6.782  7.011  7.965  7.977  8.048  9.325 10.125 
10.096  9.115  7.856  8.369  7.516  7.140  6.743  7.494  8.157  8.878  9.663 
 9.861  8.643  8.339  7.569  7.226  6.916  7.081  8.150  8.209  8.510 10.041 
 9.863  9.074  8.092  7.728  7.581  7.563  6.944  7.597  8.130  8.806 10.142 
 9.794  9.122  8.028  7.028  7.656  7.131  7.022  7.709  8.350  8.938 10.040 
 9.916  8.641  8.366  7.601  6.930  6.783  6.881  7.440  8.395  9.453  9.920 
 9.976  9.442  8.340  7.276  6.371  7.054  7.459  8.116  8.284  8.346 10.119 
 9.929  9.521  8.682  7.896  6.996  6.689  7.054  8.076  8.263  8.344  9.911 
 9.908  9.179  8.773  7.296  6.786  7.500  6.599  7.500  8.384  9.431 10.090 
10.147  9.037  8.644  7.685  7.186  7.007  7.780  7.511  7.853  9.233 10.106 
 9.737  9.441  8.087  7.486  7.015  6.809  7.250  7.553  8.546  9.195  9.447 
 9.535  8.332  8.333  7.340  7.447  6.610  7.011  7.640  8.270  8.564  9.836 
10.051  8.969  8.181  7.667  6.922  7.414  7.476  7.246  7.826  9.067 10.222 
10.289  9.348  8.804  7.558  6.642  6.871  7.045  7.396  7.809  9.422 10.427 
10.131  8.755  7.639  7.808  7.251  7.058  6.841  7.357  8.029  9.141  9.858 
 9.940  9.306  7.745  7.662  7.292  7.184  7.152  7.342  8.345  9.018 10.031 
10.373  8.718  8.497  7.618  6.997  7.305  7.243  7.894  7.690  9.055  9.675 
10.124  9.085  7.530  7.782  7.334  7.211  7.871  7.894  8.048  9.745 10.286 
 9.928  9.146  8.073  7.460  7.354  6.590  7.562  7.288  8.508  8.911 10.286 
10.313  8.585  8.655  7.906  6.617  6.697  7.490  7.933  8.722  9.004 10.615 
10.157  9.292  8.569  7.635  7.377  7.463  7.813  8.521  8.065  9.063 10.111 
10.156  8.803  8.342  7.593  7.465  7.153  6.887  7.987  8.265  9.101  9.840 
 9.654  8.812  8.269  7.338  7.211  6.872  7.197  7.398  8.417  8.808  9.531 
 9.770  8.842  8.203  7.430  7.385  6.991  7.798  7.675  8.004  9.653  9.931 
10.539  9.189  8.787  7.814  7.202  7.341  7.411  7.698  8.690  8.607 10.347 
10.111  9.028  8.043  7.135  7.034  6.961  7.772  7.689  8.775  9.210 10.174 
10.498  9.072  8.620  7.884  7.771  6.876  7.167  7.420  7.619  8.382 10.529 
10.289  8.730  8.887  7.743  7.364  7.160  6.490  7.078  8.304  9.208 10.379 
 9.544  9.236  8.278  7.956  7.197  7.951  7.244  7.515  8.279  9.405 10.195 
 9.769  9.507  7.858  7.582  7.603  6.950  7.140  7.961  8.233  9.130 10.258 
 9.881  8.788  7.556  8.349  6.818  7.082  7.547  7.867  8.196  8.846  9.927 
 9.791  9.448  7.826  7.659  7.022  7.210  7.762  7.676  8.001  8.799  9.994 
 9.705  9.188  8.159  7.729  7.188  7.273  7.282  8.097  8.519  9.219  9.980 
10.252  9.419  8.928  7.618  7.428  7.827  7.129  7.138  8.549  9.546  9.478 
 9.406  9.166  7.932  7.431  6.854  6.904  6.739  7.138  8.320  9.161  9.938 
10.048  9.429  8.732  7.480  7.496  7.376  7.120  7.341  8.188  9.029 10.273 
10.459  8.938  8.409  6.868  7.103  6.976  7.162  8.052  7.834  9.001 10.028 
 9.933  9.196  8.126  7.575  7.259  6.918  6.954  7.778  8.110  8.486  9.957 
 9.587  8.470  8.182  7.679  6.840  7.272  7.562  7.772  8.338  9.169 10.219 
10.215  9.240  8.724  7.652  8.094  7.361  7.181  7.475  8.192  8.767  9.915 
10.539  8.792  8.295  7.686  7.494  6.746  6.949  7.366  8.519  8.989  9.722 
 9.683  9.218  7.580  7.466  7.049  7.483  6.563  7.050  8.151  9.036 10.057 
 9.945  8.996  8.846  7.824  7.286  7.328  7.084  6.904  8.337  9.503 10.121 
 9.937  8.938  8.604  7.576  7.344  6.748  7.274  7.577  8.132  8.617 10.247 
10.171  8.669  8.784  8.010  7.091  6.891  6.760  7.591  8.569  9.314  9.787 
10.032  8.563  8.222  7.737  6.565  7.059  6.765  7.335  8.695  9.014  9.609 
 9.503  8.836  8.180  7.897  6.685  7.327  6.951  8.151  8.418  9.420  9.892 
 9.939  8.671  7.823  6.816  7.292  7.296  7.193  7.540  7.925  9.307 10.299 
10.687  9.044  7.865  7.245  7.690  7.188  7.172  8.248  8.037  9.001  9.109 
10.379  9.033  8.580  7.843  7.154  6.612  7.481  7.670  8.409  9.191  9.752 
 9.399  8.553  8.299  7.780  7.617  7.415  7.464  7.721  8.585  8.959 10.468 
 9.858  9.134  8.449  7.764  6.853  7.753  7.564  7.434  7.895  8.806 10.208 
10.565  8.951  8.022  7.387  7.037  6.672  6.806  6.992  8.029  8.843 10.015 
10.348  9.253  8.178  7.263  7.354  7.198  7.191  7.654  8.070  9.127  9.459 
11.059  9.115  8.194  7.271  6.748  7.478  7.340  8.017  8.203  9.234 10.540 
10.024  8.790  8.419  7.694  7.515  6.907  7.077  7.473  8.201  9.138 10.137 
10.126  9.005  8.007  7.791  7.417  6.799  7.080  7.784  8.110  8.736 10.222 
 9.927  8.790  8.119  7.334  6.630  7.170  6.739  7.237  8.142  8.801  9.991 
 9.730  8.759  7.727  7.188  7.188  7.185  7.015  7.215  8.175  9.019  9.848 
 9.798  9.159  8.066  7.544  7.103  6.885  6.877  7.580  7.663  8.538 10.677 
 9.799  9.606  8.329  7.769  7.415  7.042  6.815  8.348  8.048  9.125 10.732 
10.457  9.100  8.554  7.664  7.252  6.928  6.588  7.628  9.210  8.436 10.412 
10.067  9.342  8.208  7.907  7.490  7.210  7.462  7.228  8.637  8.990  9.640 
 9.916  9.254  8.421  7.857  7.038  7.326  7.290  8.042  8.420  9.595  9.891 
 9.842  9.539  8.307  8.206  7.156  6.455  7.653  7.206  8.545  9.040  9.657 
10.335  8.780  8.134  7.542  7.470  7.269  6.789  8.138  8.474  9.042  9.923 
 9.766  8.591  8.769  7.445  7.935  6.689  7.284  7.826  8.347  8.755 10.328 
10.050  8.569  8.546  7.695  6.936  6.944  6.941  7.785  8.209  9.128  9.806 
10.136  8.730  8.244  7.565  6.885  6.823  7.241  7.950  7.978  9.007  9.799 
 9.483  8.920  7.689  7.839  7.303  6.296  7.695  7.600  8.137  8.849 10.085 
 9.676  8.668  8.167  7.156  7.801  7.726  7.257  7.575  8.266  9.191 10.330 
10.067  8.510  8.985  7.795  7.012  6.958  7.471  7.684  7.945  9.190  9.894 
 9.822  9.008  8.207  7.602  7.295  7.212  7.588  7.869  8.743  9.690 10.528 
 9.690  9.390  8.391  7.000  7.479  6.647  6.965  7.125  8.643  8.910  9.786 
10.022  8.538  7.998  7.942  6.991  7.024  7.105  7.868  8.240  9.450  9.083 
 9.971  9.171  8.541  7.825  7.126  8.149  7.059  7.551  8.503  9.673  9.896 
 9.347  9.051  8.292  7.498  7.355  6.979  6.910  7.467  8.226  9.554 10.363 
 9.311  9.215  8.325  7.564  6.984  7.346  7.568  7.463  8.079  8.993 10.281 
 9.547  9.159  8.399  7.063  6.861  7.018  7.211  7.254  8.209  8.631  9.831 
10.489  9.298  8.471  7.484  7.410  6.748  7.266  7.683  9.050  9.578 11.029 
 9.799  9.385  8.014  7.199  6.985  7.033  6.865  7.963  8.361  9.123  9.869 
 9.954  9.673  8.710  7.821  7.077  6.863  7.041  7.772  8.630  8.972  9.560 
10.302  9.240  8.138  7.404  7.218  6.692  6.778  7.375  8.646  8.555 10.889 
11.025  9.222  7.797  7.611  6.588  7.014  7.383  7.603  8.585  9.057 10.181 
 9.697  8.677  8.413  7.665  7.367  6.671  7.066  7.281  8.324  9.170  9.803 
10.431  8.680  8.341  7.261  7.278  6.733  7.114  7.566  7.972  9.264  9.283 
 9.674  9.425  8.076  7.046  7.682  7.111  7.867  7.516  8.112  8.781 10.128 
10.481  9.030  7.798  7.091  7.414  7.752  7.365  7.548  8.209  8.558  9.909 
10.106  9.160  8.184  7.661  6.856  7.222  7.483  7.485  7.757  9.704  9.536 
10.251  9.635  7.938  7.680  7.130  6.902  7.078  7.140  8.402  8.517  9.790 
 9.728  9.222  8.294  7.502  6.525  7.636  7.202  7.339  7.826  9.063  9.843 
 9.554  8.884  7.958  8.084  8.079  7.193  7.377  7.620  8.466  9.094 10.265 
10.724  9.093  8.008  7.344  7.267  7.248  7.396  7.397  8.069  9.185 10.467 
10.491  9.169  8.817  8.027  7.241  6.737  7.233  7.584  8.506  8.980 10.092 
10.130  9.828  7.846  7.822  7.227  6.951  7.233  7.224  8.359  9.298 10.091 
10.053  9.078  8.040  7.655  7.008  7.313  7.035  7.103  8.699  8.883  9.443 
10.580  9.110  7.840  7.182  7.883  7.187  7.164  7.834  7.857  8.882  9.998 
 9.203  8.839  7.973  8.108  6.875  7.058  6.900  7.363  8.204  9.401 10.062 
 9.820  8.692  8.286  8.044  6.992  6.709  7.264  7.639  7.786  9.079  9.370 
10.019  9.028  8.450  7.077  7.325  6.489  7.076  7.576  8.016  9.280  9.242 
 9.956  9.357  8.707  7.776  7.215  7.118  6.193  8.219  8.242  9.108  9.980 
 9.733  8.421  8.593  7.822  7.252  7.444  7.768  7.453  8.477  8.819 10.042 
 9.825  9.225  8.479  7.535  6.661  7.096  6.908  8.272  8.634  9.101 10.039 
10.154  9.390  8.365  7.187  7.165  7.067  7.220  7.763  8.589  8.464 10.197 
10.154  9.371  8.579  7.441  6.870  7.175  7.263  7.794  8.293  8.549  9.978 
10.304  8.804  8.662  7.395  7.111  7.161  7.190  7.232  8.611  9.079 10.072 
10.152  9.034  8.434  8.234  7.405  7.009  7.125  7.839  8.687  8.730 10.724 
10.206  8.622  8.593  7.733  7.278  6.802  6.829  7.226  8.487  9.201 10.040 
10.490  8.939  8.001  7.525  7.817  7.130  7.864  7.685  8.097  9.361 10.110 
 9.940  9.330  8.108  7.903  7.168  6.525  7.272  7.809  8.173  8.797 10.256 
10.055  8.616  8.165  7.774  7.244  6.773  7.058  8.133  8.191  8.853 10.275 
 9.656  8.631  8.392  7.686  6.949  6.992  7.337  7.083  7.950  9.513 10.354 
10.381  8.926  8.874  7.332  7.538  7.015  7.110  7.909  8.032  9.201  9.611 
 9.932  8.799  8.320  7.685  7.376  6.878  6.938  7.164  8.484  9.230  9.195 
10.028  9.008  8.427  8.018  7.175  7.259  6.944  7.663  8.555  9.267  9.733 
 9.781  8.795  8.276  7.740  7.395  7.477  6.838  7.467  8.101  8.833 10.127 
10.163  9.147  7.944  7.382  7.235  7.162  7.021  7.327  8.066  9.149  9.762 
 9.813  9.289  8.826  7.912  7.056  7.025  7.369  8.012  8.260  8.354  9.486 
 9.760  9.209  8.088  7.705  7.292  6.974  6.790  8.188  8.336  8.809 10.577 
10.222  9.182  8.124  7.896  6.779  6.975  7.644  7.287  8.333  9.510 10.303 
 9.531  9.115  8.280  7.710  6.471  7.306  7.496  7.869  8.572  8.622  9.690 
 9.666  9.040  8.488  8.043  7.588  6.895  7.301  8.056  8.470  8.939  9.762 
 9.724  8.628  8.376  7.700  7.217  7.105  7.682  7.024  8.050  9.212 10.154 
10.158  9.430  8.255  7.927  7.773  7.089  7.511  7.605  8.109  9.062 10.518 
10.256  9.787  8.108  7.071  7.459  6.142  7.469  7.831  8.033  8.493 10.139 
10.003  9.236  8.321  7.453  7.129  6.489  7.344  7.317  8.135  9.402  9.394 
10.212  8.874  8.091  7.415  6.741  7.119  6.911  7.113  8.391  9.047 10.235 
 9.819  9.445  7.682  7.365  7.586  6.530  7.315  6.999  8.743  8.655 10.253 
 9.554  8.859  8.101  8.017  7.505  6.931  6.805  7.777  8.110  8.771 10.276 
 9.814  9.240  8.480  7.774  7.389  7.106  6.506  7.556  8.649  8.677 10.106 
 9.978  9.058  8.388  8.429  7.144  6.663  7.510  8.335  7.881  8.965  9.960 
10.155  9.194  8.049  7.766  6.709  6.958  7.079  7.348  8.118  9.073 10.210 
 9.608  9.313  8.367  7.393  7.398  7.535  6.865  7.893  8.134  8.938 10.025 
 9.828  9.545  9.039  7.317  7.321  6.634  7.032  7.589  7.768  9.460  9.929 
10.035  9.518  8.108  7.965  7.626  6.850  6.678  7.566  7.779  9.191 10.105 
 9.410  9.051  7.789  7.676  7.023  7.516  7.835  7.653  8.428  8.756  9.859 
10.045  8.935  8.040  7.663  7.204  6.851  7.713  7.631  9.005  9.260  9.768 
 9.660  9.511  7.965  7.750  6.986  7.247  6.962  8.101  7.562  8.833  9.747 
10.080  8.539  8.177  8.040  7.914  7.244  7.269  7.384  8.272  8.915  9.921 
10.417  8.791  8.539  8.455  7.300  7.340  7.276  7.967  7.904  9.163  9.895 
 9.916  8.734  8.628  7.575  6.680  7.204  7.318  7.614  8.928  8.957 10.156 
10.174  8.928  8.308  7.303  6.957  7.259  7.695  7.747  8.506  8.749  9.784 
 9.837  8.189  8.482  7.704  8.098  7.276  7.033  7.370  8.393  8.840  9.626 
10.334  9.557  7.785  7.698  7.439  6.594  7.406  7.421  8.180  9.110  9.983 
 9.801  9.064  8.163  7.604  7.558  7.298  7.157  7.674  8.270  9.243  9.594 
10.678  9.034  8.311  7.983  7.468  7.188  7.343  7.421  8.184  9.273 10.195 
10.231  9.162  8.245  8.019  7.753  6.756  6.747  7.970  8.174  9.002 10.283 
10.112  8.955  8.386  7.044  6.323  7.259  7.377  7.046  8.566  8.761 10.454 
10.105  9.596  8.047  7.667  7.026  7.158  7.086  8.386  8.463  9.333 10.034 
 9.953  8.977  8.929  7.928  7.039  7.503  7.165  8.221  7.909  9.284  9.892 
 9.777  9.317  7.874  7.885  7.567  6.887  6.654  7.744  7.768  9.126  9.446 
10.086  9.016  8.255  7.147  6.883  7.235  6.901  7.591  7.978  9.376 10.402 
10.337  8.672  8.312  7.616  7.058  6.681  7.094  7.653  7.989  9.043 10.226 
 9.717  8.803  8.747  7.306  7.437  7.275  6.628  7.591  7.331  9.020 10.276 
10.375  8.816  8.098  7.464  7.477  7.593  6.972  7.728  8.511  9.273  9.175 
 9.896  8.980  7.797  7.364  7.365  6.619  7.394  7.403  8.300  9.547 10.223 
10.163  8.614  8.593  7.826  7.133  6.990  7.259  7.947  8.361  8.995  9.942 
 9.897  9.209  8.397  7.939  7.319  7.296  8.112  8.074  8.930  8.691  9.616 
10.229  9.224  8.624  7.545  7.273  7.365  7.357  7.401  7.847  8.698 10.258 
10.571  9.240  8.279  7.289  7.528  7.241  6.869  7.263  7.917  9.751  9.455 
10.225  8.950  8.380  7.552  7.204  7.051  7.228  7.244  8.087  8.762  9.960 
10.461  8.973  8.091  7.864  6.992  6.575  7.407  7.150  7.885  8.830 10.369 
10.240  8.244  8.199  7.341  7.160  6.686  7.197  8.047  8.321  9.240 10.044 
10.550  9.315  8.313  7.673  7.873  7.551  7.713  7.542  8.320  8.977  9.549 
10.001  8.695  7.986  7.874  6.957  6.608  6.965  7.480  7.624  8.854  9.965 
10.101  9.837  8.615  6.815  7.827  6.670  7.160  7.425  8.487  9.057  9.708 
10.078  9.139  8.855  7.691  7.518  7.311  6.905  7.722  8.736  9.420  9.828 
10.224  8.920  7.743  7.753  6.684  6.085  7.284  7.506  8.027  9.086 10.372 
 9.945  9.073  8.317  7.398  7.184  7.338  7.024  8.114  7.991  8.761  9.839 
10.156  9.214  8.258  7.361  7.763  6.810  6.857  7.427  8.316  9.145 10.371 
 9.944  9.272  8.526  7.923  7.608  6.888  7.712  7.665  8.153  8.854  9.420 
10.341  8.847  8.200  7.085  7.497  7.303  7.550  7.700  8.230  9.683 10.013 
 8.933  8.651  8.933  7.579  7.696  6.465  7.466  6.876  8.202  9.437 10.110 
 9.959  8.990  8.100  7.234  7.060  6.536  7.406  7.879  7.777  9.428 10.250 
 9.922  9.181  7.972  7.182  7.586  7.303  7.079  7.865  8.182  8.897 10.317 
 9.854  9.110  7.971  7.696  7.697  7.620  7.493  7.442  7.882  9.176 10.101 
10.208  8.803  8.128  8.100  7.439  7.225  7.461  7.770  7.840  8.827 10.050 
10.003  9.268  8.401  7.820  6.893  6.782  7.013  7.584  8.252  8.268 10.039 
 9.789  9.242  7.857  7.463  6.871  6.536  7.388  7.828  8.167  9.348 10.594 
10.205  8.904  8.075  7.383  6.760  6.749  7.239  7.216  7.901  9.321  9.772 
10.273  9.150  8.571  7.824  6.724  7.118  7.277  8.436  7.990  9.287  9.812 
10.015  9.128  8.393  7.889  7.288  6.873  7.119  7.526  7.766  9.259 10.004 
 9.660  9.058  8.637  8.195  7.055  7.350  6.725  6.962  7.767  9.262 10.148 
 9.766  9.032  8.401  7.506  7.655  7.410  6.918  8.151  8.113  8.889 10.113 
 9.797  8.633  8.774  7.431  7.395  6.628  7.107  7.909  8.562  9.229 10.408 
 9.627  8.137  7.865  7.927  6.987  6.590  6.793  7.613  8.703  9.074  9.699 
 9.630  9.215  8.206  8.189  7.330  7.266  6.965  7.570  8.789  9.119  9.417 
 9.712  9.175  8.064  7.271  7.425  7.138  7.556  7.126  8.357  8.965  9.969 
 9.774  8.748  7.916  7.992  7.430  6.579  6.955  8.066  8.221  8.967  9.894 
10.153  8.701  7.869  7.830  6.967  7.540  7.357  7.690  8.255  8.654  9.734 
10.048  8.599  7.914  7.301  6.891  7.173  7.689  7.100  8.455  8.603  9.643 
10.302  8.949  8.326  7.547  7.226  6.611  6.662  7.436  8.519  9.034 10.223 
 9.992  9.473  7.905  7.161  7.099  6.820  6.714  8.108  8.136  8.753  9.615 
 9.705  8.464  8.402  7.538  7.144  6.896  7.244  7.711  8.345  9.551 10.198 
10.157  8.817  8.580  7.730  7.538  6.917  6.588  7.253  8.585  9.184 10.072 
 9.974  9.022  8.026  8.138  7.621  7.138  6.973  7.797  8.023  8.817 10.233 
10.080  9.226  8.223  7.682  7.585  7.344  7.100  7.602  7.895  9.655 10.146 
 9.656  9.210  8.232  7.755  7.168  7.209  6.731  7.293  8.385  8.886 10.015 
 9.984  8.874  7.678  7.108  7.108  6.321  7.083  7.681  8.038  9.109  9.622 
10.311  8.829  8.651  7.672  7.258  7.230  7.153  7.497  8.825  8.936  9.825 
 9.380  9.509  8.292  8.167  6.911  7.156  7.010  7.731  8.365  9.446  9.769 
 9.834  9.280  8.242  7.386  7.461  7.558  7.337  7.949  8.184  9.200 10.435 
 9.709  9.114  8.004  7.312  7.357  7.469  7.886  7.365  8.496  8.965  9.722 
10.371  8.935  8.039  7.682  7.258  7.143  7.501  7.768  8.186  8.964  9.785 
10.202  8.607  8.754  7.723  7.615  7.362  7.436  7.287  7.610  9.420  9.779 
10.152  9.051  8.073  7.517  7.673  6.721  6.692  7.691  8.618  9.078  9.442 
10.175  9.170  8.376  7.742  7.045  7.180  6.962  7.162  8.096  9.901  9.395 
10.284  9.095  8.481  7.847  7.715  6.928  7.128  8.166  7.977  9.548 10.076 
 9.837  9.792  8.462  8.052  6.845  7.163  7.068  7.010  8.610  9.293  9.387 
 9.879  8.623  8.171  7.789  6.789  7.092  7.454  7.461  7.707  8.877 10.038 
 9.778  8.640  8.370  6.984  7.367  6.996  7.115  7.898  8.397  9.379 10.614 
 9.835  8.419  7.694  7.748  7.414  6.852  7.548  7.483  8.053  8.951 10.203 
10.136  9.209  8.480  7.761  7.343  6.857  7.223  7.747  8.188  8.501 10.025 
 9.903  9.565  8.176  7.572  6.863  7.215  6.358  7.644  8.635  9.228  9.535 
10.493  9.083  8.621  7.854  7.121  7.221  7.005  7.154  7.746  8.933  9.497 
10.829  9.287  8.260  7.429  6.914  7.654  7.222  7.559  8.298  9.383  9.879 
10.152  9.630  8.592  7.373  7.180  6.621  6.956  7.486  8.339  9.220 10.121 
10.191  8.391  8.529  7.320  6.999  6.914  6.918  7.681  8.215  9.124 10.110 
 9.971  8.896  7.965  7.727  6.767  6.868  7.217  7.405  8.406  9.113  9.894 
10.740  8.527  8.672  7.539  7.238  6.524  7.281  7.612  8.343  9.261  9.664 
10.165  9.418  8.638  7.790  7.362  6.842  7.331  7.738  7.683  8.787  9.984 
 9.567  8.785  8.642  7.274  7.242  6.984  7.258  7.117  7.786  8.699  9.678 
10.012  9.144  7.719  7.838  7.196  7.242  6.869  7.699  8.245  9.164 10.198 
 9.725  9.355  7.762  7.646  7.583  7.007  7.393  7.470  8.038  9.361  9.950 
10.359  8.503  8.096  7.511  7.374  7.394  7.139  7.289  8.789  9.560  9.943 
 9.901  8.955  8.527  7.437  7.064  7.489  7.026  7.978  8.428  9.396 10.281 
10.096  9.408  8.317  7.599  6.794  6.863  7.212  7.009  8.536  9.717  9.883 
10.385  8.703  8.077  7.714  7.329  7.211  7.319  7.679  8.167  9.493 10.407 
10.027  9.138  7.876  8.013  7.306  6.746  7.057  7.721  8.465  8.951  9.705 
11.020  9.284  8.271  7.188  7.471  7.746  7.063  7.555  8.193  9.013 10.169 
10.147  9.425  8.560  7.615  7.234  6.782  6.814  7.642  7.801  8.794 10.193 
10.251  8.751  8.798  7.337  6.947  7.087  7.659  7.976  8.325  8.714 10.251 
 9.784  8.717  7.680  7.198  7.090  7.056  6.114  7.945  8.310  8.369 10.006 
10.084  9.544  7.982  7.416  7.149  7.014  7.350  7.554  7.249  9.278  9.943 
10.414  9.040  8.261  7.843  6.999  6.802  7.797  7.944  7.644  8.819  9.584 
10.037  8.929  8.219  7.563  6.973  7.320  7.189  7.754  8.591  8.566  9.691 
 9.702  8.697  7.887  7.574  7.537  6.898  7.759  6.522  8.680  9.674 10.319 
 9.911  8.971  7.479  8.103  7.073  7.073  7.171  7.592  8.475  9.464 10.108 
10.282  8.972  9.037  7.342  6.559  7.377  6.995  7.708  8.034  9.484 10.184 
10.066  8.591  7.936  7.457  7.290  7.497  7.427  7.591  8.635  9.229 10.073 
10.690  8.984  8.181  7.885  6.597  7.281  7.152  8.459  8.274  8.350  9.681 
10.163  9.322  8.072  7.236  6.864  6.789  7.577  7.838  8.139  9.127 10.253 
10.085  8.763  7.815  8.147  7.076  7.055  6.820  7.462  8.071  8.974 10.034 
10.221  9.222  8.493  7.568  7.278  7.136  6.811  7.541  8.532  8.694  9.923 
 9.975  9.640  8.621  7.718  7.465  6.644  6.867  7.026  8.273  9.673  9.705 
 9.920  9.059  8.624  8.027  6.882  7.375  6.887  7.958  7.894  9.253 10.063 
10.423  9.065  8.223  7.687  6.913  6.310  7.309  7.387  7.611  9.108  9.591 
 9.753  9.061  8.244  7.468  7.557  6.877  7.279  7.689  8.033  9.105 10.078 
 9.806  8.612  8.616  8.314  6.935  7.364  7.162  6.892  8.554  9.507 10.093 
 9.985  9.092  8.280  7.707  7.362  7.145  6.815  7.661  8.237  8.699  9.633 
 9.823  8.781  8.972  7.638  6.801  7.289  7.028  7.489  8.535  8.659  9.885 
10.409  9.038  8.203  7.569  7.365  6.587  7.296  7.571  8.608  9.447 10.539 
 9.694  8.881  8.563  7.294  7.275  6.877  6.786  7.793  8.186  8.925  9.787 
 9.896  8.797  8.760  8.231  7.238  6.753  6.727  8.059  8.545  8.943  9.753 
 9.604  8.757  7.902  7.430  7.254  6.847  7.544  7.749  7.964  9.431  9.534 
 9.618  9.011  8.223  7.444  6.657  7.129  7.544  7.526  8.355  9.074  9.739 
10.246  8.968  8.122  7.396  7.250  7.583  6.858  6.918  8.064  9.271 10.006 
10.020  9.146  7.730  7.603  7.079  7.071  7.008  8.206  8.454  9.413  9.683 
10.706  8.842  8.264  7.902  7.083  7.026  7.329  8.387  8.425  9.476 10.301 
10.488  9.933  8.362  7.399  7.178  6.977  7.211  7.464  8.004  9.267 10.208 
10.159  9.375  7.755  7.757  7.454  6.847  6.855  8.307  7.560  8.804  9.958 
10.311  8.754  7.964  7.290  6.801  7.213  7.222  7.680  8.707  8.764 10.221 
10.064  8.962  8.532  7.351  7.890  7.107  6.925  7.411  8.768  8.648 10.349 
 9.654  9.715  8.739  7.579  6.926  7.131  6.853  7.641  8.249  9.453  9.582 
 9.757  8.768  7.902  7.848  7.260  7.734  7.127  7.647  8.548  8.521 10.238 
10.277  9.389  8.557  7.327  7.173  6.957  7.760  7.228  7.847  9.078  9.574 
 9.809  9.500  8.831  7.170  7.374  7.038  7.592  7.292  8.434  8.730 10.297 
10.146  9.214  7.806  7.363  6.824  7.054  6.985  7.661  7.555  8.482 10.603 
10.129  8.626  8.066  7.427  6.838  7.354  6.762  7.542  8.110  8.786  9.944 
 9.925  8.589  7.971  8.190  6.865  7.287  7.463  7.689  8.023  9.254  9.938 
10.349  9.062  8.000  8.027  7.018  7.087  7.162  7.563  8.765  8.867  9.775 
10.804  8.617  7.865  7.578  7.203  6.650  6.687  7.369  8.236  9.244 10.109 
 9.960  8.477  8.220  7.647  7.531  6.854  7.672  7.707  8.289  9.125 10.211 
10.181  8.828  8.412  7.326  7.671  7.087  7.220  7.333  7.906  8.941 10.070 
 9.656  9.397  8.940  7.777  7.603  7.319  7.186  7.940  8.231  9.706 10.047 
10.484  8.742  8.728  7.844  7.263  6.620  7.505  7.568  8.434  9.280  9.779 
 9.700  9.025  8.050  7.296  6.683  7.086  7.323  7.051  8.090  9.160 10.124 
10.209  8.854  8.126  7.796  7.104  6.663  7.259  6.943  8.180  9.477  9.930 
 9.808  8.599  8.255  7.265  7.173  7.196  6.670  7.742  8.496  8.503 10.425 
10.356  9.353  8.033  8.129  7.359  6.749  7.555  8.271  8.176  8.996 10.083 
 9.904  9.129  8.782  7.723  7.070  6.892  7.793  7.531  8.172  9.536 10.047 
10.193  8.949  9.541  8.343  7.154  6.905  6.851  7.406  8.072  9.262  9.535 
 9.745  9.298  8.457  7.829  7.114  7.054  7.328  8.293  8.324  8.871 10.031 
 9.796  9.140  8.054  7.672  7.130  7.147  7.073  7.070  8.036  8.639 10.414 
10.200  9.207  8.090  7.632  6.769  7.264  7.097  7.597  7.467  8.734 10.132 
10.135  8.824  8.366  7.714  7.362  6.575  7.142  8.107  8.271  8.598  9.416 
 9.973  9.181  8.214  7.719  7.425  6.871  7.205  7.088  7.380  9.297  9.998 
 9.673  8.962  7.624  7.402  7.211  6.676  7.603  7.292  8.024  9.098  9.407 
10.094  9.222  8.038  7.795  7.124  7.247  7.447  8.134  8.304  8.814  9.817 
 9.767  8.777  8.288  7.780  7.416  7.514  6.967  7.486  8.113  9.450 10.319 
10.077  8.855  8.380  7.185  6.917  6.915  7.079  7.729  8.165  8.711  9.915 
10.037  9.361  8.475  7.717  7.303  7.488  6.759  7.500  8.080  9.769 10.170 
10.580  9.142  8.537  7.817  7.157  6.735  7.549  7.645  8.753  8.725 10.422 
10.805  8.775  8.338  7.289  7.075  6.963  6.891  7.699  7.517  8.999  9.924 
10.245  8.550  8.626  7.323  7.452  7.174  7.383  7.621  7.460  9.619 10.186 
10.084  9.435  8.732  7.828  7.341  7.916  7.436  7.829  7.919  8.825 10.871 
 9.979  8.685  8.443  6.944  7.021  6.805  7.829  7.474  8.215  8.897  9.970 
10.673  9.421  8.268  7.519  7.242  7.705  7.226  7.865  8.358  9.187  9.971 
10.198  8.934  8.156  8.329  7.365  7.342  7.327  7.843  7.724  9.319  9.729 
 9.888  9.359  7.718  7.550  7.571  6.953  7.273  7.391  8.182  9.454 10.008 
10.181  8.662  8.836  7.961  7.432  6.888  6.875  7.295  8.145  8.752  9.884 
 9.988  9.073  8.037  7.640  7.366  7.176  7.183  7.735  8.523  9.428  9.816 
10.099  9.256  8.055  7.454  7.118  6.898  7.467  8.351  8.396  9.126 10.305 
10.137  8.611  8.071  7.575  7.273  6.774  7.403  7.582  9.099  9.243  9.906 
 9.822  9.021  8.241  7.675  7.607  6.721  7.820  7.229  8.294  9.071 10.181 
10.495  8.818  8.656  7.988  6.722  7.050  7.162  7.647  8.246  8.933  9.478 
10.002  8.593  8.211  7.827  7.013  6.846  7.343  8.277  8.230  8.826  9.981 
 9.757  8.988  8.174  7.698  7.115  6.873  7.548  7.866  7.922  8.476 10.215 
 9.481  9.473  8.714  7.500  7.175  7.611  6.858  7.613  9.017  8.646  9.626 
 9.926  9.075  8.125  7.334  7.198  7.242  6.929  7.674  8.324  8.764 10.625 
 9.870  8.923  8.274  7.791  7.039  7.239  7.731  7.661  8.814  9.286  9.829 
 9.742  9.354  8.626  7.982  7.879  7.713  7.276  7.497  8.472  9.849 10.076 
10.439  8.434  8.321  7.794  7.670  6.694  6.943  8.058  7.329  9.270  9.859 
10.412  9.382  8.327  7.719  6.751  7.787  7.149  6.903  8.144  9.295  9.984 
 9.651  9.555  7.979  7.447  6.883  6.668  7.306  7.070  8.084  8.751  9.570 
 9.570  9.257  8.207  7.845  7.021  7.535  7.480  7.735  8.866  9.127  9.807 
10.076  9.252  8.805  7.589  7.389  7.045  7.363  7.485  7.977  9.383  9.929 
10.492  9.240  8.734  7.762  7.225  7.217  7.435  8.229  8.580  9.467 10.246 
 9.521  8.829  8.440  7.688  7.183  6.630  7.250  7.463  7.907  8.496  9.856 
10.191  8.535  8.209  7.299  7.167  7.154  7.599  6.986  8.344  9.033 10.359 
10.166  9.748  8.228  7.501  6.895  6.892  7.207  7.151  8.175  8.954  9.755 
10.281  9.115  7.978  7.627  6.678  7.150  7.881  7.889  7.975  8.668 10.610 
 9.997  8.935  8.120  7.632  7.314  6.805  6.903  6.967  7.934  9.060 10.072 
 9.865  9.079  8.233  7.570  6.810  7.143  7.550  7.416  8.603  9.194 10.346 
10.052  8.624  8.622  7.920  7.433  6.758  6.991  7.433  8.003  9.129  9.721 
10.020  8.725  8.066  7.137  7.020  6.432  7.466  7.761  8.281  9.161 10.029 
 9.779  8.627  8.709  7.983  7.257  7.200  7.881  7.972  8.055  9.180  9.934 
10.026  8.650  7.788  7.643  7.358  7.336  7.266  7.351  8.038  9.057 10.526 
 9.842  9.299  8.699  7.397  7.047  7.411  7.158  7.191  8.276  9.538  9.875 
10.378  8.992  8.514  7.613  7.554  6.634  6.896  7.856  8.411  8.932 10.225 
 9.265  8.782  8.393  7.302  7.151  6.788  7.118  7.374  8.496  9.125 10.332 
 9.554  8.920  8.288  8.234  7.266  7.189  7.508  7.219  8.614  9.132 10.052 
 9.346  8.753  8.415  6.986  7.112  6.616  7.605  7.897  8.149  9.216  9.994 
 9.319  8.798  8.602  7.365  7.255  6.866  7.557  7.663  8.367  8.821  9.832 
 9.577  9.153  8.585  7.955  7.156  7.260  7.384  7.960  8.745  9.369 10.271 
10.365  8.484  8.366  7.108  7.058  7.299  7.140  7.253  8.524  9.888  9.626 
10.398  8.856  8.559  7.560  7.487  6.532  7.551  7.412  8.263  9.062 10.660 
10.687  8.753  7.982  8.049  7.703  7.002  7.580  7.523  8.419  9.194 10.160 
10.043  9.068  8.104  7.936  7.904  7.190  7.387  7.186  7.561  9.044 10.374 
10.414  8.790  8.772  7.852  8.151  7.130  7.141  7.671  8.078  9.042 10.067 
10.183  9.291  8.224  7.300  7.410  6.945  7.075  7.590  8.766  9.145 10.346 
 9.801  8.996  8.567  7.669  7.157  7.503  8.006  8.088  8.455  9.368  9.219 
 9.578  9.243  8.224  7.391  7.075  7.347  7.092  8.166  8.568  8.850 10.409 
 9.943  8.911  8.022  7.542  7.143  7.276  6.956  7.612  8.511  9.069  9.852 
 9.770  8.896  8.024  7.130  7.828  6.997  7.465  7.559  7.797  9.352 10.405 
 9.830  8.407  8.045  7.393  7.095  6.979  7.005  7.638  8.823  9.402 10.365 
 9.964  9.433  8.505  7.625  6.899  7.667  6.778  7.643  8.934  8.886  9.829 
10.242  8.714  7.798  7.366  6.863  7.041  7.458  7.845  8.763  9.199 10.104 
10.353  8.699  8.058  7.501  7.031  7.659  7.531  7.482  8.403  8.701  9.925 
10.017  9.463  8.071  7.448  6.654  7.260  6.974  7.100  8.467  9.398 10.321 
 9.883  8.964  8.301  7.919  7.325  7.493  7.222  7.306  7.427  9.132 10.075 
10.259  9.510  8.212  7.779  7.035  6.636  7.443  8.016  7.860  9.123  9.956 
 9.754  9.444  7.948  7.484  7.393  7.313  7.689  7.461  8.096  8.668 10.119 
10.004  9.785  8.544  7.762  7.301  6.471  7.441  7.508  8.084  9.631 10.246 
 9.484  8.669  8.877  7.798  6.733  6.950  7.372  7.586  8.070  8.784 10.060 
10.225  9.612  8.215  7.721  7.187  7.299  7.697  7.988  8.433  9.166 10.149 
10.458  9.076  8.214  7.966  6.792  6.931  6.868  7.199  8.230  8.986 10.093 
 9.851  9.206  7.750  7.881  7.044  6.536  7.170  7.902  8.074  9.246  9.709 
 9.587  9.690  8.268  7.474  7.106  6.818  7.300  7.543  8.023  8.570 10.651 
10.251  9.656  8.018  7.543  7.441  7.511  7.076  7.640  8.166  8.720  9.485 
 9.849  9.141  8.109  7.206  7.050  6.994  7.095  7.813  8.882  9.036  9.899 
 9.951  9.437  7.961  7.801  6.734  7.431  7.386  7.342  8.265  9.100 10.370 
 9.880  8.978  8.649  7.647  7.101  7.288  7.140  7.423  8.645  9.474  9.934 
10.368  9.729  8.487  7.492  6.860  7.040  7.749  7.367  7.971  8.652 10.397 
10.629  8.908  8.032  7.337  6.795  7.217  7.173  8.103  8.764  9.234  9.692 
 9.993  8.495  8.415  7.880  6.849  7.546  7.483  7.846  8.582  9.178 10.220 
10.258  9.030  8.147  8.031  7.684  7.268  7.170  8.104  8.429  8.939  9.355 
10.440  8.932  8.277  7.775  6.853  6.662  7.009  7.486  8.268  9.328 10.413 
 9.629  9.266  8.007  7.747  6.783  7.756  7.807  7.486  7.845  9.297 10.156 
10.102  9.233  8.019  7.533  7.226  6.917  7.218  7.688  8.010  8.486  9.280 
 9.850  9.425  8.866  7.963  7.104  6.949  6.617  7.236  8.086  9.148 10.085 
 9.327  9.647  8.152  7.703  6.187  7.573  7.146  7.863  8.353  9.038  9.969 
 9.408  8.626  7.989  7.907  7.321  6.639  7.907  7.394  8.005  9.446 10.091 
 9.625  9.255  8.617  7.208  7.013  7.504  7.438  7.681  8.241  8.715 10.682 
 9.825  8.600  8.330  7.308  7.217  7.485  7.269  7.901  8.471  8.809  9.161 
 9.611  8.528  8.194  7.508  7.162  7.119  7.447  8.013  8.034  9.081  9.805 
10.106  9.319  8.650  7.466  7.409  7.208  7.438  7.256  8.092  9.343 10.195 
10.271  9.153  8.199  7.976  7.108  6.747  6.938  7.679  7.943  9.530 10.140 
10.135  9.275  8.392  7.713  7.544  6.702  7.147  7.798  8.399  9.037 10.074 
10.111  9.362  8.405  7.320  7.246  7.031  7.116  7.539  8.233  9.790  9.774 
 9.476  9.176  8.300  7.671  7.121  6.596  7.059  7.678  8.334  9.106 10.447 
10.095  8.491  8.291  7.669  6.339  6.948  7.384  7.620  8.418  9.410  9.586 
 9.825  9.174  8.871  7.869  7.518  6.828  7.138  7.692  8.355  9.206 10.202 
10.016  8.766  8.304  7.383  7.381  7.384  7.651  8.314  8.674  9.409  9.967 
 9.928  8.656  8.448  8.245  7.047  6.803  7.121  7.477  8.028  8.908 10.238 
 9.985  9.977  7.703  7.492  7.066  6.905  7.264  7.503  8.890  8.776 10.164 
 9.943  8.428  7.846  7.315  7.565  7.196  6.578  7.420  8.215  8.888 10.059 
10.336  9.228  8.402  7.438  6.718  6.946  6.777  7.220  8.410  8.916  9.724 
10.090  8.546  8.179  7.053  7.400  6.803  7.849  7.334  8.046  8.731  9.091 
10.375  9.445  8.310  7.803  7.134  6.979  7.390  7.614  8.305  8.819 10.460 
10.449  8.945  8.404  7.665  7.212  7.828  7.351  7.676  8.364  8.617 10.033 
10.606  8.811  8.191  7.346  6.905  6.822  7.076  7.674  8.265  9.019 10.179 
 9.754  9.164  8.255  7.303  7.753  7.202  7.574  7.508  8.026  8.904 10.010 
10.029  8.705  7.987  7.606  7.347  6.989  7.056  7.512  8.464  8.857 10.161 
 9.758  8.908  8.609  7.817  7.612  7.122  7.243  7.393  8.296  8.921  9.832 
10.466  8.892  8.271  7.258  6.857  6.874  7.102  7.325  8.035  9.247  9.743 
 9.617  9.206  8.746  7.348  8.060  7.169  6.871  7.594  8.186  9.864  9.391 
 9.806  8.720  8.135  7.536  7.648  6.971  6.895  7.695  8.068  8.870  9.931 
10.088  9.139  7.697  7.644  7.338  7.297  7.216  7.572  8.583  9.262 10.037 
10.181  8.962  8.667  7.641  7.461  7.614  7.477  7.468  8.314  8.856  9.968 
10.031  9.061  8.270  7.553  7.473  7.324  6.984  7.519  8.370  9.093  9.604 
 9.801  8.688  8.446  7.522  7.340  7.365  7.164  8.175  8.231  9.115  9.589 
10.282  9.435  8.726  7.988  7.315  7.250  7.604  7.627  8.705  9.299 10.053 
 9.987  8.925  7.956  7.833  7.317  6.910  7.043  8.037  8.540  9.036  9.592 
 9.963  9.426  8.135  7.799  7.429  7.184  7.465  7.793  8.400  9.221 10.550 
 9.808  9.093  8.197  7.543  7.189  7.722  7.399  8.109  8.539  9.342 10.078 
 9.932  8.978  8.005  7.492  6.893  7.273  7.158  8.171  8.926  8.827  9.769 
 9.653  9.393  7.793  7.824  7.623  6.908  7.355  7.491  8.011  8.953  9.598 
10.018  8.957  8.628  8.016  7.729  7.201  6.734  7.741  8.476  9.380  9.725 
 9.852  9.067  8.440  7.819  7.832  6.842  7.500  7.409  7.976  9.584 10.105 
 9.988  9.410  9.338  8.121  7.107  7.384  7.143  7.991  7.913  8.975  9.635 
 9.710  8.944  8.131  7.544  6.864  7.000  6.536  7.016  8.262  8.898 10.228 
10.079  9.092  7.989  7.491  7.386  7.004  7.064  7.535  8.199  8.550  9.866 
10.357  9.348  8.298  8.306  7.164  7.292  6.826  7.710  8.453  9.055  9.175 
 9.654  9.075  8.307  7.253  7.157  6.354  7.125  7.189  8.067  9.029  9.808 
 9.409  9.150  8.587  7.620  7.184  7.183  7.225  7.819  8.643  8.878 10.317 
 9.833  8.813  7.774  7.821  6.826  6.842  6.624  7.480  7.783  8.563  9.979 
10.010  8.626  7.675  7.422  7.099  7.540  7.410  7.848  8.547  9.119  9.725 
 9.964  8.958  8.085  7.597  7.486  7.765  7.267  7.319  8.101  9.256 10.348 
 9.705  9.344  8.536  7.752  6.901  6.981  7.491  8.017  7.696  8.432 10.059 
10.213  8.784  7.857  7.595  7.502  6.966  6.845  7.408  8.092  8.707  9.563 
 9.438  9.032  8.008  7.593  6.981  7.840  7.212  7.959  8.839  9.591 10.494 
10.423  9.532  7.863  7.340  7.415  7.103  6.899  7.524  8.214  9.048  9.765 
 9.287  8.660  8.199  7.690  7.622  6.759  7.016  7.312  7.868  8.885  9.601 
10.362  8.810  8.342  7.806  6.767  7.029  7.348  7.944  8.407  9.200 10.061 
 9.985  9.076  7.635  8.200  7.296  7.652  7.309  7.621  8.093  8.753  9.491 
 9.942  9.787  8.223  7.420  7.190  6.722  7.377  7.575  8.076  9.003 10.113 
10.196  9.066  8.314  7.784  7.180  7.306  7.462  7.523  8.576  9.288 10.050 
10.143  8.830  8.388  8.113  7.622  7.374  6.799  7.540  8.652  9.174 10.448 
10.295  8.888  7.936  7.670  7.228  7.083  7.117  7.344  7.502  8.802  9.987 
 9.770  8.665  8.791  7.706  6.745  6.648  7.359  7.837  8.365  9.069  9.674 
 9.591  8.692  8.124  7.701  7.249  7.199  7.194  8.066  8.328  9.522 10.226 
10.000  9.060  8.149  8.049  7.230  7.003  7.072  7.851  8.766  8.819  9.966 
10.354  8.371  8.335  7.625  7.234  7.565  7.122  7.882  8.425  9.045  9.614 
10.143  9.320  8.381  8.014  6.961  7.209  7.360  7.496  8.699  8.895 10.146 
 9.471  9.322  8.330  7.826  7.332  7.067  7.240  7.291  7.543  8.779 10.133 
10.369  8.956  7.826  7.274  7.398  7.606  6.967  6.964  7.731  9.225 10.478 
 9.997  8.522  8.331  7.312  6.477  6.996  7.326  7.585  8.284  8.698  9.849 
 9.815  8.665  8.468  7.517  7.569  7.511  7.236  7.147  8.758  8.949  9.864 
 9.895  8.717  8.218  7.682  7.531  7.123  7.316  7.432  8.037  9.468 10.277 
10.072  8.755  8.293  7.760  7.231  6.624  6.557  7.608  8.286  9.074 10.319 
 9.656  9.169  7.808  7.671  7.089  7.022  7.175  7.733  8.665  8.186  9.442 
 9.718  8.781  8.097  7.903  7.294  6.728  7.327  7.946  7.864  9.229  9.664 
10.137  9.024  8.441  7.003  7.200  7.065  7.079  7.339  8.906  8.758 10.544 
 9.450  9.090  7.882  7.886  7.143  7.508  7.309  7.831  8.520  9.569  9.647 
10.076  9.340  8.042  7.512  7.028  7.387  6.824  7.522  7.533  9.237 10.534 
 9.918  9.883  8.603  7.602  7.021  7.259  6.963  7.503  7.849  8.524  9.233 
 9.889  9.018  8.038  6.785  7.701  7.216  6.924  7.768  8.311  9.384 10.380 
10.162  8.923  8.401  7.977  6.873  7.501  7.232  7.490  8.245  9.106  9.774 
10.106  9.177  7.975  7.507  7.282  7.074  7.066  7.493  8.055  8.997  9.994 
10.323  9.270  8.096  8.025  7.579  7.130  7.250  7.740  8.397  9.686  9.937 
10.192  9.404  7.981  7.834  7.617  7.191  6.865  7.375  8.351  8.288 10.059 
 9.904  9.337  8.272  7.572  7.431  6.680  7.298  7.804  8.280  9.361  9.334 
10.262  9.741  8.332  7.775  7.328  7.136  7.208  7.862  8.577  8.965 10.126 
 9.923  9.301  7.762  7.864  7.487  6.764  7.196  7.722  8.431  9.438  9.866 
 9.894  8.453  8.541  7.848  7.748  7.482  7.460  7.787  8.549  8.809  9.660 
10.075  9.633  7.980  7.681  7.007  7.059  6.995  7.308  8.098  9.050 10.392 
 9.667  9.169  8.178  7.613  7.298  7.556  7.112  7.431  8.542  9.080 10.714 
 9.955  8.620  8.585  7.616  7.143  7.000  6.769  7.965  7.884  8.831  9.963 
 9.868  8.937  7.661  8.091  7.518  7.148  7.224  7.962  8.367  8.970 10.404 
10.668  9.010  8.472  7.839  6.853  7.008  7.170  7.409  8.534  9.615 10.465 
 9.479  9.217  7.858  7.482  7.319  7.366  7.262  8.118  7.534  9.074  9.610 
 9.866  9.508  7.987  7.841  6.982  7.203  7.324  7.254  8.557  9.318 10.057 
 9.792  9.177  7.961  7.552  7.038  7.040  7.530  7.284  7.689  8.310 10.095 
 9.630  9.728  8.340  7.435  6.973  6.935  7.851  7.966  8.629  8.345 10.783 
 9.978  8.931  8.758  7.448  7.045  7.172  6.947  7.681  8.803  9.380 10.615 
10.194  9.401  8.009  7.863  7.030  7.312  7.245  7.747  8.617  8.748  9.754 
10.056  9.096  7.756  7.453  6.920  7.340  7.417  7.050  8.238  8.964 10.104 
10.205  9.638  7.983  7.809  7.876  6.861  7.275  7.538  7.980  8.719 10.604 
 9.870  9.012  7.722  7.710  6.821  7.039  7.205  7.883  8.376  9.421  9.682 
10.668  9.420  7.920  8.149  6.962  7.195  7.118  7.614  8.184  8.786 10.485 
 9.976  9.496  8.136  7.852  7.351  7.420  6.467  7.636  8.493  9.142  9.707 
 9.773  9.449  8.183  7.649  7.356  7.675  7.319  7.862  8.336  8.973 10.484 
 9.960  9.191  7.863  7.722  7.392  7.262  7.251  7.081  8.417  8.633 10.273 
 9.588  9.390  8.501  8.119  6.979  6.963  7.485  7.452  8.099  8.480  9.685 
10.064  9.075  8.792  7.594  7.123  7.235  6.985  7.383  8.485  9.079 10.043 
10.275  9.135  8.607  7.174  6.747  7.265  7.277  7.687  8.224  9.308  9.971 
10.077  9.210  8.028  7.308  7.029  7.360  6.792  7.944  7.961  9.315 10.185 
10.290  8.325  7.859  7.438  7.481  7.297  7.483  7.645  8.630  8.771  9.854 
 9.876  8.379  8.406  7.704  7.294  7.054  6.899  7.945  8.117  9.425  9.974 
10.105  8.770  7.900  7.173  7.831  7.454  6.695  7.865  8.285  8.797  9.989 
10.351  9.329  8.546  7.530  7.240  6.823  7.173  7.329  8.046  9.084  9.932 
 9.816  9.212  8.140  7.815  7.464  7.241  6.948  7.569  8.189  9.086  9.427 
10.327  9.239  8.459  7.688  7.662  7.219  7.556  7.143  8.355  8.904  9.936 
 9.441  9.203  8.289  7.230  7.328  7.741  7.996  7.381  8.143  9.337 10.311 
10.480  9.070  8.599  7.930  7.039  7.128  7.259  7.624  8.235  8.873  9.643 
 9.811  8.803  7.908  7.351  6.950  7.062  6.784  7.380  8.948  8.681  9.644 
 9.762  9.408  8.763  7.643  7.514  6.876  8.117  7.144  8.061  9.012  9.987 
10.105  9.202  8.376  8.174  6.686  6.973  7.723  7.514  7.678  9.666  9.968 
10.041  8.732  7.798  7.777  7.458  7.015  7.247  8.072  8.057  8.951 10.387 
 9.897  8.879  8.282  7.411  6.851  7.448  7.020  7.117  8.494  9.184 10.011 
 9.663  8.832  8.409  7.703  7.393  7.302  7.541  6.993  8.553  9.231 10.150 
 9.971  8.512  8.290  7.454  7.008  7.300  6.979  7.941  8.153  9.506 10.136 
 9.704  9.061  8.187  7.431  6.873  6.528  6.877  7.963  8.736  9.732 10.037 
10.357  9.097  7.899  7.602  7.369  7.058  7.280  7.768  7.928  9.462  9.473 
 9.892  8.299  8.131  7.314  7.373  6.928  7.018  7.490  8.348  9.018 10.610 
10.015  9.220  8.114  7.876  7.026  6.765  7.909  7.866  8.519  8.921  9.643 
 9.861  9.211  8.308  8.126  7.227  7.620  6.982  7.733  8.483  9.398  9.741 
10.146  8.777  8.393  7.738  6.918  6.742  7.095  7.059  8.389  9.113  9.772 
10.072  8.719  7.703  7.676  6.942  6.603  6.427  7.647  8.216  9.265 10.274 
10.351  9.323  8.699  7.675  7.427  7.324  7.443  7.792  7.936  9.418  9.622 
10.181  9.104  8.085  7.338  7.108  7.243  7.054  7.193  8.464  9.012 10.107 
 9.607  9.376  8.130  7.312  7.497  7.054  7.506  7.659  8.296  8.832  9.827 
10.192  9.166  7.870  7.424  7.427  7.446  7.415  7.603  8.114  9.108 10.066 
10.288  8.812  8.169  7.602  7.343  6.889  7.477  7.427  8.482  8.988 10.267 
10.282  9.303  8.186  7.395  6.545  7.160  7.316  7.213  8.810  9.246  9.735 
 9.859  9.062  8.443  7.194  7.237  7.351  6.752  7.556  8.675  8.916 10.127 
 9.751  8.994  8.788  7.687  7.526  7.134  7.223  8.018  8.302  8.617  9.960 
 9.675  8.913  8.665  7.567  7.085  7.218  6.983  7.495  8.074  8.668 10.204 
10.073  9.091  8.684  7.472  6.987  7.261  6.925  7.528  8.528  8.786  9.989 
10.002  8.895  8.205  7.598  7.051  7.084  7.313  7.756  7.863  9.436  9.997 
 9.870  9.294  8.341  8.079  7.149  6.984  7.189  7.041  8.482  9.193 10.144 
 9.950  8.963  8.798  8.064  7.195  6.842  7.491  7.160  8.500  8.391 10.244 
 9.563  8.716  8.241  7.956  6.891  6.531  7.543  7.429  8.508  8.825 10.022 
10.102  9.115  8.675  7.972  6.832  7.077  7.528  7.747  8.285  9.531 10.160 
 9.997  9.258  8.348  7.681  7.365  7.515  7.505  7.246  8.381  9.009 10.494 
10.031  8.775  8.099  7.248  7.187  6.892  7.541  7.781  7.930  8.721  9.408 
10.607  8.997  7.885  7.759  7.239  6.964  7.483  7.623  7.989  9.590 10.365 
 9.939  9.269  8.601  7.620  7.151  6.774  7.013  7.606  8.058  9.304 10.414 
10.014  9.510  7.956  7.086  7.417  6.571  7.176  7.797  7.790  8.529  9.655 
10.436  9.169  8.057  7.146  7.838  7.052  7.025  8.265  8.612  8.919 10.332 
10.425  8.655  8.404  7.365  7.339  6.928  7.236  7.394  8.639  9.038  9.952 
 9.854  9.469  8.134  7.737  6.772  6.396  7.262  7.142  7.916  8.662 10.561 
10.333  8.726  8.600  7.923  7.174  7.245  7.495  7.477  8.567  8.946  9.656 
10.052  9.075  8.251  6.910  6.883  6.926  7.029  7.314  7.838  8.871 10.228 
10.004  9.018  8.849  7.567  7.377  7.194  7.579  7.966  8.490  9.332 10.061 
10.316  9.108  7.956  7.472  7.502  6.937  7.261  8.092  8.113  9.382  9.619 
 9.953  8.835  8.056  7.353  7.098  6.484  7.212  7.232  8.639  9.070 10.060 
 9.986  9.421  7.893  7.855  7.224  7.528  7.349  7.638  7.458  9.188  9.852 
 9.908  8.958  8.400  7.642  7.493  7.374  6.883  7.785  8.606  8.920  9.790 
 9.824  8.887  8.231  7.115  7.523  7.095  6.716  8.259  8.694  9.242  9.913 
10.086  8.901  8.207  7.903  6.914  7.019  7.443  7.576  8.183  8.660  9.795 
 9.764  8.751  8.264  7.226  7.408  6.703  7.411  7.908  8.330  8.796  9.578 
10.948  8.839  8.356  7.816  7.417  7.228  7.476  7.397  8.584  8.602  9.997 
10.345  9.483  8.285  7.655  7.272  7.018  7.031  7.534  7.914  9.418  9.982 
10.031  8.923  8.206  7.077  6.786  7.032  7.488  7.812  8.231  9.202  9.599 
 9.923  8.859  8.546  7.338  7.277  7.037  7.211  7.606  8.124  9.123 10.259 
 9.997  8.607  8.161  7.588  6.908  7.433  7.280  7.399  8.781  9.648 10.072 
 9.582  9.169  8.252  6.811  7.288  7.270  7.489  7.824  8.442  8.735  9.888 
10.434  9.162  8.150  7.553  7.680  7.419  7.173  7.753  7.582  8.881 10.255 
10.608  8.902  8.372  7.983  7.012  7.250  7.292  7.762  7.581  8.856 10.162 
 9.612  9.530  7.965  7.701  7.382  7.917  7.517  7.496  8.262  9.119 10.081 
 9.894  9.095  8.221  7.549  6.656  7.024  7.150  7.485  8.555  8.788  9.439 
 9.686  8.832  7.984  7.403  7.267  7.493  7.055  7.850  8.153  9.182 10.287 
 9.674  8.957  8.357  7.446  7.202  7.077  6.911  7.364  8.027  9.052 10.410 
 9.807  9.256  7.995  7.516  7.184  6.806  7.116  7.753  7.827  9.099 10.162 
 9.907  9.903  8.198  7.583  7.566  6.871  7.478  7.479  8.243  8.939  9.561 
10.064  8.871  8.861  7.368  7.294  7.046  7.352  7.982  8.360  9.291 10.268 
 9.834  8.926  7.897  7.359  7.655  7.096  7.265  7.822  8.116  9.269 10.793 
 9.915  9.392  7.352  7.278  7.260  7.081  7.124  6.972  8.203  8.704 10.309 
 9.824  8.734  7.806  7.603  6.728  6.586  7.103  7.589  8.216  8.972 10.253 
10.617  9.265  8.553  7.737  7.948  7.074  7.432  8.039  8.350  8.964 10.236 
10.375  9.135  7.967  7.799  7.169  6.893  7.093  7.540  8.096  9.007 10.341 
10.435  9.497  7.916  7.154  7.174  7.084  7.323  7.396  8.787  9.308 10.008 
 9.867  8.752  8.051  7.175  6.859  6.788  6.988  7.583  8.108  8.804  9.457 
 9.962  9.261  8.080  7.815  7.967  6.527  6.922  7.620  8.070  8.996 10.025 
10.401  8.932  8.624  7.977  7.142  6.893  7.098  7.828  8.460  9.283 10.079 
10.423  9.256  8.482  7.531  7.145  6.924  7.303  6.821  8.307  8.846  9.680 
10.364  8.357  8.130  7.901  7.555  6.445  6.989  7.821  8.378  8.692 10.005 
 9.632  8.998  8.036  7.275  7.380  7.252  7.787  8.073  7.877  9.119 10.112 
 9.850  9.018  8.430  7.811  7.282  6.855  6.773  7.812  8.371  9.307  9.969 
 9.899  8.740  8.157  7.639  7.147  6.688  6.790  7.282  8.451  9.065 10.061 
 9.673  9.329  8.633  7.912  7.178  6.806  7.319  7.936  7.715  8.522  9.571 
 9.908  9.232  7.672  8.170  7.714  7.011  7.367  7.343  8.591  8.976  9.868 
 9.873  8.940  8.304  7.629  6.985  7.206  7.331  7.993  8.235  8.976 10.044 
10.027  9.166  7.830  7.320  7.309  7.296  7.290  8.145  8.153  9.145  9.862 
 9.904  9.075  8.568  7.217  7.947  7.181  6.904  7.516  8.195  9.185  9.985 
10.450  8.943  7.993  7.646  7.234  6.851  7.278  7.298  7.673  9.088  9.673 
10.177  9.431  8.502  7.485  6.730  6.756  7.070  7.798  8.380  8.880  9.666 
10.187  8.815  8.176  8.195  7.754  7.608  7.425  7.726  8.731  9.406  9.717 
10.182  8.906  7.919  7.935  7.116  6.896  7.058  7.624  8.010  8.811  9.665 
 9.998  9.393  8.118  8.156  7.095  6.790  7.569  7.241  7.875  8.972 10.276 
 9.839  9.633  8.068  8.051  7.474  7.044  7.103  7.612  8.290  9.163 10.444 
 9.870  9.086  8.362  7.582  6.840  7.193  7.315  8.278  8.043  9.075  9.335 
10.075  9.040  8.209  7.691  7.292  7.133  7.389  7.842  8.636  8.485 10.214 
 9.482  8.621  8.156  7.291  7.065  6.990  6.811  7.389  7.642  9.413 10.073 
10.124  9.551  7.938  6.875  7.337  7.157  6.981  7.765  8.106  8.785  9.935 
10.165  8.928  8.165  7.306  7.582  6.903  7.677  7.564  8.238  9.087 10.421 
 9.791  9.067  7.885  7.451  7.262  7.240  7.771  7.880  7.909  9.207 10.309 
10.656  9.292  7.887  7.602  7.180  6.649  6.911  7.671  7.404  9.007  9.304 
10.034  9.185  7.935  7.513  7.297  7.176  7.261  7.548  8.086  8.789 10.294 
 9.891  7.857  8.665  7.460  7.157  6.619  7.029  7.786  8.076  9.438  9.641 
 9.674  9.450  8.168  7.945  7.372  7.135  7.042  7.187  7.647  9.082  9.543 
10.237  9.406  7.731  7.017  6.999  7.848  6.923  7.505  8.509  8.630 10.388 
10.078  9.254  8.712  7.591  6.957  6.752  7.274  7.407  8.045  8.941 10.079 
10.331  9.491  8.373  7.756  7.372  6.899  7.197  7.150  7.906  8.684  9.828 
 9.874  9.166  8.093  7.334  7.248  6.784  7.526  7.559  7.955  8.833 10.187 
10.435  8.797  8.281  7.795  7.304  6.741  6.743  7.200  7.782  8.497  9.991 
 9.804  8.979  8.751  7.310  7.202  6.961  7.271  7.397  8.018  9.373  9.941 
 9.811  8.739  7.893  7.218  7.328  6.979  6.835  7.437  7.853  9.394 10.063 
 9.666  9.140  8.406  7.324  7.768  7.157  7.263  7.539  8.136  9.145  9.829 
 9.780  9.041  7.797  7.954  7.272  6.946  7.245  7.994  8.446  8.950 10.481 
 9.450  8.850  8.029  7.003  7.801  6.751  7.133  7.144  8.019  9.134  9.820 
 9.487  9.222  8.017  7.370  7.717  7.345  7.186  7.789  7.900  8.846  9.465 
 9.996  9.022  8.431  7.701  6.659  6.773  6.601  7.297  7.880  8.807  9.917 
10.875  9.550  7.992  6.557  7.040  7.081  7.756  8.071  8.050  8.927 10.055 
 9.934  9.230  7.921  7.568  6.911  6.869  7.334  8.106  7.952 10.019  9.964 
 9.774  9.511  8.380  7.693  7.526  7.113  7.276  7.555  8.355  9.437 10.754 
 9.566  9.294  8.270  7.551  7.470  6.717  7.357  7.854  7.668  9.713 10.220 
 9.616  8.867  7.763  7.529  7.642  6.846  6.822  7.765  8.709  8.839 10.526 
10.335  9.543  8.475  7.804  7.234  6.916  7.106  7.840  8.060  8.434 10.603 
10.063  9.017  7.975  7.474  7.378  7.509  7.123  7.795  8.472  8.562 10.469 
10.169  9.118  8.135  7.659  7.017  7.669  7.322  7.502  8.143  9.334  9.912 
10.320  9.399  8.531  7.326  6.862  6.815  7.754  7.885  7.950  8.971 10.525 
 9.672  8.928  7.906  7.987  7.572  6.928  6.732  7.101  8.058  9.031 10.478 
 9.964  8.864  7.744  7.786  7.273  7.264  7.036  7.590  8.104  8.862  9.820 
10.114  8.954  8.151  7.909  7.161  6.906  7.844  7.535  7.880  9.445 10.499 
10.219  9.172  8.547  7.531  7.953  6.847  6.979  7.677  8.405  8.712 10.277 
10.260  9.026  8.350  7.888  7.262  7.305  6.900  7.872  8.487  8.776  9.792 
10.193  8.868  8.098  7.107  7.219  7.151  7.432  7.492  8.182  8.837  9.831 
 9.776  8.787  8.068  7.990  7.033  7.174  7.433  7.735  8.449  9.287  9.862 
10.058  8.832  8.663  7.376  7.552  7.451  7.958  7.205  8.025  9.266  9.501 
10.137  9.027  7.838  7.762  7.032  7.545  6.490  8.024  7.701  9.090  9.773 
 9.959  9.144  8.564  7.447  6.877  6.989  7.513  7.853  7.778  8.949 10.137 
 9.780  9.336  8.130  7.649  7.228  7.675  7.745  7.108  8.919  9.539  9.767 
 9.649  8.895  8.288  7.173  7.195  7.246  7.208  7.220  8.049  8.635 10.032 
 9.744  8.909  8.229  7.348  6.811  6.836  7.772  7.819  7.489  9.216  9.766 
 9.349  9.325  8.000  7.266  6.958  7.227  6.772  7.959  8.226  8.952  9.914 
10.096  8.824  7.958  7.497  7.321  7.238  7.439  7.611  7.901  9.216 10.324 
 9.611  8.833  8.182  7.324  6.972  7.387  6.695  7.351  7.794  8.984  9.582 
10.130  9.022  8.384  7.140  7.266  7.577  7.054  7.023  8.618  9.187  9.930 
 9.795  8.841  8.493  7.092  7.067  7.132  6.869  7.364  8.192  8.427  9.970 
 9.867  9.528  8.227  7.516  6.967  6.752  7.702  7.584  7.699  9.163  9.882 
10.159  8.954  7.983  8.049  7.104  6.726  6.673  7.872  8.093  8.526 10.135 
 9.777  9.216  8.152  7.496  7.209  6.799  7.050  7.920  8.460  8.907  9.805 
10.112  8.677  8.033  8.105  7.577  7.266  7.734  7.851  8.165  9.024 10.138 
 9.307  9.325  8.450  7.884  7.181  7.104  7.561  8.288  8.968  9.089  9.616 
10.377  9.116  8.547  7.021  7.155  6.657  6.978  7.096  8.546  9.188  9.773 
10.284  8.642  8.740  7.690  7.800  7.386  7.315  7.208  8.034  9.616 10.003 
 9.940  8.814  7.908  7.768  7.144  7.405  7.346  7.530  7.828  8.827  9.569 
10.255  8.247  8.889  7.549  6.808  6.964  6.962  6.990  7.819  9.256  9.825 
 9.739  8.985  8.818  8.328  7.377  7.244  7.083  7.236  8.485  9.260  9.795 
10.459  9.570  8.193  7.984  7.085  6.371  6.936  7.229  8.108  8.877  9.751 
 9.940  8.893  8.566  7.829  7.531  6.718  7.218  7.525  7.447  8.827 11.012 
10.273  8.889  8.133  8.192  8.078  6.829  7.048  7.440  8.240  8.851 10.185 
 9.869  8.956  8.187  8.211  7.000  7.154  7.742  7.538  8.247  8.884  9.958 
 9.705  9.226  8.296  7.429  7.189  7.222  7.344  7.753  8.744  8.594  9.944 
10.176  8.590  8.246  7.829  6.798  7.086  7.280  7.485  8.239  8.754  9.966 
10.722  9.664  8.923  7.202  6.772  6.305  6.921  7.707  8.390  8.973  9.820 
 9.923  8.573  7.803  7.873  7.679  7.488  6.823  7.813  8.380  9.497  9.922 
 9.582  9.242  7.585  7.754  7.010  6.922  6.699  7.796  8.520  8.584  9.750 
 9.890  8.945  8.328  7.518  7.076  7.330  7.919  7.492  7.725  9.573 10.022 
 9.840  9.010  8.704  8.120  6.922  7.662  7.217  7.793  8.287  9.050 10.054 
 9.791  9.322  7.592  7.433  7.262  7.677  6.845  7.464  8.149  8.977  9.674 
 9.564  8.975  8.428  7.557  7.302  7.239  6.563  7.429  8.057  8.892  9.489 
10.048  8.714  8.627  6.879  7.198  6.796  7.552  7.685  8.388  9.104  9.981 
 9.865  9.215  7.935  7.819  7.151  7.443  7.062  7.890  8.439  9.376  9.742 
 9.673  8.862  8.809  7.406  6.871  7.203  7.012  7.624  8.026  8.955 10.075 
 9.698  9.296  8.515  7.652  7.153  7.890  7.269  7.591  8.042  9.274 10.455 
 9.782  8.844  8.142  7.861  7.106  7.294  6.547  7.438  7.720  9.167  9.492 
10.440  8.888  8.791  7.329  8.029  7.077  7.413  8.065  8.385  8.776 10.414 
 9.747  9.771  8.363  8.249  7.473  7.409  7.403  7.708  7.863  9.526  9.870 
10.260  8.817  8.484  7.924  7.641  7.411  6.896  7.918  8.284  8.858 10.379 
 9.665  8.690  8.495  7.507  7.417  6.626  6.739  7.424  7.828  9.294  9.974 
10.371  8.635  8.322  7.422  8.402  6.785  7.612  7.251  7.957  9.294 10.388 
 9.697  8.847  8.639  7.537  7.003  6.897  7.178  7.570  8.222  9.340 10.090 
10.187  9.421  7.360  7.285  7.621  6.913  7.735  7.869  8.021  8.886 10.163 
10.026  9.855  8.955  7.628  6.836  7.196  7.101  7.572  8.345  8.803 10.148 
 9.642  8.675  8.683  6.925  6.720  6.633  7.200  8.338  8.643  8.713  9.534 
 9.892  8.659  8.447  7.977  6.620  6.802  7.617  7.374  8.545  9.279 10.655 
10.291  8.955  8.445  7.742  6.903  6.977  7.289  8.015  8.304  8.603 10.046 
 9.625  9.424  8.343  7.503  7.549  7.234  6.849  7.630  7.680  8.743  9.388 
 9.700  9.413  7.979  7.682  6.583  7.062  6.781  7.242  7.476  9.259 10.216 
 9.832  8.978  8.090  7.598  6.928  6.739  7.022  6.837  8.347  8.562 10.016 
 9.542  8.870  8.433  7.302  7.277  7.256  7.576  7.419  7.904  9.253 10.376 
10.314  9.044  7.945  7.433  6.516  7.113  6.857  7.231  8.534  8.989 10.437 
10.080  8.974  8.083  7.379  7.369  7.032  6.867  7.795  7.985  9.184  9.795 
10.332  8.695  8.728  7.338  7.145  7.245  7.442  7.173  8.239  9.159  9.750 
 9.660  8.819  8.347  7.929  6.868  7.107  7.251  7.892  8.160  9.113  9.784 
 9.907  8.790  7.868  7.969  6.823  6.993  7.255  7.660  8.558  9.373  9.841 
10.479  8.572  8.903  7.370  7.827  7.219  6.898  7.691  8.160  9.008 10.206 
 9.741  8.916  8.237  7.850  7.316  7.177  7.379  7.407  8.602  9.164  9.920 
10.619  9.291  8.515  7.854  7.203  7.192  7.021  7.721  8.904  8.629 10.150 
 9.720  9.040  8.271  6.780  7.025  6.512  7.407  7.459  8.810  9.103 10.026 
 9.993  9.299  8.653  7.781  7.268  6.615  7.322  7.152  8.454  9.179  9.755 
10.055  8.936  8.446  7.508  7.326  7.044  6.807  7.459  8.757  9.357  9.958 
10.287  8.862  8.514  8.106  6.861  7.601  7.149  7.460  8.103  9.248  9.548 
10.121  9.630  8.656  7.558  7.397  7.173  7.332  7.647  8.075  9.013  9.858 
10.328  9.845  8.171  7.978  7.322  6.944  7.098  7.421  8.720  9.165 10.155 
 9.653  8.855  8.015  7.706  7.487  7.085  7.640  7.800  8.242  8.821  9.903 
10.557  8.568  8.573  7.476  7.502  7.030  6.840  7.997  8.402  8.965  9.841 
10.326  8.956  7.878  7.291  7.557  6.787  7.576  7.503  7.982  9.455  9.652 
10.299  8.949  8.779  7.894  7.404  6.782  7.688  7.702  8.516  8.889 10.086 
 9.854  9.140  8.643  7.468  7.180  7.380  6.743  7.033  9.091  9.083  9.876 
10.475  8.925  8.374  7.385  7.024  6.996  6.712  7.463  8.095  8.971  9.874 
 9.586  9.126  8.252  7.638  7.410  7.033  7.412  7.524  7.878  8.357 10.240 
 9.314  9.474  8.411  7.570  6.671  7.273  7.141  7.778  8.116  8.995  9.506 
 9.641  8.991  8.194  6.869  6.966  7.600  7.514  7.185  8.364  8.872 10.304 
10.060  9.502  8.402  7.484  7.159  7.279  7.074  7.324  7.977  9.272 10.500 
10.047  9.300  8.253  7.423  7.444  7.486  6.940  7.336  8.085  8.974  9.966 
 9.690  9.131  8.355  7.925  7.426  6.786  7.866  7.828  8.080  8.824 10.046 
 9.758  8.666  8.771  7.253  7.699  7.622  7.551  7.050  8.228  8.780 10.904 
 9.887  9.046  8.299  7.586  7.407  7.020  7.769  7.616  8.051  9.271  9.266 
 9.489  8.965  8.332  7.309  7.577  6.905  7.005  7.938  8.041  8.521  9.808 
10.114  9.301  8.175  7.994  7.855  6.757  6.841  7.913  8.457  8.892 10.057 
 9.984  9.238  7.537  7.089  7.068  7.280  7.409  7.944  8.279  9.519  9.983 
10.046  9.322  7.803  7.948  6.957  7.020  7.429  7.766  8.558  9.129 10.119 
10.016  8.750  8.433  7.396  7.687  7.038  7.636  7.566  8.087  8.510  9.975 
 9.701  8.968  8.308  7.277  7.387  6.844  7.532  7.181  8.543  9.180 10.432 
 9.691  8.776  7.944  7.993  6.875  6.976  7.503  7.513  8.657  9.208 10.132 
 9.675  8.729  8.209  7.065  7.367  7.675  6.761  7.305  8.300  9.366 10.407 
 9.629  9.138  7.777  7.347  7.833  6.866  7.334  7.582  8.079  8.227  9.903 
 9.760  9.396  8.300  7.417  6.648  7.245  7.127  7.157  8.034  9.175 10.432 
10.175  8.669  8.123  7.375  7.440  6.836  7.650  7.804  7.582  9.142 10.375 
 9.732  8.959  7.768  7.874  7.402  7.068  7.477  7.515  7.757  8.804  9.899 
 9.507  9.106  8.175  7.331  6.968  6.720  7.545  7.481  8.188  9.540 10.265 
10.187  8.977  8.931  7.320  7.510  7.113  7.381  7.516  8.344  9.209  9.716 
10.476  9.346  8.088  7.669  7.095  6.634  6.455  7.540  8.334  8.971 10.039 
10.232  9.349  8.617  7.382  7.387  7.183  7.447  7.570  8.293  9.255 10.124 
 9.296  8.966  8.145  8.141  7.313  7.514  7.267  7.863  8.477  8.706  9.906 
 9.358  9.395  8.438  7.558  6.229  6.763  7.190  7.662  7.907  9.006  9.880 
 9.874  8.309  8.243  7.479  7.198  7.213  7.620  7.451  8.466  9.276 10.152 
 9.494  9.343  8.357  7.080  7.341  7.417  6.634  7.339  8.412  8.774  9.741 
10.411  8.667  7.942  7.931  7.418  7.152  7.759  7.340  8.442  9.113 10.337 
10.253  9.454  8.374  7.509  7.075  6.790  7.151  8.126  8.311  9.085  9.458 
10.268  9.030  8.046  7.822  7.046  7.394  6.413  7.316  8.529  9.117  9.912 
 9.688  8.709  8.412  7.430  6.732  6.607  7.130  8.029  8.480  8.986 10.114 
 9.800  8.845  8.927  7.499  7.471  7.306  6.944  7.468  7.995  8.680 10.372 
 9.711  8.836  8.357  7.321  6.734  7.087  7.155  7.294  8.145  9.628 10.015 
10.391  8.909  7.945  6.700  7.393  7.496  7.324  7.834  8.382  9.174 10.124 
 9.353  9.020  7.985  7.680  7.425  7.639  7.268  7.283  8.321  9.521  9.452 
10.093  9.089  7.886  7.768  7.515  6.764  7.262  8.058  7.932  8.817 10.281 
10.149  8.592  8.320  7.599  7.445  6.604  7.200  7.791  7.995  9.168 10.247 
10.022  9.058  8.035  7.319  7.101  7.147  7.181  7.745  8.351  9.123  9.862 
10.098  8.499  8.276  7.480  7.119  7.134  7.287  7.550  8.754  9.136  9.683 
 9.857  8.824  7.942  7.688  7.366  6.681  6.918  7.826  8.146  9.850 10.590 
 9.991  9.187  7.789  7.555  7.000  7.124  7.464  7.159  8.312  8.806  9.872 
10.053  8.723  8.604  7.768  7.129  7.109  7.029  7.722  8.488  8.926 10.220 
 9.373  8.440  7.840  7.872  7.286  7.279  7.326  7.934  8.182  9.120 10.194 
10.528  9.436  8.448  7.481  7.189  6.985  7.707  7.916  7.852  9.044 10.165 
10.370  9.005  8.659  7.692  6.748  7.872  7.590  7.564  8.441  9.252 10.292 
10.887  8.760  8.214  7.472  6.885  7.216  6.714  7.806  8.312  8.951  9.911 
 9.990  8.441  8.423  7.671  7.575  7.014  7.084  7.803  8.484  8.916  9.906 
10.578  9.633  8.274  7.729  7.035  7.135  7.571  8.069  7.989  8.541 10.215 
10.052  8.567  8.150  7.890  6.790  6.629  7.426  7.968  8.078  9.176  9.593 
 9.476  9.576  7.809  7.858  6.970  7.125  7.371  7.378  8.521  8.917 10.325 
 9.926  8.639  8.057  7.935  7.362  7.234  7.352  7.416  7.769  9.245  9.799 
10.102  8.931  8.106  7.550  7.555  6.815  7.606  7.701  8.370  9.028 10.163 
10.247  9.016  8.254  7.687  7.361  7.334  6.591  7.722  8.097  9.037  9.290 
 9.449  9.134  8.065  7.961  7.803  7.022  7.554  7.689  8.362  9.045 10.092 
 9.630  8.309  8.294  7.430  7.694  7.578  7.312  7.758  8.007  9.275 10.273 
 9.860  8.914  8.315  7.682  7.509  7.095  7.316  7.662  8.146  9.156  9.779 
 9.788  9.206  8.108  7.471  6.859  7.329  7.677  7.395  7.673  8.745  9.772 
10.006  9.259  8.637  7.008  7.132  6.968  6.915  7.364  8.375  8.495  9.897 
10.127  9.259  7.845  8.005  6.985  7.134  6.876  7.831  8.374  9.080  9.793 
10.466  8.545  8.240  7.672  7.832  7.130  7.045  6.988  7.950  8.964  9.818 
 9.952  8.586  8.354  7.502  7.373  7.264  7.300  7.948  8.641  9.055 10.425 
10.826  9.002  8.289  7.871  7.456  6.967  6.847  7.738  8.413  9.107 10.131 
 9.706  8.692  8.512  8.073  7.179  6.901  7.469  7.048  8.003  8.510  9.687 
10.570  8.314  7.787  7.775  6.730  7.244  7.133  7.775  8.402  9.053 10.471 
10.321  8.687  7.945  7.703  6.994  6.902  7.407  7.556  7.672  9.197  9.942 
 9.763  9.155  8.266  7.403  7.360  6.980  7.158  7.420  8.263  9.022  9.608 
 9.877  8.436  8.225  7.204  7.075  7.431  7.314  7.488  8.164  9.799 10.202 
10.268  8.321  8.455  8.026  7.977  7.301  6.910  7.789  8.036  8.688 10.377 
 9.743  9.015  8.731  7.195  7.797  6.906  7.378  7.454  8.261  9.292 10.140 
 9.853  8.955  8.450  7.622  6.983  6.819  7.407  8.252  7.688  8.562  9.905 
 9.947  8.833  8.475  7.822  6.869  6.999  7.497  7.757  8.170  9.164  9.718 
 9.815  9.104  8.247  7.548  7.532  7.081  7.899  8.066  8.002  8.996 10.657 
 9.878  9.358  8.629  7.926  7.359  7.351  7.091  7.049  8.346  9.033  9.889 
 9.888  8.939  7.819  7.685  7.537  7.008  7.035  7.214  8.071  8.924  9.441 
 9.702  9.187  8.294  7.759  7.174  7.040  6.737  7.333  7.557  8.956 10.263 
 9.750  9.423  8.634  7.955  7.210  6.815  6.793  8.047  7.993  9.090  9.401 
10.029  9.149  8.185  7.636  7.380  6.742  7.284  7.674  8.475  8.848  9.906 
10.055  8.945  8.363  7.484  6.829  7.279  7.360  7.591  8.323  9.549 10.075 
 9.930  8.692  8.446  7.853  6.862  6.757  6.899  7.752  8.206  8.449  9.642 
 9.884  9.391  8.202  7.992  7.153  6.839  7.099  7.522  8.456  9.251 10.228 
 9.901  9.253  7.945  7.086  7.223  6.931  7.155  7.556  8.762  9.524  9.918 
10.485  9.699  7.930  7.857  7.301  7.207  7.400  7.260  8.550  8.556  9.697 
10.042  9.198  8.288  7.494  7.368  7.028  6.915  7.742  8.325  8.848  9.853 
10.268  9.343  8.041  7.797  7.049  7.195  7.379  7.666  8.200  9.680  9.783 
10.156  8.920  8.673  7.837  7.306  7.180  6.838  8.186  8.101  9.336  9.881 
 8.934  8.861  7.854  7.454  6.971  6.706  7.505  7.825  8.331  9.233 10.341 
 9.376  8.651  8.374  7.713  7.017  7.118  7.163  6.994  8.028  8.803  9.668 
 9.953  9.360  8.033  7.710  7.436  6.881  7.161  7.585  8.931  9.652  9.894 
 9.288  9.151  8.139  7.144  6.826  7.737  7.324  7.634  7.994  9.111 10.109 
 9.762  9.475  8.876  8.148  7.243  6.638  6.939  7.869  8.467  8.905  9.957 
 9.752  9.337  8.046  7.800  6.989  7.461  7.718  8.206  8.184  9.185 10.068 
10.079  8.636  7.982  7.338  7.224  6.922  7.027  8.079  7.938  9.257 10.317 
 9.909  9.069  7.998  7.866  7.127  7.375  7.711  7.571  8.488  9.209 10.617 
10.127  8.870  7.953  7.639  6.638  6.705  7.425  7.689  8.790  9.212  9.720 
10.051  9.138  8.093  7.662  7.590  7.389  7.409  7.304  7.975  9.319  9.793 
 9.738  9.273  8.342  7.337  7.091  7.022  6.975  7.603  7.984  9.993  9.879 
10.001  8.637  8.472  7.951  6.809  6.979  7.717  8.126  7.670  9.208 10.394 
 9.750  8.913  8.026  8.432  7.549  7.159  6.816  7.407  8.301  8.811 10.567 
 9.998  8.722  9.134  7.872  7.603  6.972  6.687  7.454  7.422  8.948  9.871 
10.191  9.182  8.414  7.545  6.777  7.180  6.859  7.585  7.845  9.238  9.676 
 9.860  9.369  8.069  8.183  6.998  6.718  7.117  7.684  7.810  9.063  9.947 
 9.470  8.977  8.634  6.994  7.346  6.951  7.218  8.221  8.048  8.833 10.126 
10.315  8.714  8.874  7.795  7.115  7.377  6.662  7.706  8.214  9.216  9.899 
 9.598  8.160  8.106  7.333  6.513  7.657  7.255  7.755  7.898  9.298  9.413 
 9.867  8.807  8.234  7.039  7.102  7.110  7.203  7.257  8.230  9.563  9.329 
 9.581  9.028  8.676  7.596  7.095  6.622  7.081  7.763  8.268  8.962 10.002 
 9.742  8.870  8.211  8.132  6.768  7.373  7.710  7.174  8.090  8.704 10.052 
 9.957  8.880  7.751  7.808  6.799  7.048  7.167  7.543  8.266  8.657 10.184 
 9.564  8.963  8.245  7.062  6.733  6.977  7.196  7.634  8.398  9.152  9.854 
 9.915  9.194  8.615  7.384  6.898  7.058  7.169  7.824  7.941  9.190 10.209 
10.123  9.057  8.740  7.698  6.794  6.937  6.824  7.733  8.013  9.111  9.624 
 9.717  9.130  8.143  7.379  7.387  7.238  7.364  7.659  8.793  9.506 10.170 
10.106  9.144  7.540  7.467  7.522  7.607  7.702  7.811  8.999  8.704 10.182 
10.124  9.027  7.886  8.058  7.505  6.976  7.375  7.278  7.830  8.557 10.139 
 9.991  9.227  8.128  7.682  6.956  6.727  7.315  7.544  8.500  9.222  9.891 
10.530  9.042  8.534  7.442  7.694  7.112  6.766  8.167  9.460  9.346  9.816 
 9.939  8.901  8.388  7.677  7.331  7.163  6.786  7.562  8.326  9.194 10.093 
10.437  8.580  8.625  7.181  7.507  6.795  7.333  7.517  8.499  9.312  9.603 
 9.647  9.207  8.115  7.805  7.363  6.890  7.236  7.892  7.985  9.342 10.483 
10.385  8.887  7.817  7.731  7.164  7.393  6.776  7.849  7.883  9.061 10.336 
10.241  9.222  8.514  7.430  7.113  7.103  7.014  7.740  7.869  9.075 10.021 
 9.822  9.495  8.310  7.144  7.646  6.875  7.147  7.487  8.007  9.589 10.110 
10.320  9.180  8.166  7.529  6.764  6.859  6.881  7.296  8.430  9.156 10.028 
10.072  9.673  8.034  7.379  6.922  6.961  7.238  7.176  8.028  8.794 10.034 
10.150  9.135  8.690  7.874  7.376  6.322  7.144  7.818  8.269  9.301 10.116 
 9.565  8.453  8.325  7.595  7.301  7.452  7.656  7.657  8.181  9.058  9.772 
 9.747  8.447  8.548  7.006  7.926  6.992  7.037  7.175  8.171  9.064 10.035 
 9.651  9.383  8.227  7.734  7.035  7.705  7.246  8.314  7.876  9.349 10.082 
10.566  9.083  7.830  7.399  6.982  7.093  7.194  7.382  8.760  9.312 10.420 
10.095  9.014  8.220  7.761  7.143  7.054  7.000  7.591  8.349  8.753 10.388 
 9.810  9.168  7.665  7.658  7.443  7.052  7.859  7.294  8.720  8.762  9.895 
10.040  9.144  8.363  7.464  7.310  7.276  7.246  7.739  8.460  9.325 10.811 
 9.948  9.179  8.222  7.836  7.359  7.764  7.551  7.312  8.358  8.586 10.008 
 9.924  9.111  8.449  7.775  7.720  7.300  7.483  7.323  7.892  9.186  9.423 
10.006  9.423  8.502  7.366  7.357  7.613  7.474  7.468  8.346  8.837  9.735 
10.132  9.468  8.365  7.335  7.344  7.206  7.467  7.715  8.243  9.202  9.546 
 9.621  8.846  8.204  7.298  7.553  6.713  7.186  8.159  8.381  8.948 10.172 
 9.806  9.094  8.430  7.364  7.455  6.732  7.047  7.746  8.089  8.449 10.302 
10.086  9.498  8.445  7.559  6.951  6.615  7.254  7.800  8.121  9.052 10.366 
 9.590  9.317  8.334  7.367  7.428  6.922  7.068  7.858  8.632  8.866 10.466 
10.079  9.109  7.983  7.398  7.035  6.890  7.523  7.403  7.786  9.379  9.413 
 9.935  9.354  7.968  8.012  6.696  6.923  6.885  7.596  8.832  9.090 10.331 
 9.704  9.224  8.726  7.924  6.793  6.520  7.236  8.219  8.428  9.565 10.052 
 9.526  9.179  7.492  7.180  7.607  6.894  7.305  7.205  8.413  9.117 10.250 
 9.571  9.068  8.038  7.502  6.796  6.938  7.283  8.340  7.702  8.532 10.126 
 9.775  9.243  8.074  7.362  7.420  7.439  7.064  7.257  7.872  8.700  9.867 
 9.908  8.891  8.478  7.546  7.506  6.638  6.789  7.455  8.112  8.794  9.670 
10.275  9.562  8.039  7.894  7.369  6.523  7.197  7.849  7.734  8.917  9.869 
10.149  8.852  8.102  7.164  7.641  6.967  6.985  7.779  7.588  8.346 10.073 
10.496  9.133  8.124  7.425  7.736  6.991  7.348  7.927  8.216  8.779 10.507 
10.845  8.606  8.365  7.310  6.950  6.934  6.077  7.262  8.188  9.156  9.774 
10.138  8.736  8.103  7.442  7.477  7.650  7.573  7.130  8.310  8.785 10.539 
 9.980  8.838  8.236  7.638  7.251  7.221  7.436  7.525  8.706  8.857  9.748 
10.454  9.327  7.974  7.458  7.569  7.358  7.210  7.719  8.100  9.552 10.487 
10.090  9.118  8.090  7.519  7.221  7.277  7.702  7.758  8.147  8.914 10.082 
 9.816  8.935  7.441  7.664  7.162  7.143  7.308  7.539  8.344  8.668  9.919 
 9.812  9.594  7.925  7.612  7.720  7.229  7.978  7.256  8.489  9.040 10.002 
 9.881  8.797  8.698  7.911  7.743  7.272  6.848  7.988  8.648  9.005 10.023 
 9.916  9.310  8.725  7.419  7.629  7.272  7.318  7.477  8.142  8.367 10.537 
10.445  9.245  8.456  7.937  7.322  6.730  7.529  7.693  8.777  8.879  9.141 
 9.767  8.815  8.432  7.567  7.402  7.916  7.232  7.219  7.671  8.851  9.298 
10.054  9.116  8.284  7.868  6.998  7.020  7.067  7.940  7.800  9.084 10.046 
10.326  8.888  8.362  7.673  7.121  7.560  7.456  7.706  8.465  9.478  9.986 
10.311  9.190  8.022  7.688  7.154  7.384  7.154  7.967  9.106  8.829  9.898 
 9.689  9.267  8.434  7.658  7.223  7.180  7.109  7.355  8.618  9.040  9.732 
 9.793  9.420  8.482  7.547  7.334  6.642  7.160  7.714  8.213  9.044 10.276 
10.003  8.823  8.805  7.939  7.377  7.121  7.239  7.971  8.983  9.088 10.241 
10.122  9.131  8.204  7.612  7.269  7.078  7.961  7.591  8.362  8.893  9.767 
 9.437  9.240  8.142  7.418  7.326  6.967  7.420  7.354  8.227  9.166  9.979 
 9.954  9.351  8.356  7.705  7.183  6.252  7.021  8.167  8.501  9.140  9.911 
10.341  8.819  8.236  8.039  7.075  6.506  6.980  7.278  8.128  9.376  9.580 
10.042  9.183  8.121  7.615  6.929  7.070  7.103  7.401  8.326  9.044 10.450 
 9.901  9.545  8.248  8.011  7.107  6.937  7.037  7.126  8.714  8.722  9.569 
 9.989  9.395  8.154  7.394  6.742  6.311  7.277  7.466  8.294  9.082 10.681 
 9.712  9.535  8.441  7.817  7.765  6.922  6.631  7.772  8.355  9.350  9.897 
 9.728  8.790  8.416  7.738  7.371  7.292  7.026  7.234  8.133  9.442  9.775 
10.301  9.471  8.228  8.171  6.596  7.198  7.766  7.807  8.314  9.069  9.731 
10.121  9.364  8.420  7.133  7.351  7.509  7.576  6.884  8.354  9.514  9.669 
 9.930  9.657  8.908  7.733  6.987  7.534  6.860  7.479  8.553  9.494 10.229 
10.120  9.265  8.544  7.780  6.925  7.588  7.160  7.719  7.924  8.889 10.152 
 9.896  8.703  8.629  7.339  7.620  7.064  7.658  7.651  7.955  9.206 10.404 
10.092  9.235  7.829  7.449  7.105  7.270  7.952  7.303  7.481  8.554  9.819 
10.502  8.741  8.067  7.269  7.730  7.360  7.658  8.135  8.208  8.758  9.947 
10.217  9.461  8.644  7.425  7.529  7.272  6.896  7.361  8.708  9.103  9.701 
 9.781  9.825  6.870  7.651  6.899  6.832  6.462  7.816  7.741  8.591 10.126 
 9.498  9.559  8.591  7.744  6.794  7.312  7.221  8.054  8.377  8.754  9.941 
10.391  9.474  7.963  7.703  7.374  7.342  7.404  7.610  8.114  9.255  9.803 
10.210  8.690  8.300  7.597  6.686  7.090  6.732  7.725  7.983  9.002 10.132 
 9.928  8.708  8.341  7.618  7.622  6.753  7.119  7.480  8.532  8.712  9.438 
10.116  9.232  8.230  7.325  6.451  7.427  6.691  8.152  7.718  9.199  9.837 
 9.957  8.845  8.579  7.573  7.462  6.854  7.486  7.895  8.115  9.227 10.010 
10.410  9.140  8.061  7.898  7.044  7.627  7.334  7.870  8.666  8.567 10.005 
10.111  9.048  8.324  7.955  6.719  7.270  7.278  8.124  8.399  8.947  9.998 
 9.681  9.522  9.311  7.684  7.545  6.846  7.736  7.575  8.200  9.516  9.647 
 9.704  9.236  8.438  8.055  7.487  7.376  6.925  7.357  7.966  8.450 10.063 
 9.659  9.635  7.763  7.279  7.287  7.254  7.029  7.677  8.425  9.337  9.617 
10.227  9.267  8.186  7.239  7.446  7.030  7.259  7.763  7.829  9.089  9.989 
10.445  9.366  7.676  7.340  7.284  7.222  7.386  7.835  8.088  8.710 10.016 
10.190  8.799  7.935  7.669  6.991  6.999  7.146  7.788  8.541  8.904 10.053 
10.118  9.052  8.172  7.157  6.982  7.163  6.424  7.558  8.663  9.209 10.245 
 9.799  9.066  7.687  7.484  7.328  6.351  6.975  7.384  7.678  8.958 10.082 
10.103  8.929  8.219  7.167  7.724  6.796  7.185  7.515  8.516  9.043  9.947 
10.281  9.566  8.864  7.810  7.427  6.992  7.427  7.610  8.829  9.177 10.518 
10.021  8.931  8.114  7.408  6.901  7.513  7.235  8.113  8.631  8.815 10.131 
 9.958  8.988  8.063  7.453  7.675  6.921  7.421  7.402  8.386  9.071 10.285 
10.278  9.220  8.274  7.525  7.741  7.200  7.416  7.654  8.538  9.646 10.470 
10.195  8.937  8.258  7.478  7.150  6.584  7.238  7.309  7.769  9.104  9.805 
 9.522  8.788  8.042  7.469  7.518  6.655  7.380  7.626  8.257  9.133  9.773 
 9.795  9.094  8.023  7.155  7.081  7.024  6.883  8.031  8.569  8.722  9.527 
10.079  9.116  7.783  7.583  7.293  7.275  7.539  7.509  7.940  9.287 10.470 
10.318  9.684  7.943  7.716  7.713  6.653  6.893  7.280  8.212  8.889 10.262 
 9.881  8.904  8.322  7.856  6.927  7.076  7.387  7.514  8.157  9.253 10.357 
 9.995  8.890  8.777  7.891  7.199  6.721  7.368  7.688  8.288  8.450 10.204 
10.307  8.968  8.033  6.464  7.538  7.148  7.199  7.845  8.220  8.923 10.279 
 9.943  8.923  7.911  7.280  6.935  7.073  7.016  7.404  8.771  8.996 10.168 
 9.647  9.048  8.462  7.504  7.460  7.371  7.541  7.591  8.349  9.001  9.821 
10.048  8.808  8.270  7.127  7.115  6.437  6.824  7.654  8.804  8.611  9.864 
10.301  9.243  8.303  7.497  7.274  6.730  6.613  7.282  8.553  8.771 10.096 
 9.635  9.386  8.493  7.457  7.155  6.653  6.795  7.865  8.152  9.124  9.930 
 9.970  8.483  8.228  8.085  7.654  6.979  6.731  6.875  8.119  8.658  9.535 
 9.880  9.792  7.944  7.770  7.518  7.377  6.819  7.518  8.600  8.900 10.061 
 9.992  8.893  8.330  7.858  7.263  6.903  7.169  7.645  8.216  9.008 10.426 
10.279  9.181  8.352  7.901  7.445  7.053  7.357  7.953  7.596  9.414  9.871 
10.147  9.415  8.285  7.905  6.677  7.304  6.713  7.607  7.738  9.054 10.254 
10.344  8.707  8.077  7.382  6.653  7.687  7.354  7.784  8.592  9.089  9.719 
 9.894  9.235  8.134  7.299  7.888  7.311  7.323  7.899  8.522  8.676  9.833 
 9.760  8.756  7.901  7.280  6.707  6.838  7.173  7.345  8.209  9.265  9.418 
 9.913  8.302  8.194  7.750  7.411  7.658  7.284  7.327  8.208  8.820  9.603 
 9.883  9.039  7.971  7.694  7.287  7.234  6.569  7.959  7.747  9.428  9.866 
 9.886  9.001  7.519  7.659  6.806  7.160  7.140  8.277  8.516  8.995 10.053 
10.075  9.046  8.015  7.478  7.752  7.667  6.752  7.573  8.260  8.530  9.117 
 9.943  9.409  8.334  7.597  7.022  6.929  7.499  7.803  8.213  8.836 10.563 
10.524  8.249  8.551  8.164  7.733  7.002  7.094  7.024  8.324  9.273  9.943 
10.449  8.799  8.334  7.871  7.093  7.059  7.376  7.625  8.090  8.828  9.961 
10.221  8.635  8.126  7.777  7.066  6.549  6.645  8.386  8.522  9.435  9.925 
 9.841  8.898  7.979  7.409  7.175  7.330  7.562  7.436  8.456  9.334 10.427 
 9.814  9.260  8.346  7.264  7.261  7.161  7.347  7.497  8.353  9.532  9.793 
10.248  9.361  8.676  7.378  7.395  7.083  7.215  7.633  8.547  9.360 10.185 
 9.789  9.260  7.940  7.156  8.042  6.979  7.256  7.510  8.699  8.970 10.104 
 9.845  9.267  7.609  7.774  7.629  6.739  7.163  7.578  7.980  9.242 10.376 
 9.870  9.062  8.526  8.181  7.128  7.589  7.312  7.460  8.132  9.538  9.730 
 9.404  8.972  7.977  6.987  7.233  6.550  7.221  7.773  8.802  8.634  9.349 
10.333  9.172  8.341  7.760  7.053  7.138  7.473  7.142  8.334  9.223 10.088 
10.318  8.928  8.166  8.193  7.020  6.647  7.017  7.743  8.455  8.768 10.015 
 9.423  9.125  8.447  7.095  7.386  6.680  7.062  8.033  8.372  8.844 10.352 
10.096  8.756  8.188  7.469  7.064  7.099  6.493  7.631  7.663  9.330  9.910 
 9.285  9.161  7.833  7.739  7.235  7.040  7.023  8.003  8.000  9.090 10.097 
 9.750  9.074  8.431  7.859  7.038  7.503  7.195  7.287  8.314  8.527  9.882 
 9.863  8.828  8.261  7.423  6.805  6.757  6.667  7.885  8.617  8.625  9.627 
10.003  8.961  8.732  7.964  7.260  7.057  7.042  7.945  7.823  9.049  9.943 
10.142  9.135  8.087  7.466  6.766  7.017  7.625  7.784  8.197  8.935 10.733 
10.087  9.042  8.926  7.817  7.342  7.002  8.044  7.458  8.561  8.041  9.741 
10.103  9.297  7.960  6.950  7.536  7.142  6.959  7.095  8.466  9.061 10.079 
 9.958  8.969  8.313  7.734  7.324  6.802  6.715  7.144  8.083  8.712  9.646 
 9.841  9.212  7.555  7.703  7.851  7.076  6.958  7.899  8.464  9.153  9.113 
 9.692  8.819  8.476  7.377  7.039  7.144  7.634  7.545  7.975  9.005 10.187 
10.065  9.111  8.003  7.755  7.398  7.723  6.981  8.022  8.395  8.718 10.036 
10.061  9.452  8.445  7.404  7.655  6.708  7.155  7.525  8.219  9.171  9.939 
10.423  9.252  7.870  7.907  7.457  7.622  7.016  7.699  7.964  9.543 10.607 
 9.896  8.486  8.191  7.476  7.331  7.603  7.567  7.346  7.694  9.299 10.190 
 9.992  9.207  7.864  8.110  6.928  6.943  7.314  7.310  8.591  9.011 10.043 
