 9.111  8.942  8.491  7.556  7.872  7.029  5.642  9.154  8.164  7.708 11.501 
 9.344  9.216  6.233  7.293  8.660  7.080  8.290  9.175  5.223  8.192 10.463 
 9.964 10.469  9.765  8.485  7.008  8.259  7.551  8.003  8.652  7.874 10.919 
 7.976  9.337  6.966  6.908  7.671  8.242 10.204  6.482  7.591  9.273 10.254 
 8.735 10.858  7.358  8.242  6.941  4.819  7.028  6.757  7.488  7.429  9.976 
 9.776 10.325  8.710  7.186  5.319  5.571  7.287  7.607  7.079  8.814 10.631 
11.367  8.046  6.134  7.843  6.145  7.937  7.514  7.007  8.355  8.210 11.670 
11.452  8.852  7.105  7.969  8.440  5.698  7.867  7.060  8.350  8.417  9.976 
 9.479 10.708  8.166  7.090  7.620  7.607  7.464  6.683  8.957  6.546  9.148 
10.117  9.202  8.619  6.818  7.393  8.261  8.416  7.631  7.525  9.441 10.668 
10.337 10.399  9.387  7.672  7.918  6.930  6.777  8.906  7.095  8.515  9.863 
10.684  9.761  9.511  7.711  7.284  7.430  6.964  6.586  8.139 10.683 12.011 
 9.236  9.556  9.013  6.562  8.353  7.504  7.543  7.702  7.696  6.990  8.809 
 9.957  8.634  9.192  8.944  8.029  6.332  6.940  7.881  8.475  7.712  9.716 
10.223  8.792  7.740  7.500  6.812  5.984  8.056  8.330  8.592  9.635  9.905 
 9.909  9.589  8.817  7.643  5.911  7.298  6.853  9.245  9.242  8.164 11.376 
11.256  9.603  7.584  8.498  6.254  7.921  6.664  7.606  7.068 10.392 10.917 
10.188 10.290  7.785  7.822  6.498  7.667  6.698  6.828  6.746  5.772 10.355 
10.294 10.297  8.634  6.504  8.211  5.742  8.105  7.443  8.337  7.064 10.012 
10.639  7.096  9.932  9.414  6.056  6.595  9.255  7.649  9.059  9.121 10.565 
 9.836  9.232  6.075  8.991  8.110  8.132  7.231  7.195  9.454  9.779 10.094 
10.182  7.666  8.233  7.026  5.389  7.575  6.872  8.626  8.581  7.205 10.263 
11.208 10.143  7.229  5.934  6.762  7.614  6.965  8.997  8.852  9.378 10.701 
10.174  9.664  7.158  7.564  5.666  7.645  6.717  8.484  8.940  9.203  9.018 
 9.027 10.111  6.444  7.624  8.128  6.128  6.147  8.129  7.238  8.275 12.322 
 8.989 10.537  6.604  6.088  5.664  5.947  7.100  7.943  8.765  7.757  9.263 
10.608  7.955  8.196  6.504  8.088  5.106  6.338  8.631  8.821 10.607  9.469 
 9.474  8.638  7.580  9.564  8.033  7.296  7.812  7.384  9.251  7.903  9.009 
11.294  9.369  7.249  6.798  7.732  5.594  7.765  8.174  8.132  7.898  9.539 
 9.326  9.919  8.366  7.207  8.103  8.122  6.900  6.786  6.620  8.542 10.027 
10.402  9.015  7.326  7.358  7.559  6.983  7.829  8.051  7.925  8.174 11.517 
11.177  7.486  8.189  6.545  8.334  6.753  7.064  7.459  8.895  8.417 10.817 
 8.285  8.160  6.526  7.777  7.458  7.143  6.806  6.107  8.947  8.466 10.114 
10.903 10.996  7.926  6.207  7.519  6.122  7.083  9.181  8.067  8.622  9.708 
 8.967  8.345  8.904  8.957  7.533  5.254  8.851  6.033  7.859  9.708 10.986 
 9.950  8.864  7.914  8.094  8.247  8.556  8.617  7.727 11.368  9.725  8.503 
11.759  8.874  9.414  7.328  7.239  8.203  9.563  9.587  8.234  9.811  7.750 
10.316 10.237  7.888  6.236  8.428  5.962  7.420  9.803  8.246  7.829  9.789 
 9.318  9.279  8.067  5.360  6.980  5.553  5.559  9.171  7.747  7.535  8.656 
10.714  8.293  9.041  8.761  5.751  6.170  5.511  7.695  8.947  8.908  8.974 
 9.114 10.456  8.476  7.965  7.882  7.574  7.840  8.231  8.560  9.918 10.233 
10.980  8.421  9.392  7.820  7.368  7.255  7.497  6.757  8.779  8.933  8.774 
 8.001  8.361  8.032  7.953  6.424  7.171  6.310  9.067 10.012 10.662 10.553 
 9.489  8.680  6.970  8.349  7.239  9.897  7.230  7.015  9.159  9.878  9.126 
10.394  9.266  8.681  7.913  8.103  6.505  7.044  6.980  9.061  8.761 10.907 
10.438  7.702  9.897  9.168  7.229  6.840  7.748  7.173  7.583  9.192 11.732 
10.274  9.218  9.243  8.621  6.588  6.905  7.402  7.474  8.775 10.096  8.862 
10.832  9.715  7.311  7.959  8.349  7.344  6.173  8.613  8.574  8.270 10.391 
 9.106  9.892  5.544  7.860  7.399  5.907  4.734  8.206  6.439  7.778 10.815 
10.487 11.248  8.496  6.687  8.173  8.090  6.576 10.914  9.064 10.283  9.610 
 9.981  9.612  9.240  6.724  7.535  7.794  6.855  8.585  9.238  8.776 10.760 
10.326 11.034  6.135  8.681  6.880  8.310  7.697  6.482  7.795  8.335 10.279 
10.129  9.189  8.067  9.673  7.148  6.138  7.444  7.785  7.453  8.406 10.202 
 8.988  8.390 11.059  7.671  6.733  6.583  7.032  8.097  8.057  9.785  9.640 
 9.836  9.099  8.456  7.477  6.288  7.288  8.518  7.476  8.962  8.591 11.794 
10.057 10.594  7.770 10.238  5.822  7.929  8.184  7.654  7.992  8.494  9.681 
 9.644  9.411 11.032  9.890  6.168  6.784  6.687  8.699  7.888  9.054 10.843 
 9.408  9.347  8.167  7.050  7.877  6.809  7.286  7.056  8.698 10.354 10.532 
 9.544  9.142  7.034  6.800  6.652  7.312  7.109  6.897  6.995  9.776  9.862 
 8.863  8.178  9.310  6.979  6.468  7.998  6.958  8.056  7.847  9.910 10.333 
11.403  7.755  8.531  6.252  9.093  7.350  8.110  8.376  8.499  9.511 11.062 
 9.857 10.349  8.831  8.808  9.023  6.740  5.805  5.479  8.688  8.627 11.217 
 8.586  7.684  6.996  6.473  7.731  5.219  6.894  8.445  8.892 10.046  8.721 
10.204  7.551  8.089  7.451  9.104  6.489  7.010  6.104  8.100  9.735  9.551 
 9.081  9.067  7.392  8.718  6.064  6.905  6.429  7.661  6.919  7.881  8.281 
10.913  9.035  9.449  7.675  6.930  6.913  6.985  7.745  7.636  9.770  9.094 
 9.151  9.163  6.280  8.135  7.807  7.115  4.982  7.157  7.114  7.944 10.499 
10.166  8.337  8.025  8.517  6.801  6.002  7.449  7.583  9.202  8.163 12.224 
 9.921  8.635  8.095  7.680  7.106  5.416  5.882  8.615  8.783  9.736  9.560 
10.659 10.538  7.882  7.427  7.237  7.162  5.928  6.315  9.674  9.987  8.904 
 9.595 10.305  8.768  8.452  8.243  8.208  7.072  7.222  8.463 11.600 11.513 
 9.515  9.131  8.158  7.794  7.680  6.946  8.720  8.831  9.988 10.996 10.179 
 9.160  6.845  8.731 10.178  8.301  8.617  7.852  8.481  7.907 10.473  9.081 
 9.581  7.784  8.038  8.005  7.283  8.027  7.990  6.282  6.783  9.688  9.776 
 9.038  8.282  6.065  8.804  6.709  7.261  5.871  6.653  6.450  8.254 11.729 
 9.650  8.972  6.149  8.801  6.801  7.022  6.064  9.272  7.589  9.406  9.444 
10.398  8.862  7.592  6.411  7.392  6.108  6.322  5.533  9.096  8.840 10.612 
 9.035  8.467  9.717  7.963  6.338  7.947  8.502  7.111  8.202  9.223  9.520 
 9.593  9.721  8.169  7.335  5.932  6.257  8.292  7.894 10.045  9.197  9.880 
 8.220 11.035  8.803  7.766  6.572  6.898  7.306  8.146  8.476 10.322 10.523 
11.265  8.551  9.109  9.071  8.092  5.944  8.349  6.585  6.577  8.204  8.585 
 9.907 10.953  8.370  6.801  8.136  6.739  6.687  8.488  8.614  9.680  8.162 
 8.827  8.493  8.154  8.227  7.330  5.739  6.463  8.426  8.730  8.019  9.676 
 8.778 10.508  9.635  6.803  6.855  6.763  8.929  7.277  7.771  8.125  9.732 
 9.385  8.551  8.828  8.431  7.499  7.026  6.206  7.644  9.845  8.910  9.398 
11.454 10.310  7.435  7.032  6.884  7.100  6.439  8.688  7.755  8.910 11.790 
 9.579 11.549  7.694  7.964  8.416  5.180  6.201  6.628  6.925  9.229  9.496 
 9.690  9.311  7.614  7.130  6.621  8.352  7.345  7.771  8.483  8.786 10.457 
 9.865 11.444  7.059  8.228  6.146  7.386  9.094  7.904  7.979  6.756  9.496 
10.120  9.215  7.859  7.703  6.584  8.160  5.223  8.401  7.242  8.832 10.254 
 8.746  9.211  7.425  8.738  6.710  8.556  6.261  7.618  8.949  9.173 11.465 
10.827  8.843  8.341  6.957  7.772  7.431  7.357  5.526  7.408  9.240  8.036 
10.135  9.589  9.092 10.188  7.715  5.735  6.714  9.662  9.344  9.559 11.149 
10.374  8.742  8.062  7.590  5.668  6.402  7.814  9.157  8.075  8.288  9.912 
 9.492  6.429 12.425  8.979  7.035  7.979  6.727  7.745  8.597  7.477  9.450 
 9.550  8.952  9.795  8.903  6.978  6.484  9.530  8.108  9.257  8.963  9.899 
 9.496  9.179  9.460  7.116  6.220  6.013  7.556  7.971  7.934  8.234  7.984 
 8.592  7.810 10.138  8.960  5.786  7.389  8.827  7.629  8.812  7.904  9.344 
 8.637  8.810  6.804  7.577  7.731  6.674  7.797  7.491  8.406  7.651 11.080 
11.818  9.097  7.265  9.758  7.207  6.174  7.032  7.424  9.407  7.347  9.452 
 8.730 10.710  7.933  8.301  7.688  7.866  9.479  7.075  7.648  9.007  9.839 
 8.494  7.594  6.871  8.298  8.660  9.020  7.148  6.791  8.984  8.260 11.329 
10.673 10.462  7.980  7.233  9.332  7.906  6.824  9.343  8.990  9.544 10.979 
10.601  9.499  9.114  7.348  8.221  8.033  7.455  6.293 10.116  9.456 10.633 
 9.319  8.855  9.616  6.624  8.574  7.895  8.149  9.375  6.571  9.440  9.729 
 8.688  8.729  9.100  8.135  7.943  6.685  6.693  5.820  7.349 10.205  9.489 
 9.512  8.635  7.841  6.247  7.728  6.184  6.245  9.283  7.481  8.982  9.725 
 8.201  8.271  8.545  7.689  8.115  7.011  6.394  8.049 10.271  8.600 10.381 
10.125  9.741 10.595  8.126  6.358  6.609  8.415  8.195  7.029  9.544 10.231 
12.812 10.161  8.736  6.444  7.685  7.235  5.906  8.956  6.549  9.816  8.665 
 9.501  9.715  8.370  9.203  5.888  8.385  6.556  7.197  8.745  8.571  9.193 
 9.265  9.391  7.343  8.342  6.512  8.380  7.432  6.275  9.174  9.606  9.599 
 9.896  9.051  8.762  7.363  7.979  5.853  7.696  8.173  6.902  9.900  9.215 
 8.013  7.967  8.552  9.173  6.953  7.907  6.138  8.267  7.654  7.782 10.385 
10.038  8.955  8.048  6.656  6.468  8.256  6.675  7.774  8.198  8.953  9.420 
 8.723  8.813  7.452  6.630  7.558  7.429  8.446  7.357  7.640  7.883  9.086 
10.090  8.023  7.969  6.901  7.544  6.977  7.746  6.881  8.098  9.507  9.021 
10.898 10.323  6.602  7.792  6.841  8.503  6.148  6.727  7.613  9.559 10.013 
10.634  9.603  9.056  9.443  7.760  5.971  7.768  6.088  9.983 10.057 11.209 
 8.930  8.201  9.931  9.519  7.341  5.719  6.098  8.109  7.575  7.318 10.191 
10.357 10.683  8.040  7.699  6.071  7.842  6.309  8.646  8.530 11.317  9.745 
 9.992  9.500  7.934  6.543  9.815  8.192  7.411  7.782  8.269  8.136  9.583 
 8.328 10.222  7.019  6.137  6.072  5.871  6.078  7.408  7.213  9.929 11.545 
 8.694  9.671  8.492  7.543  7.797  6.048  7.380  6.071  8.238  9.411 11.085 
 9.668 11.552  8.209  5.341  6.977  5.977  6.035  7.707  9.839  9.562  9.804 
 8.834  9.712  8.030  7.965  8.795  8.712  6.711  7.250  8.403  9.089  9.250 
11.160  9.396  9.503  7.460  5.790  5.978  5.542  7.968  7.715 10.634 10.444 
13.060  9.107  7.969  7.717  7.777  9.210  7.206  8.270  7.661  8.116 10.434 
 9.428  8.839  9.572  5.732  6.838  7.735  6.834  6.375  8.583 11.601 10.068 
 9.529 10.323  7.692  7.144  8.270  8.369  7.076  7.634  6.632 10.230  8.623 
10.451  8.785  7.576  8.324  5.454  7.149  7.969  8.014  6.769 10.782 10.358 
10.786  9.379  7.003  6.954  5.994  7.532  7.185  9.217  8.381  9.733 10.297 
 9.900  8.934  6.367  7.382  6.382  6.942  7.782  9.581  8.161  8.721 11.559 
 9.279 10.350  9.112  6.331  9.207  7.137  6.699  7.616  7.421  6.405  9.386 
10.518  8.790  8.233  7.255  8.161  5.935  6.698  7.440  9.065  8.772 10.165 
10.466  8.682  8.575  7.270  7.114  7.312  7.190  7.435  9.026 11.064 10.003 
 8.691 11.141  8.119  6.246  6.951  7.662  8.377  9.144  7.541  9.450  9.501 
 9.299 10.314  9.033  7.017  7.692  5.437  9.055  8.683  7.174  8.709 10.545 
 9.141  9.019  9.507  7.292  6.452  5.319  7.166  7.430  7.955  8.417  9.943 
11.508  7.265  8.601  6.674  7.380  6.304  5.755  7.229  8.896  7.521  9.707 
 9.307  9.086  8.590  6.489  5.982  6.117  8.115  9.050  7.889  6.410  9.462 
10.509  9.639  8.664  7.548  7.946  4.953  6.057  6.650  9.789 12.079  9.057 
 8.758  8.271  9.371  8.157  7.967  7.327  6.263  8.276  6.863  9.508  9.926 
 9.357  8.143  5.406  5.729  8.820  8.433  6.320  8.656  8.308 10.253  8.847 
 9.462  8.588  6.015  9.278  7.625  5.868  7.303  7.895  6.896  8.566 10.711 
 9.421  8.956  7.986  7.028  9.319  6.826  5.426  7.738 10.237  9.166  9.771 
 8.796  9.394  9.811  8.983  7.438  5.841  7.729  8.678  7.396  8.790 10.351 
10.335  9.099  9.099  5.571  7.086  6.469  6.192  7.941  6.022  8.248 11.089 
 9.451  8.165  8.342  7.675  7.241  7.646  7.877  8.505  7.844  8.960 11.732 
10.210  7.974  7.469  9.550  6.545  6.608  8.122  8.330  9.163 10.246  9.045 
10.012 10.658  8.373  6.773  6.281  6.758  7.693  7.182  8.997  9.129  8.839 
10.526  8.645  7.542  4.981  8.602  6.956  7.206  6.848  7.383  8.104 10.507 
11.030  8.437  8.868  5.907  7.308  8.355  5.786  6.899  7.755  9.226  9.821 
 9.752  9.739  7.856  6.596  6.752  6.772  8.530  7.771  8.109  9.014 11.225 
 9.358  9.745 10.681  7.253  7.821  7.280  7.126  8.401  7.892  8.561 10.907 
12.139  9.199 10.611  7.073  8.382  6.563  6.930  8.818  8.509  8.943  8.263 
11.744  6.924  9.622  7.700  7.481  5.978  9.650  6.288  8.854  9.793 10.530 
10.798  9.728  8.787  6.523  6.753  7.658  8.481  7.556  9.065  9.417 10.510 
10.575  9.455  7.341  6.554  7.751  8.505  7.434  7.507  7.562  7.479 10.640 
 9.351  9.029  8.209  9.002  7.577  6.200  5.395  7.237  7.029  9.203 10.640 
 9.678  8.467  7.196  6.969  8.881  7.571  7.574  9.543  8.464  7.611 10.366 
10.241  7.565  8.641  7.972  8.464  8.657  7.270  9.579  7.136  8.685 11.424 
 8.493 10.314  8.269  8.036  7.270  5.253  7.608  7.480  8.264  9.286  9.714 
 9.459  9.089  9.338  7.805  7.298  7.373  7.590  7.419  7.022 10.353  9.934 
 8.908  8.822  9.018  6.338  6.223  7.299  7.892  8.163  7.192  9.313 10.140 
11.099  9.832  8.625  5.958  8.071  7.979  7.122  7.343  8.568 11.594  8.920 
 8.767  8.385  8.250  6.848  7.340  6.487  6.624  7.616  8.314  7.479  9.483 
10.676  8.914  9.428  6.585  6.536  5.289  8.268  8.746  8.047  9.015  8.888 
 8.688  8.900  8.298  5.967  7.421  8.473  6.954  5.858  9.359  9.908  8.758 
 8.844  8.994  7.184  7.091  7.487  6.092  5.832  8.665  8.703  9.006  9.023 
 9.514  9.692  9.501  9.700  7.477  7.566  6.959  6.469  9.624  9.425  8.483 
10.450  7.954  6.370  6.928  6.721  5.063  7.845  6.853  7.801  8.590  9.999 
 9.915 10.055  7.983  7.537  7.912  6.700  7.212  8.271  9.165  8.766 11.514 
 9.404  8.012  9.290  7.943  7.539  9.494  7.338  6.155  9.161  9.199 11.038 
 8.692  9.498  8.315  6.779  8.019  7.733  6.158  7.557  8.783  8.363  9.436 
 9.990  8.418  8.082  8.289  7.943  7.920  8.359  9.274  9.050  9.642 10.416 
 9.426  8.052  9.100  7.608  6.423  8.151  6.234  8.894  8.563  8.275 12.455 
 9.282 10.342  9.635  6.024  9.920  6.215  7.435  7.905  7.776  8.108 12.048 
 9.793  9.169  8.213  6.398  7.677  6.191  7.072  6.907  8.215 11.208 10.205 
10.792 10.172  7.857  7.974  6.767  6.854  6.573  7.620  8.133  8.796 10.521 
 9.135  9.426  7.284  5.439  6.473  6.293  7.354  7.299  8.497  8.156  9.356 
 7.778 11.057  8.746  7.031  7.944  8.046  8.618  7.458  6.802  8.580  7.277 
11.761  8.381  6.935  6.091  6.816  7.790  5.740  8.035  8.272  9.289 10.654 
10.284  6.637  8.561  5.599  6.544  6.377  7.486  7.703  8.361  9.166  9.856 
 9.188  9.556  7.738  9.134  6.260  8.240  7.300  6.842  8.438  9.276 10.617 
10.369  8.228  7.587  8.061  6.643  6.683  7.274  6.915  8.688  8.153  8.871 
10.253  9.959  9.496  8.201  7.690  6.731  5.580  7.717  9.150  8.209 12.065 
 9.326  9.326  9.524  7.520  5.529  7.914  8.660  7.540  8.625  9.183 11.033 
 8.946  9.383  7.689  8.666  5.813  5.543  7.267  8.064  8.468  8.213 10.504 
10.061  8.794  8.601  8.681  7.185  6.781  8.578  7.466  7.461  9.644 11.579 
10.061  8.682  8.468  7.749  5.959  7.270  6.799  6.595  7.950  8.943 10.526 
 9.926  9.988  8.892  6.778  6.227  4.791  6.407  7.477  9.305  8.516 10.248 
 9.940  8.047  9.370  8.984  8.600  6.704  6.736  9.973  6.374 10.357  9.165 
 7.925  9.086  9.218  6.834  7.939  6.417  6.682  8.014  9.387  8.812 11.378 
10.880  8.848  9.404  5.887  7.214  8.186  6.101  8.258  7.895  9.421 10.101 
10.802  7.088  7.369  7.109  6.986  8.247  8.532  6.960  8.282  9.066 11.442 
 9.620  9.177  8.618  6.520  6.715  6.308  7.447  7.718  8.140  8.527  9.269 
 9.854 10.122  8.170  7.303  7.139  6.783  6.215  7.234  7.622  8.082  9.063 
10.562  8.849  6.689  7.371  5.799  7.996  9.035  7.973  6.353 10.334  8.887 
 9.573  6.980  8.893  7.673  7.771  8.779  5.580  7.979  9.923  9.915 10.303 
10.470  8.758  7.660  5.207  6.835  8.529  7.780  5.734  6.121  7.812 11.126 
 8.946 10.367  6.736  8.663  6.920  6.517  5.066  7.209  7.829  8.144  7.420 
10.683 10.672  9.769  7.025  7.414  6.257  6.408  8.327  8.383  7.456 10.098 
12.160 10.132  8.293  7.148  8.210  6.180  7.175  8.475  8.104 10.422  9.934 
 9.478 10.472  8.448  7.679  6.805  8.873  6.858  8.217  6.344  8.021  9.830 
10.263  8.865  8.455  7.397  7.585  8.357  7.888  5.016  8.169  9.378 10.575 
11.729  8.927  9.187  7.718  7.884  6.424  7.410  6.435  8.661  7.311 10.134 
11.259  8.903  7.497  8.572  8.362  7.804  6.924  5.460  8.058  9.026 10.367 
10.783  8.482 10.512  9.494  5.783  7.892  7.144  8.201  6.838  9.863 11.639 
10.166 10.063 10.162  7.588  6.572  8.433  4.177  8.303  8.072  8.212 10.973 
11.075  8.328  7.720  8.845  6.370  8.890  7.731  7.290  7.650 10.205  8.560 
 9.471  8.624  9.010  7.651  6.346  5.500  7.743  7.545  8.271  8.080  9.342 
11.970  7.289  8.506  7.847  8.063  6.725  6.430  5.924  8.580  9.494  7.865 
10.545  9.095  9.462  7.937  6.636  6.916  9.058  8.063  8.108  8.775 10.774 
10.888  9.170  7.359  8.577  7.796  5.198  8.405  8.534  9.252 11.003 10.377 
 9.850 10.778  7.875  9.189  9.077  9.136  7.854  7.596  8.671  9.775  8.627 
11.015  8.369  8.046  6.639  6.633  5.977  6.162  6.741  9.451  9.520  9.989 
 9.017  9.826  7.610  5.833  8.267  7.253  7.903  7.518  8.483 10.401 10.375 
 8.688  7.120  6.749  5.837  7.504  7.228  7.712  4.991  6.916 10.507 10.668 
 9.980  8.815  8.517 10.571  7.513  7.890  7.209  6.002  7.789  8.621 11.697 
 9.595 10.221  8.974  8.694  8.695  7.430  7.089  8.019  8.727 10.616 11.595 
10.102  8.145  7.498  7.335  7.815  6.148  5.521  6.865  7.878 10.127  9.649 
 9.710  7.813  9.320  8.340  6.612  6.142  8.314  7.199  7.710  8.430 11.606 
 8.761  9.129  7.511  9.754  7.245  7.689  6.386  6.928  9.113  9.644  8.898 
 8.084  7.728  7.877  7.772  7.963  9.369  7.575  7.443  8.533  9.467  9.467 
10.506  8.631  9.373  8.290  6.614  7.612  6.735  9.394  7.341  7.710  8.973 
10.379  8.419  9.140  7.445  6.276  7.126  5.347  7.376  8.453  8.134  9.730 
10.636  9.765  8.107  7.598  6.901  6.045  6.753  7.598  7.448  9.954  8.725 
 9.533  7.957  8.310  8.243  6.862  7.418  8.589  8.300  7.485  8.964  9.463 
 9.908  9.466  9.065  6.515  8.236  8.781  8.330  6.446  7.099  9.094  8.984 
10.220  9.217 10.961  6.785  8.679  7.651  6.552  6.199  8.396  9.591  8.293 
10.225 10.029  8.221  6.836  6.511  4.417  8.288  6.902  8.127 10.740 10.867 
 8.751  8.108  7.583  9.040  7.432  6.167  6.693  8.357  9.089  9.563  9.411 
10.514  9.125  7.903  9.816  7.441  7.322  7.595  8.616  8.940 10.419 10.444 
 9.113  7.422  8.058  7.763  8.442  7.162  8.430  7.907  8.934 11.082 11.105 
 9.322  9.795  8.868  7.165  6.368  6.221  6.016  7.253  8.119  7.081  9.631 
 9.109  8.798  7.106  6.474  6.388  6.798  5.938  5.106  8.771  7.754  9.573 
10.766  9.088  9.062  6.399  5.575  6.587  5.934  9.088  7.110  8.890  8.577 
 8.461  9.654  9.468  7.584  6.974  5.370  7.353  7.200  7.704  7.434  8.287 
11.690  7.598  8.760  6.636  7.324  6.077  7.330  8.324  9.334  7.708  9.995 
 9.729  8.022  7.905  7.745  5.203  6.881  8.360  7.268  8.260  8.793  8.734 
12.020  7.176  6.118  9.400  8.555  7.511  5.167  5.882  8.161 10.846 10.975 
 7.409  9.212  8.827  9.560  8.099  6.332  8.434  6.452  8.371  8.861  9.957 
 8.463  9.667  8.076  8.072  8.571  5.392  7.283  8.546  8.228  9.158  8.001 
 9.382  9.440  8.282  7.806  7.491  7.658  7.077  7.291  7.863  9.200  9.910 
10.825  8.914  9.499  6.866  8.674  5.951  8.039  8.280  7.719  9.632 10.548 
11.260  8.936  6.462  7.857  6.656  7.594  7.719  8.718  6.771  9.290  9.398 
 9.938  9.352  8.663  8.126  6.926  5.208  6.409  6.919  6.946  8.358 10.815 
 9.073  9.655  7.370  8.554  6.267  7.704  8.130  7.577  9.663  9.595  9.371 
 9.651  8.728  7.808  7.877  6.238  7.272  6.967  6.209  8.442  8.619 11.710 
 9.375  7.910  9.417  7.584  8.184  8.086  8.454  7.682  9.355  8.791  8.655 
 9.729 10.076  7.527  7.081  8.015  6.581  7.875  8.669  9.417  8.152  9.510 
 9.474  9.380  9.404  6.081  7.173  5.383  5.986  8.912  9.282  8.820 10.768 
10.425  8.627  8.340  7.392  8.489  6.742  7.411  8.468  8.993 11.152  9.781 
 9.653  8.138  9.056  7.564  8.097  5.832  8.331  8.520  5.617  9.288  9.643 
 8.485  9.468  9.481  7.636  5.487  6.629  7.836  6.189  7.200  9.162  9.346 
10.209  9.348  7.505  8.222  6.588  7.725  5.565  6.182  8.953 10.001 10.224 
11.303  7.542  9.780  7.135  7.725  8.494  8.767  7.674  9.248  9.140 10.054 
10.661  8.820  6.998  7.240  6.642  6.915  6.427  8.371  6.889  9.454  9.633 
11.243  8.880  7.541  7.176  8.424  8.022  7.243  7.272  7.502  8.428 11.202 
10.715  9.498  9.147  7.480  6.598  7.484  8.129  7.631  8.663  8.752 12.396 
 9.186  9.875  9.377  7.893  6.548  7.396  5.696  6.695  7.261  7.583  9.261 
 9.728  9.132  8.153  5.744  7.782  7.734  9.118  6.079  8.691  8.825  9.859 
 9.667  8.709  7.225  7.942  7.097  7.145  8.011  8.122  8.459  9.646  9.032 
 9.658  8.827  7.908  7.452  7.320  7.285  7.430  6.473  8.841  9.869 11.609 
 7.630  8.220  7.523  9.637  6.753  5.128  6.191  8.459  9.499  7.900 10.590 
11.878  8.496  7.480  6.484  5.873  6.066  8.315  8.991  8.290  7.807 10.361 
 9.855 10.037  8.430  6.197  6.662  6.158  6.877  9.269  7.274  8.208 11.077 
 7.740  8.531  9.136  6.565  7.071  6.081  5.580  8.333  7.079  9.361  9.744 
10.970  9.421  7.526  6.485  6.833  6.145  7.808  7.999  7.980  9.349  9.763 
 8.714  8.882  7.580  6.247  7.122  7.312  8.109  6.158  9.316  8.377  9.739 
 8.962 10.954  6.474  7.047  6.262  7.668  7.494  7.193  7.530  8.426 10.251 
11.516  9.921  9.045  7.901  5.613  5.205  6.293  8.290  9.149  8.656 10.623 
10.398  9.581  8.926  7.487  6.124  7.661  8.358  8.769  7.758  9.966  9.725 
 9.883  9.971  8.296  6.804  8.610  8.852  7.578  8.893  8.081  8.835  9.538 
 8.033  7.814  9.233  8.520  5.891  5.439  7.953  6.879  9.365  9.005 10.720 
11.247  9.767  8.718  7.692  7.255  7.376  6.281  6.043  6.408  8.528 10.204 
11.230  9.918  8.853  8.334  8.611  5.981  5.803  8.909  8.807  8.384 10.668 
 9.527 10.731  8.613  7.597  7.377  7.365  8.402  9.464  8.566 10.063  8.355 
11.091  8.558  7.598  9.192  7.234  8.716  7.088  7.690  8.200  9.655  9.033 
10.544  8.958  8.704  6.832  9.284  6.261  6.927  7.884  6.096  9.960 10.633 
 9.328  7.587  7.959  5.663  6.178  7.288  7.806  7.523  9.930  7.214 10.263 
 9.176  9.520  8.491  8.549  7.744  7.247  6.673  5.863  8.321  9.883 10.387 
 8.864  9.204  7.830  6.669  8.223  6.668  7.666  7.813  7.661  8.618 10.423 
11.229  8.120  9.524  7.488  5.886  8.455  6.689  7.641  8.729  8.021 11.836 
 9.492 11.277  8.914  6.931  6.808  6.284  7.790  7.141  8.773  7.231 10.261 
10.172  9.668  9.392  8.676  6.660  7.895  6.771  7.279  9.088  9.372 11.717 
10.977  9.472  9.066  8.867  6.888  5.671  7.646  7.870  9.200  9.826  9.595 
 8.746  7.931 10.183  8.290  8.011  6.421  9.111  7.436  6.714 10.193 10.197 
11.577  8.806  8.751  8.619  6.227  7.457  6.965  6.337  7.303  9.405  8.817 
 8.410  9.416  6.519  8.316  7.207  7.249  5.683  7.650  7.151  8.651  9.380 
10.440 10.128  9.246  7.209  6.566  7.515  6.660  7.285  8.101 10.290 10.848 
 8.598  8.248  7.809  5.850  6.649  6.335  6.642  8.199  6.953  7.770 12.391 
10.128  9.575  9.459  6.986  5.300  7.539  7.516  7.255  6.953  9.783  8.485 
 8.600 10.878  8.052  8.565  7.062  6.984  6.401  9.055 10.784  8.403  9.280 
 8.883  8.327  7.441  6.362  6.483  7.695  6.605  6.893  7.867  9.108 11.459 
 8.850  8.333  8.025  8.069  6.587  5.716  8.154  9.151  8.417  8.365 10.417 
 8.119 10.730  7.623  8.272  7.652  7.370  4.126  5.281  7.890  9.788 11.175 
10.266  8.431  8.139  8.248  6.590  6.575  8.229  8.328  6.729  7.793 11.751 
10.051 10.663  8.165  7.504  7.728  6.017  7.028  6.387  9.194  9.976  9.460 
 9.453  8.937  8.281  8.035  7.542  7.668  5.256  6.987  9.039 11.107 11.881 
10.667  8.645  7.490  8.054  5.722  7.466  7.450  6.504  7.119  7.976  9.305 
 9.365  9.414  9.637  7.507  6.605  8.643  6.101  6.545  9.104  9.280 10.423 
 8.578  8.986  8.550  7.229  6.710  6.538  7.362  8.023  9.251  9.033 11.138 
11.082  9.131  8.806  7.400  9.024  8.103  8.670  7.336  7.591  9.730 11.461 
11.339  8.541  7.934  7.477  6.724  6.177  6.880  8.630  7.370 10.093  9.916 
 9.611  8.655  8.043  7.165  7.215  7.837  8.161  7.787  9.096 10.275  9.928 
10.724  9.593  8.585  7.674  5.136  7.526  9.356  8.438  9.379  8.892  9.147 
 9.630  8.526  7.955  8.500  6.442  6.113  7.988  7.283  7.828  8.821  9.253 
10.134  7.935  8.473  8.472  9.372  8.002  5.482  7.769  8.160  8.312 10.090 
10.224  7.190 10.393  8.746  6.491  6.734  7.955  7.958  8.117 10.197  9.676 
 8.925  9.543  9.535  7.045  6.897  5.338  7.342  7.436  8.139  9.939  8.058 
 8.965  8.556  6.937  8.193  6.466  8.322  6.423  9.109  8.341  9.573  9.103 
10.917  8.880  7.513  8.969  7.403  7.666  8.912  6.132  9.262  9.085  8.733 
 9.871  8.917  9.268  6.173  7.969  6.732  6.372  7.568  9.679  6.869  8.195 
 8.709  9.096  8.703  9.194  5.553  5.989  7.422  8.231  7.835  6.175  9.027 
11.095  7.145  6.641  4.981  7.127  9.485  5.809  8.843  6.408  8.553  9.251 
 8.729  8.658  7.253  7.424  7.476  7.375  7.550  8.163  7.996 10.408  9.166 
10.246  7.819  7.854  6.451  6.206  7.014  8.113  5.778  7.451  9.413 11.658 
 9.096  8.138  8.416  6.090  6.608  7.196  6.590  7.529  8.032 10.325  9.062 
10.276  9.602  8.306  6.566  8.119  7.175  6.627  8.729  9.562  9.171  8.534 
11.545  8.256  7.326  8.482  7.630  7.316  8.089  5.943  8.573  9.724 11.015 
10.597  8.819  9.178  7.074  7.931  6.976  7.363  6.488  8.930  7.437  9.649 
 9.514  9.713  7.160  8.071  7.236  7.508  8.117  8.211  8.103 10.554 11.143 
10.032  8.038  6.001  7.284  7.298  8.063  6.717  7.713  9.203  9.710 11.388 
10.349  9.986  6.883  8.610  7.555  6.161  8.478  7.161  7.321 10.189 11.543 
10.057  9.771  7.467  7.948  7.493  8.233  6.534  6.573  8.519 11.902  9.852 
 8.222  8.997  7.344  7.501  6.868  6.048  7.821  6.994  7.988  9.150  9.625 
10.476  8.919  8.262  8.125  6.818  7.778  7.847  8.147  7.335 10.154 10.709 
10.200  8.605 10.200  5.808  5.760  6.098  7.172  7.742  7.973  9.841 10.920 
11.413  9.660  7.580  7.077  7.606  7.814  7.911  6.969  8.766  8.387 10.195 
 9.222  9.842  7.464 10.135  5.736  6.723  7.983  8.734  7.960  8.303 10.165 
 9.831 10.068  9.950  6.824  6.147  5.697  5.373  7.648  8.291  9.904  8.193 
10.639  8.644  8.803  7.701  8.229  5.807  7.067  8.451  9.478  8.664 10.764 
 9.927  9.460  8.484  7.719  9.390  7.262  5.901  7.618  7.949  9.936  9.475 
10.227  8.545  7.603  6.489  7.337  7.311  6.702  7.383 10.292  9.259 10.443 
 9.598 10.382  7.362  6.270  6.080  7.953  8.108  8.340  7.876  8.276  8.639 
 8.682  9.815 10.257  6.846  8.422  5.759  7.284  6.536  7.450  8.884 10.241 
 9.856  8.912  7.021  7.160  6.332  8.920  6.336  7.047  7.339 10.052  9.792 
 8.915  7.668  7.240  6.779  6.278  7.310  7.127  6.765  7.718  9.271  8.549 
10.526  7.988  7.800  7.525  7.137  7.207  8.494  5.925  6.534  8.925  9.413 
 8.224  8.945  9.375 10.705  7.537  6.979  7.016  6.920  8.558  7.471  8.723 
10.984  9.261  5.895  8.173  7.394  6.853  6.440  7.959  7.676  8.724 11.423 
10.002  9.195  8.838  7.493  8.234  7.812  7.893  6.759  8.466  7.127 10.929 
 8.550  8.491  9.748  7.614  5.973  6.503  7.500  8.209  6.505 10.170 12.333 
 8.666  8.831  8.346  7.520  6.823  5.503  6.471  7.024  8.455 10.543  8.647 
 9.703  7.953  8.761  6.148  7.014  8.154  7.598  9.022  9.453  7.808  8.193 
10.615  8.744  7.803  7.066  7.610  7.474  7.580  6.854  8.958  7.586  8.552 
11.171  9.169  7.548  9.093  6.221  4.951  5.851  6.677  9.374 10.033  9.211 
 9.078  7.977  8.932  8.960  8.449  6.801  6.699  8.553  7.334  9.944 10.577 
 8.560  8.951  7.995  6.701  5.744  7.460  6.980  6.819  8.641 10.175 11.111 
 9.529  9.110  8.822  7.863  5.510  6.898  9.088  8.518  7.786 10.790  9.829 
 9.749 10.066  7.164  8.178  6.198  7.431  6.155  8.468  6.778  9.787 10.015 
 8.977 10.369  8.420  7.142  5.956  7.003  5.574  7.121  7.149  8.899 10.518 
 9.406  8.828  9.563  8.128  5.511  7.266  7.366  7.051  8.257  8.699 11.322 
 9.391  8.690  8.086  5.694  5.139  7.237  9.508  6.731  8.924  6.813  9.448 
10.255  9.536  7.558  9.112  9.456  5.577  7.576  7.618  7.380  9.488 10.839 
 9.000  7.622  7.753  7.548  8.763  7.434  6.950  5.448  7.488  9.437  8.614 
11.909  7.374  8.765  8.936  7.630  7.454  7.782  7.722  8.051 11.505 10.234 
10.745  9.322  6.650  7.772  8.086  8.040  6.223  5.890  8.589  8.880  8.754 
 9.505  9.615  7.119  8.226  6.500  8.373  6.569  5.748  6.331  8.232 10.274 
 9.923  9.390  7.503  7.274  6.785  6.921  7.401  7.081  8.382  7.145 10.368 
 9.558 10.328  7.769  7.021  6.018  7.365  6.655  6.733  7.978  9.119  7.876 
 8.621  8.931  6.169  8.673  7.003  7.016  6.224  7.499  8.255  8.830  8.650 
10.211 10.383  7.707  7.938  6.497  7.005  8.561  9.816  7.106  9.191  9.210 
 9.378  9.973  5.895  5.886  7.228  7.596  8.882  7.813  9.623  9.523 10.396 
11.583 10.186  6.904  8.364  5.692  7.899  7.286  6.999  5.130  7.148 10.809 
 9.082  6.172  9.833  7.145  7.609  8.362  5.749  8.023  7.522  8.871 10.825 
13.114  7.675  7.884  7.377  8.040  6.845  8.655  8.688  7.412  9.678  9.699 
 9.664 10.290  8.463  8.365  8.980  8.246  5.386  6.682  7.552  8.281  9.970 
 9.173  9.272  9.334  9.399  7.670  7.268  5.946  8.224  8.232  9.863 12.045 
12.103 10.212  7.705  7.201  7.751  6.314  6.561  7.242  7.094 10.744 10.270 
10.138  8.597 10.245  8.216  7.277  7.820  6.317  7.943  8.802  5.939 10.285 
 9.853  7.635  6.898  6.745  6.671  6.486  6.940  6.140  7.716 10.386 10.460 
11.079  9.276  7.597  6.682  6.377  7.616  6.194  8.050  7.845 10.286 10.557 
10.792  8.580  8.632  8.411  6.242  8.170  6.967  8.278  7.748  8.999 11.087 
11.378  8.936  7.335  7.727  6.088  6.390  6.477  8.211  7.349  8.993 10.652 
 8.971  9.366 10.338  8.920  6.298  5.531  9.218  6.766  6.858  9.355 11.422 
10.361  9.213  8.855  7.630  6.423  7.393  8.108  6.963  8.742  9.871  8.712 
10.685  8.987  7.521  9.218  8.049  8.227  7.670  6.492  9.000  9.521  8.748 
10.701 10.471  7.815  6.266  5.322  8.064  9.188  6.860  7.594  8.026 10.401 
 9.169  9.955  8.965  8.787  6.256  6.383  8.596  6.485  7.816  7.901  9.432 
10.017  7.564  7.279  6.157  7.677  6.977  7.606  6.922  8.253  7.932 11.963 
10.401  8.459  8.914  9.575  8.112  6.987  8.184  9.251 10.124  9.878 10.902 
 9.152  9.206  7.648  7.597  5.961  8.464  9.104  6.379  8.710  9.437 11.104 
10.085  8.414  7.049  7.443  5.084  4.243  7.310  9.187  8.689  8.351  8.931 
10.099  7.936  6.803  6.172  6.183  6.597  6.591  9.014  9.017  9.871  9.519 
10.490  9.426  8.075  7.900  6.367  6.635  8.088  7.662  8.453  8.005  9.054 
10.015  6.342  8.336  7.790  7.170  7.918  5.689  7.803  8.574  8.245 12.390 
10.968  9.984  8.389  8.118  7.595  7.753  6.513  7.177  8.326  8.509 12.008 
10.697  9.309  7.569  7.658  7.622  5.985  6.914  8.271  8.227  8.504  9.521 
 9.988  9.136  8.402  7.115  7.792  6.910  7.501  7.039  8.021  9.989  9.053 
10.926  8.956  9.771  7.179  6.578  7.183  7.448  7.211  8.536  8.998  7.697 
 9.846  9.639  8.340  9.092  5.821  7.183  7.235  8.307  8.598  9.678  8.508 
10.701  9.053  7.611  8.118  6.746  6.264  7.415  7.591  7.166  7.661 10.095 
12.873  9.178  7.970  8.680  6.257  8.165  7.017  7.396 11.414  7.958  8.756 
11.045  9.046  8.182  8.351  6.748  7.170  7.569  7.611  7.428  8.946  9.433 
10.121  9.554  7.226  7.256  9.002  5.280  5.109  8.416  6.581 10.337  9.856 
 9.502  9.897  8.156  6.322  6.211  7.560  6.746  7.954  8.358  8.693  8.620 
11.845 10.226  7.842  7.303  8.755  6.585  8.873  8.163  9.102  7.727 11.332 
 9.848  8.877  8.225  8.351  6.966  7.096  4.887  6.497  8.141  8.877  9.564 
 7.767  8.285  7.067  7.176  7.668  7.117  6.662  7.658  7.920  9.852 10.231 
10.248  8.047  7.439  8.001  6.406  8.764  6.866  8.207  9.080  9.734 11.165 
10.616  9.820 10.070  8.275  7.560  8.499  6.274  7.521  6.751  7.778  8.700 
 8.789  8.666  8.011  8.421  6.929  7.347  6.926  7.223  8.587  8.361  9.734 
 9.918  8.952 10.153  5.773  9.527  8.984  8.259  6.817  7.077  8.685  9.372 
10.593 10.054  8.970  7.829  7.355  6.388  6.656  9.452  6.996  9.902  9.128 
 9.996  8.714  9.021  7.974  5.908  5.436  6.113  7.533  6.181  9.736 10.277 
 8.483  9.863  6.602  8.307  7.864 10.319  5.727  6.572 10.240  7.569 10.581 
10.882  9.954  8.982  7.830  6.913  6.717  6.995  8.686  8.013 10.513 10.527 
 9.282  8.798  8.833  7.913  8.949  7.452  7.500  6.335  8.706  9.275 10.787 
 7.889  8.167  8.267  9.614  7.138  7.585  6.636  9.886  7.976  8.609 10.935 
 9.260  8.982  7.697  8.489  5.763  6.581  7.634  6.921  7.297  9.247 12.006 
 8.929  9.787  8.805  5.870  5.226  7.509  7.184  7.585  7.241  9.868 10.675 
 8.240  7.711  9.434  6.288  6.182  5.968  7.033  8.455  9.132  9.686 10.605 
10.903  8.402  9.146  8.200  6.180  6.209  6.408  7.924  9.988  9.477  8.664 
10.265  9.382  7.252  8.014  7.455  6.758  8.507  7.326  8.862 11.514 10.176 
11.306 11.037  7.628  8.292  6.920  6.869  8.570  8.493  7.778  7.584  8.417 
 9.752  9.300  9.944  8.682  7.395  8.921  5.557  7.396 10.108  8.682 11.385 
11.983  8.428  7.497  6.333  7.776  7.640  6.244  8.529  8.345  8.646 10.003 
 9.615  8.441  8.261  8.202  8.141  7.074  7.012  8.229  9.768  9.073  8.920 
 8.445 11.890  6.090  9.471  8.086  6.256  6.397  6.431  7.723  8.252 10.337 
10.651  8.489  9.265 10.159  6.244  7.033  6.523  5.571  7.994  9.333  9.594 
10.685  9.111  7.536  6.626  7.887  6.966  5.652  7.963  9.448  7.729 10.598 
 7.759  9.199  8.105  7.434  8.303  5.900  8.280  6.391  8.419  8.466  8.167 
10.094  9.049  7.855 10.419  7.659  7.318  7.716  5.892  8.769  9.834  8.800 
12.513  8.758 10.037  7.848  8.121  6.415  8.760  5.931  9.094 10.088  8.389 
11.115 10.037  6.772  6.976  6.161  5.996  6.311  7.318  9.031  8.937 10.054 
 8.442  8.866  9.014  8.712  6.918  7.226  8.311  5.519  7.934  9.934  8.064 
 8.969  7.996  9.550  6.230  6.405  7.565  7.058  7.724  9.467  9.576  9.337 
10.345  8.177  7.123  6.843  8.113  5.899  6.484  7.611  8.834  9.961 12.459 
10.328 10.919  7.520  7.178  8.775  7.377  8.415  8.177 10.556 10.466 10.577 
10.868  8.050  5.557  5.651  6.944  7.055  8.272  5.378  8.312  8.437 10.451 
11.084  7.515  6.548  6.659  6.407  6.396  7.947  7.395  8.139  9.874 10.070 
11.592  9.943  9.411  6.195  7.448  6.052  7.372  7.244  9.740  9.441 10.808 
 9.050  8.935  7.380  6.777  6.925  8.100  5.514  5.560  7.381  8.972 11.052 
 9.957  6.635  6.913  7.493  6.603  8.616  7.066  7.486  9.372  7.904  9.047 
10.709  8.806  7.326  7.172  7.713  6.190  6.900  7.056  8.086  9.517  9.084 
 9.192  8.739  8.426  4.605  8.784  7.354  6.542  7.305  7.907 11.129  9.389 
10.552 10.014  8.310  7.532  7.003  6.836  6.931  8.011  8.151  8.599  9.922 
10.449  9.536  8.695  8.660  7.102  7.269  7.490  7.881  9.437  9.179  8.932 
 9.332  8.776  8.744  8.129  7.442  7.295  6.182  6.856  9.042  9.288  9.442 
 8.760  9.122  8.131  7.518  7.621  7.055  8.014  6.231  7.334  9.363  9.826 
 7.478  9.837 10.053  7.143  8.482  7.613  7.403  7.626  8.513  9.001  9.641 
 8.809 10.656  7.618  8.799  5.616  6.244  7.647  7.124  8.597  9.968 10.997 
 9.681  9.930  8.161  7.590  7.960  7.469  7.778  6.468  8.327  8.265 11.839 
 8.811  9.633  9.384  8.978  7.905  5.252  7.145  8.764  9.134  8.544  9.127 
 8.362 10.122  7.225  6.589  7.422  6.830  8.024  8.121  7.768 10.058 10.271 
11.064  8.975  8.410  7.716  5.903  6.510  7.044  7.129  7.522  9.154 11.092 
 9.737  8.510  7.655  8.814  8.094  6.446  7.546  7.163  8.367  8.010  9.770 
 9.944  8.881  8.154  8.852  7.455  6.694  8.121  6.524  9.718  9.261 10.591 
11.644  8.417  8.870  8.223  8.836  5.541  8.270  6.938  7.458  9.808 10.840 
11.241  7.781  9.758  5.775  7.465  7.810  8.036  7.160  7.278  8.594 10.260 
10.135  8.572  9.041  8.639  8.267  6.200  7.395  7.295  7.978 11.415 10.685 
11.373  9.223  8.129  5.822  7.049  7.763  7.107  7.720 10.013  9.054  9.708 
11.056  8.005  8.537  6.814  7.032  6.315  8.645  7.771  9.023 10.330  9.194 
10.109  8.922  8.527  6.012  7.335  5.727  7.121  8.357  6.961  8.263  9.115 
10.630  7.367  9.245  6.613  8.649  5.538  7.447  7.057  8.261  8.802  8.781 
 9.928  6.734  8.471  5.917  6.818  7.546  7.242  8.793  8.266  8.931 10.444 
10.298  8.590  7.717  5.905  8.039  8.077  7.914  7.922  8.451  8.744 10.419 
10.147  9.835  8.338  8.250  4.737  9.133  6.593  8.364 11.349 10.988  8.167 
 9.245  8.616  7.924  7.894  5.030  6.431  5.379  6.015  8.163  9.962 10.183 
 9.553  9.256  7.416  8.280  7.664  6.863  7.984  7.818  8.859  9.919  7.624 
10.992  9.148  8.905  8.537  6.596  7.546  8.026  6.854  9.377  7.735  9.782 
 9.580  9.430  6.654  7.246  7.519  6.679  6.659  7.606  6.734 10.167 10.124 
10.945  9.575 10.383  8.289  8.804  6.992  6.887  7.618  8.929  9.874  8.616 
10.316  9.159  9.725  8.510  6.684  7.195  6.100  6.628  8.719  8.447 10.158 
10.599 10.021 10.400  6.668  7.436  8.600  8.319  8.637  8.805  9.022 10.138 
11.889  9.541  7.799  7.717  7.841  7.487  6.802  8.369  7.592 10.010  9.281 
10.773  9.109  6.825  8.295  7.655  7.918  6.824  5.846  7.546  9.289  9.729 
10.115  9.102  8.159  9.152  7.744  6.964  7.111  8.641  8.469  8.728  9.872 
10.945  9.676  9.594  6.735  7.329  8.232  7.044  7.986  8.900  8.249  9.829 
10.884  8.355  7.053  6.728  6.589  8.327  8.921  6.209  9.097  8.450 10.577 
11.590  8.023  8.269  7.378  7.675  7.685  6.119  8.562  7.778  8.957 10.548 
10.400  8.098  6.537  9.406  6.104  6.170  9.148  5.956  7.939  9.364  9.150 
 8.364 10.425  8.592  7.647  8.056  7.650  7.837  7.811  9.241  8.077 10.282 
 9.684  8.801  6.872  7.752  7.067  6.375  6.216  7.865  8.406  9.388  9.566 
 9.529  7.937  6.573 10.066  6.735  6.712  9.302  7.851  7.683  8.234 10.656 
 9.965 10.081  9.151  6.994  8.588  7.258  8.519  6.467  8.870  8.718  9.526 
 9.568  8.598  6.771  8.646  8.847  6.007  7.321  7.675  9.614  8.061 11.920 
11.697  9.148  8.586  8.054  8.020  5.469  6.988  6.783  7.524  9.682 11.220 
11.828  8.122  8.616  6.483  6.184  8.022  7.535  7.156  9.319  8.537  8.819 
 8.723  8.706  7.841  7.184  8.319  7.916  7.893  8.402  6.174  8.978  9.144 
11.068  6.348 10.291  7.452  7.551  8.778  7.498  7.018  7.863  8.127 10.409 
 8.640  9.989  7.523  8.656  5.473  6.989  6.013  7.597  8.209  9.023  8.973 
11.712  8.467 10.165  7.883  6.167  5.663  6.414  7.157  6.954  9.008 11.479 
10.573  9.893  8.576  9.186  5.465  8.101  8.133  9.008  7.749  9.315  9.859 
 8.201  9.140  6.776  7.581  7.822  5.672  5.530  8.840 11.396  7.701  8.604 
10.154  8.347  9.289  6.858  7.209  6.681  6.796  7.647  7.280  8.418  9.088 
10.931  7.153 10.176  7.923  7.898  5.660  7.737  6.522  9.043  7.407  9.807 
10.120 10.122  7.686  9.422  6.926 10.049  6.876  7.680  9.439  9.479 10.425 
10.091  9.089  8.675  8.958  6.188  7.125  7.197  7.983  8.409  8.854  9.582 
10.273  8.844  6.650  6.978  7.251  9.256  8.396  6.735  9.865  9.717  9.186 
 9.203  8.284  9.786 10.211  6.498  7.422  6.604  6.441  7.962 11.614 11.024 
 9.325 10.575  7.368  8.528  5.516  6.763  6.398  7.301  8.758  7.347  8.923 
 9.837  8.265  7.287  5.350  8.161  8.410  8.047  6.741  9.852  9.793 10.888 
10.881 10.267  7.838  9.871  8.487  8.034  8.490  6.119  8.908  9.520 10.800 
 9.365  9.970  6.968  8.600  8.276  6.895  9.188  6.523  7.517  9.180 10.057 
 9.801 10.654  9.102  6.377  7.039  7.088  7.314  8.607  8.622  9.204  9.382 
 9.737  8.726  7.939  8.473  8.292  8.468  8.342  7.481  7.225  8.504 10.991 
 8.724  9.337  7.240  6.701  6.578  7.238  5.818  7.462  7.215  8.781 10.466 
 9.598  8.674  8.890  8.801  6.516  5.969  7.825  7.847  7.528  8.258  9.469 
 9.277  6.728  7.768  7.686  5.394  8.463  7.032  7.784  7.561 10.857 10.372 
 9.222 10.666  8.099  6.643  7.768  7.355  8.355  8.362  9.839  8.952 10.599 
11.430  9.254  8.313  7.556  6.757  7.114  6.616  7.558  9.191  8.837 11.088 
 9.154  8.539  7.529  7.425  6.151  5.821  6.495  9.643  8.889  8.446 11.643 
10.748  8.974  8.433  8.451  6.521  7.514  5.536  6.775  9.009  9.480 10.449 
11.290  9.705 10.100  6.383  6.403  4.598  6.404  8.072  7.656  8.516  9.189 
10.232  8.002  7.647  7.188  7.069  7.672  5.957  5.996  7.604 10.282 10.868 
 8.928 10.282  7.745  7.822  9.430  7.644  7.103  8.495  7.926  6.308  8.685 
10.145  8.639  6.775  7.951  8.785  8.624  7.792  6.808  8.604  8.701  8.699 
 9.828  8.908  6.818  5.279  6.216  8.325  8.109  7.480  8.156  7.465  8.152 
11.470  8.944  8.558  7.985  8.850  6.637  5.757  7.703  9.819  9.863  9.881 
10.853 10.323  9.431  7.320  5.616  8.819  6.113  7.786  7.986  8.762  8.682 
 9.849  9.302  7.691  9.146  8.167  5.350  9.166  8.763  8.479  8.945  8.930 
10.089  9.849  9.848  7.377  7.204  6.763  7.124  6.897  7.703 10.435  9.683 
 7.673  9.758  7.277  8.384  7.560  6.657  7.436  5.044  9.089  9.016 11.869 
11.064  9.219  8.677  6.817  9.157  7.697  5.744  7.694  9.086 10.288  9.526 
 9.277  6.943  8.943  8.460  8.457  5.347  5.635  7.135  6.154  8.545 10.759 
10.150  9.178  8.918  8.045  5.821  6.816  7.889  6.852  7.941  7.961 10.567 
10.034  8.836  8.129  7.170  7.373  7.511  5.659  8.604  7.706  7.293 11.824 
 9.423 10.270  7.026  9.210  6.050  8.102  7.838  8.205 10.440 10.458  9.457 
11.152 10.141  7.881  7.917  8.359  7.247  7.925  7.480  6.067  9.070  9.614 
10.184  7.432  9.016  6.689  8.560  8.626  6.599  6.841  7.386 10.533  9.556 
10.864  8.998  7.171  7.714  7.514  6.961  7.434  8.225  7.023  8.396  9.585 
 9.107 10.011  8.451  6.951  6.422  7.672  9.101  7.905  8.080  9.678  9.916 
11.238 10.159  9.159  8.852  6.079  5.632  7.881  7.625  9.108  8.489 10.080 
10.128  8.481  8.597 10.352  6.000  7.392  7.472  7.115  7.819  9.392 10.296 
10.764  5.761 10.697  8.748  7.305  6.106  7.466  7.563  9.068 10.072  9.799 
11.501  8.846  7.676  6.952  7.580  6.925  6.664  7.376  8.113  8.951  8.401 
 7.818  8.161  8.134  7.316  5.912  6.214  6.798  7.666  9.304 10.186 10.977 
 9.991  7.919  8.439  7.699  6.938  7.081  8.836  7.242  6.806  8.621 10.988 
 9.786 10.045  8.086  6.132  7.807  6.748  7.895  6.993  8.534  9.956  9.671 
 8.848 10.068  8.454  7.613  6.648  7.087  6.947  7.716  7.811 10.549 11.567 
10.413  9.113  8.276  7.289  8.612  8.599  6.227  8.077  8.135  8.418 10.796 
 9.286  9.122  8.618  8.843  6.078 10.124  8.058  6.861  7.156  8.335  8.168 
 9.370  7.604  8.745  8.843  7.066  7.475  8.493  7.602  9.365  9.109 11.630 
 8.291  7.240  8.055  7.000  7.131  6.111  7.486  7.836  7.984  9.044 11.246 
 9.621  8.925  9.242  9.282  7.653  7.648  5.614  5.833  8.297  8.789  8.715 
10.308  9.270  7.946  8.318  6.165  7.583  6.744  6.887  7.340 10.480 11.113 
 9.856  9.172  7.096  6.595  7.128  5.142  6.889  7.957  7.184  7.971  8.894 
 9.930 10.387  6.968  8.791  7.211  8.787  5.858  6.403  9.408  8.167  9.889 
10.903 10.286  7.529  8.575  8.193  6.483  7.527  8.656  8.204  8.217  8.487 
 9.266  9.361  9.513  7.863  6.267  5.951  7.504  7.122  8.454  8.877 11.314 
11.464 10.115  9.412  8.549  7.313  7.514  6.527  6.448  5.955  9.190 10.013 
 9.836  8.546  8.337  7.726  6.044  8.105  7.084  8.300  7.629 10.465  9.412 
10.884  9.575  7.484  9.585  8.526  8.020  7.169  7.470  7.678  8.640 10.592 
10.125  8.492  8.763  6.731  7.093  7.290  5.825  7.879  9.196  8.711  8.521 
10.553  9.040  6.667  7.672  5.621  8.114  6.244  9.387  9.373  8.232 10.178 
 9.754  8.263  7.690  8.189  5.491  8.445  7.549  8.656  9.251  8.517  9.171 
 9.275 10.030  8.115  7.112  7.435  6.934  7.210  8.034  6.399  9.186 10.359 
 9.468  9.381 10.118  6.569  5.671  8.191  7.115  5.818  7.061 10.383 10.321 
 9.763  7.975  7.230  6.249  7.384  7.198  5.580  7.986  8.915  9.711  9.101 
10.642  8.384  9.098  7.338  6.928  6.544  7.644  7.986  8.054  9.512  9.184 
10.284  9.431  7.234  8.338  7.445  5.519  6.979  6.236  9.620  8.529  9.350 
11.935  8.855  8.727  7.284  7.189  6.540  7.953  7.832  6.284 10.134 10.378 
 9.299  9.631  7.181  7.495  8.062  8.452  7.513  7.858  8.614  9.305  9.150 
 8.416  9.615  9.460  5.436  8.309  8.508  8.188  7.845 10.294  9.892 11.571 
 9.759  9.579  8.295  7.806  6.067  7.965  6.932  7.343  6.867  9.683 11.057 
 9.084  9.533  8.114  6.243  7.689  7.704  5.915  8.372  7.836  9.363 10.501 
 9.888  7.954  6.948  6.972  6.460  6.722  5.459  7.079  7.114 10.899 10.276 
 9.474  8.000  8.283  9.429  8.940  8.329  7.497  7.582  9.349  8.918 11.534 
10.234  7.702  8.982  7.735  6.749  6.518  8.037  5.699  8.048  8.064 11.209 
11.203 12.219  6.989  6.822  7.640  7.191  7.532  6.709  9.124  8.012  9.990 
 9.494  9.048  7.965  7.617  7.181  8.650  8.033  6.364  7.101  9.418  8.997 
11.172 10.134  6.398  6.628  5.954  5.893  6.012  6.855  8.846 10.430  9.470 
 8.701  8.765  9.496  7.243  6.908  9.093  6.750  7.640  8.689  8.907  9.013 
10.603  9.188  8.395  7.437  7.655  7.646  7.007  8.275  8.946  9.120 10.348 
 9.335  8.766  7.780  5.944  4.993  8.005  7.020  7.011  7.959  9.248 10.401 
 9.526 10.229  7.102  7.176  6.882  6.665  7.193  6.604  6.852  8.489 10.035 
11.479  8.928  8.358  7.743  6.869  6.854  7.591  6.101  6.948  9.582  9.292 
10.689  9.888  9.452  6.449  5.755  6.988  7.512  8.893  9.295  8.849 10.315 
 9.599  9.269  8.837  9.490  6.679  8.930  6.572  8.185 10.052  8.891  8.557 
10.677  8.516  9.773  7.355  8.159  7.723  7.549  8.196  6.300  9.572 10.653 
11.055 10.096  8.417  8.452  8.005  8.216  8.994  8.689  8.873  8.079  9.282 
 9.519  9.213  9.177  7.504  7.372  7.133  6.793  9.453  7.582  8.830 10.643 
 9.516 10.316  8.215  9.506  7.991  7.390  7.332  6.154  9.923  9.085  9.062 
 9.078 10.822  8.485  8.642  7.136  8.594  7.603  5.534  7.437  7.822 12.914 
11.848  7.632  7.638  8.843  6.845  6.584  8.346  6.820  8.953 10.895  9.391 
 9.911 10.255  7.163  7.210  6.196  5.557  7.010  6.050  8.470  9.157  9.601 
 9.259  8.979  6.336  8.874  7.339  6.456  7.361  7.493  6.645  9.986  9.143 
 9.526  9.531  7.779  5.297  6.001  7.375  6.947  7.152  8.268 10.647  9.513 
 9.368 10.586  8.378  8.663  8.177  8.212  8.571  7.793 10.234 10.272  9.487 
 9.159  6.735 10.360  7.010  6.834  6.641  8.213  7.117  7.805  7.271 10.150 
 8.336  9.213  9.304  8.776  9.183  6.941  7.742  7.290  8.303  8.846 10.465 
10.809  8.347  7.551  6.185  6.576  6.383  7.075  6.432  9.252  8.472  9.232 
 9.993  7.825  7.639  9.008  8.801  6.614  5.670  8.320  7.060  9.015  9.717 
11.700  7.757  7.766  8.107  8.398  7.865  7.732  8.754  7.473  8.140  8.982 
 8.782 10.950  8.015  9.877  6.858  6.613  6.806  9.459  8.161  7.822  9.103 
 8.996  8.524  8.524  7.234  8.371  7.490  7.838  7.464  8.051  8.926  9.738 
 9.085  8.687  6.363  6.735  8.338  5.466  8.105  6.648  6.130  9.330 10.546 
 9.607  8.431  8.609  7.074  5.845  6.959  7.091  8.761  8.149  9.548  9.249 
 9.454  8.592  8.485  7.104  6.825  5.782  6.872  7.359  5.557  7.710 11.810 
10.513  9.077  8.406  6.530  8.618  6.086  7.346  7.029  8.376  9.157  9.604 
 8.664 10.385  8.317  6.462  6.065  8.418  7.403  7.110  7.445  7.359 10.474 
 9.862 10.283  7.408  8.225  8.580  6.403  6.516  7.184  9.381  9.304 10.064 
10.152 10.356  8.414  9.112  8.097  7.508  6.050  8.103  8.334  9.521  9.551 
10.015  8.193  7.543  7.797  7.306  6.739  7.087  7.204  8.406  9.524 10.618 
12.199  6.816  7.750  7.242  6.441  6.484  6.248  8.715  7.905  9.783 11.198 
 9.005  9.869  8.971  6.420  8.100  8.414  6.901  8.072  8.721 10.499  9.152 
 9.754 10.256  8.464  7.463  7.444  6.350  6.464  7.572  9.168  8.252  9.803 
 7.706  9.237  9.839  7.204  7.749  8.204  8.007  7.232 10.884  7.788  9.005 
 8.810  7.817 10.855  8.891  5.611  7.500  5.898  7.489  9.812  7.935 10.180 
10.223 10.611  7.166  6.455  8.008  6.930  7.367  7.705  6.617 10.140 10.962 
 8.998  8.632  8.314  9.484  6.125  8.001  7.809  6.793  8.766  8.729 10.122 
 9.108  9.324  9.036  8.137  6.564  5.863  7.415  7.287  8.130  9.203 10.866 
11.147  9.529  9.163  6.594  7.750  7.017  5.790  6.947  8.089  8.116 10.767 
 8.836 11.015  8.282  5.924  6.732  6.941  7.015  6.952  9.455  8.823  8.271 
10.505  7.414  9.491  6.696  6.817  8.395  6.652  8.388  8.034  8.335  9.661 
 9.956 11.457  8.394  7.407  7.828  7.707  8.329  8.986  8.893 10.094 10.805 
 9.941  9.825  9.667  6.607  6.377  7.479  8.061  7.130  8.514  8.066  9.382 
 9.853 10.394  8.333  8.746  7.721  8.051  7.182  7.201  9.614  8.630 10.191 
 8.583  7.944  5.767  6.948  7.277  8.337  6.445  7.777  9.226  8.758  9.720 
11.211  8.672  6.643  6.027  9.770  6.790  7.051  8.150  7.780 10.891  7.303 
11.041  8.409  6.614  7.561  6.405  8.716  7.392  6.624  7.689  8.965  9.345 
 8.147  8.653  8.341  8.039  7.011  6.898  7.628  9.428  7.972  8.955 11.146 
11.005  8.730  7.900  7.159  6.836  7.021  6.279  9.284  8.034  9.999 11.699 
 9.146  8.894  9.786  6.899  7.919  8.579  6.562  7.408  8.399  9.175  9.398 
 9.060  7.067  7.201 10.258  6.656  6.815  8.925  7.682  8.384  9.256 10.364 
 9.663  9.216  8.129  7.931  8.771  7.373  5.012  8.513  6.949  8.320  9.037 
 9.191 10.093  7.946  6.783  5.436  8.329  6.724  8.265  6.998 10.719 10.869 
 9.587  7.938  7.789  8.374  6.559  7.394  8.960  7.400  9.159  9.511  8.821 
 9.640  8.115  7.300  8.717  5.666  7.365  8.044  6.933  9.785  8.664  9.519 
12.406  8.675  7.497  8.362  7.762  5.476  5.407  9.253  9.928  8.769  9.938 
 7.769  9.911  8.806  7.545  7.753  7.690  7.382  9.335  8.318  7.817  8.934 
 8.726  8.467  6.674  8.649  6.526  7.005  7.007  6.765  6.279  9.876 10.834 
12.146 11.985  9.945  6.460  6.737  6.933  6.389  8.416  8.778  7.892 10.828 
 9.312  7.714  9.574  7.123  8.407  7.127  7.557  8.265  7.148  9.188 10.366 
10.660  8.923  8.122  5.283  8.132  6.423  8.961  8.149  7.805  9.772 10.437 
 9.625  9.822  8.069  8.068  7.646  7.045  5.944  7.477  7.525  8.878 10.963 
 9.162  8.708  8.315  8.656  8.907  6.685  9.432  6.370  7.977 10.885  9.033 
 9.320  9.520  8.021  6.037  7.493  6.045  7.645  6.449  7.904  8.747  8.881 
10.250  6.899  8.781  9.206  9.167  8.120  8.116  6.080  7.474 10.328  9.515 
10.558  8.579  8.281  7.877  7.817  7.106  7.959  8.922  8.647  8.175 10.230 
 9.393  8.085  7.672  8.734  6.936  7.857  9.209  9.189  9.508 10.431 11.700 
11.050  7.642  6.353  9.201  6.750  6.481  8.071  9.459  8.185 10.518  8.565 
11.060  9.550  8.753  7.357  7.527  7.855  7.170  9.416  9.023  7.506  8.968 
 8.023  8.380  8.449  6.574  7.066  7.053  7.428  6.004  9.103  8.453  9.866 
10.805  9.915  7.770  8.796  7.482  7.588  7.901  5.164  7.596  8.163 10.850 
11.219 10.610  6.627  5.237  7.914  6.611  8.172  7.544  6.894  8.987 10.615 
10.198  8.388  9.588  7.151  7.602  8.153  6.326  6.383  7.567  9.126  9.874 
 7.828  8.574  7.545  8.288  8.701  6.345 10.562  6.811  8.493  9.227  9.432 
10.522  8.343  7.138  7.469  7.660  5.453  5.829  8.161  6.745  8.844  9.427 
10.327  8.959 10.453  7.966  6.164  5.866  9.092  7.638  8.827 10.300  9.986 
 9.897 10.587  9.060  7.201  7.439  7.552  7.402  7.503  8.997  7.438 11.651 
 8.504  7.932  9.127  9.075  8.200  4.737  7.376  9.609 10.155  7.186  8.358 
10.631  7.728  8.991  7.530  7.116  7.721  8.500  7.213  8.815  8.056 11.721 
 9.441  8.354  7.765 10.223  7.045  6.849  7.540  7.623  8.650  9.685  9.831 
11.113  9.900  8.045  8.308  5.868  5.157  7.591  7.359  8.619  8.169  9.242 
 8.956 10.084  7.824  7.985  7.481  7.976  5.976  8.114  7.515  8.638 10.885 
 7.746  8.068  8.533  6.643  7.865  6.466  8.869  6.453  9.798 10.234 12.194 
 8.815  9.008  6.437  6.066  6.342  6.785  7.472  6.244  7.943  8.355 10.015 
12.178  9.305  8.753  7.041  8.270  6.259  6.769  7.700  7.564  7.144  9.531 
10.660 10.248  8.412  7.985  6.817  7.327  8.777  6.817  6.715  8.988 11.758 
 9.211  9.498  6.117  6.172  8.888  4.839  8.208  7.395  6.697  9.222 10.910 
 9.787  7.323  8.152  7.391  7.332  6.527  6.980  8.709  7.808  8.948 10.498 
10.699  8.350  6.567  7.625  7.970  6.876  8.012  8.066  8.012 10.022  9.403 
10.729  9.628  8.684  6.460  7.631  7.650  6.003  7.261  8.019  9.617 11.777 
10.291  9.828  7.587  7.873  7.557  7.115  7.451  9.045  8.747  7.754  9.174 
 9.686  9.830  8.059  7.050  7.135  7.163  9.393  7.636  7.801 10.239  9.981 
 9.151  7.709  7.823  6.642  7.818  4.302  7.596  6.432  9.928  7.392  8.824 
 9.516  9.947  7.441  7.464  9.535  6.298  6.973  7.770  7.840  9.595 10.204 
 9.888 10.098  6.768  8.721  8.109  5.973  8.344  7.580  6.963 10.347  8.828 
 9.466  8.535  7.205  7.150  8.585  7.543  7.477  6.903  7.989  8.858 10.880 
 9.852 10.058  8.513  7.274  7.796  7.832  7.692  5.683  7.719  9.055  7.129 
10.885  8.283  9.216  7.312 10.336  6.054  8.391  6.254 10.029 10.002  8.754 
 8.519  9.939  9.966  7.116  7.012  6.725  9.314  8.282  8.215  9.987  9.705 
 9.926  8.921  8.919  8.051  7.565  6.314  6.464  7.103  8.297  9.640 10.369 
 8.908  8.518  8.892  6.386  6.386  6.351  8.624  7.372  7.854  9.866  9.331 
 9.087  8.187  8.304  8.757  8.509  6.619  8.325  6.519  8.878  8.854 10.370 
10.839  8.905  6.937  6.690  5.271  7.536  9.626  7.174  8.460  9.081  9.402 
10.432  7.674  8.130  8.764  8.860  6.371  5.637  8.897  9.166  9.190 10.972 
 8.479  9.226  9.512  6.980  8.225  5.788  6.612  7.484  8.825  9.012  9.124 
11.297  9.316  7.728  6.981  8.134  8.285  7.300  7.547  8.915  9.846 11.044 
10.526  8.969 10.461  8.612  8.362  6.304  7.030  7.252 10.456  9.174 10.625 
 9.817 10.179  7.732  9.072  5.663  6.252  6.802  8.036  8.573  9.606  9.573 
 9.168 11.042  8.988  7.673  7.604  7.409  7.843  7.449  9.553  8.433 10.213 
10.290  9.493  7.097  8.606  7.062  7.221  7.203  8.179  7.317  8.809 12.226 
10.491  8.042  8.858  8.444  8.723  7.389  6.234  8.711  8.662 10.064  8.623 
 9.488  8.117  5.513  9.106  7.034  7.168  8.645  7.811  8.370  8.315  8.908 
 9.779  8.860  8.359  6.239  8.411  6.813  8.211  7.196  8.606  9.077  9.660 
11.637  9.406  9.516  9.332  8.036  7.283  6.353  7.559  7.913  8.361 11.578 
 8.851  8.167  7.252  7.040  7.671  8.835  8.478  6.530  6.614 10.802  9.528 
11.912 10.854  7.332  8.861  7.045  6.763  7.966  5.511  7.692  9.806  9.930 
11.010  8.884  9.054  7.092  7.794  8.600  7.541  9.492  9.675  8.755  9.367 
10.427  7.935  7.615  6.708  9.373  7.665  7.768  7.925  5.356  9.443  8.452 
10.242  7.595  6.480  6.948  8.169  7.056  5.358  5.643  8.625  6.361  9.541 
 9.972  7.698  8.933  7.092  9.087  6.326  8.069  6.573  9.240  9.439  8.493 
10.757  8.442  8.301  7.601  7.003  7.742  8.047  8.125  6.677 10.017 10.478 
 8.125  9.747  8.251  8.526  7.492  6.258  6.667  7.815  9.789  9.449  9.972 
10.292 10.219  9.095  7.892  7.762  6.463  7.940  5.539  7.899 10.150 11.055 
10.270  9.451  6.935  9.096  5.446  8.567  7.239  7.097  8.496  9.431  9.274 
 8.949  7.204  8.504  7.474  7.364  8.230  8.016  9.522  9.572  8.328  9.068 
 9.949  8.586  8.479  7.292  7.241  7.259  5.879  5.919  7.265 10.095  9.549 
 8.840 10.148 10.851  5.987  8.104  7.476  7.558  7.478  6.820 10.080 11.162 
 8.895  9.350  8.303  7.778  8.618  7.467  7.643  8.014  7.057  9.030 11.088 
10.958  8.315  8.344  8.487  6.677  7.896  7.650  8.027  9.353  9.182  9.307 
 9.338  7.049  7.162  8.356  5.729  7.048  8.096  9.026  9.644  8.464  7.999 
10.882  7.897  6.861  9.612  7.295  6.134  7.471  7.220  8.304  8.738  8.187 
10.723  9.317  6.498  6.968  7.264  8.001  7.723  8.117  8.323  8.583 10.222 
 7.543  8.301  8.169  8.057  7.227  6.202  7.426  7.493  9.627  8.236 11.267 
 9.764  6.807  9.204  7.674  7.707  7.626  7.360  6.483  6.897  8.852 10.118 
12.143  8.667  9.400  8.086  6.753  6.013  7.109  7.144  7.804  9.752  9.836 
 9.885  9.808  7.878  7.315  6.174  6.306  5.658  8.278  8.210  8.772  8.785 
10.958  9.218  7.417  6.071  6.553  7.066  5.874  7.794  7.263  8.225 10.606 
 9.946  9.198  8.308  7.252  5.694  7.253  6.321  6.754  7.086  8.513 10.803 
 9.831  8.320  6.964  7.408  8.122  6.597  6.752  8.862  7.052 10.970  9.790 
 8.934  9.209  7.120  8.326  4.775  5.795  5.024  8.296  6.873 10.047 10.311 
10.332  7.975  8.078  7.774  8.568  8.788  8.865  7.186  9.649  9.942 10.756 
10.428  7.108  6.696  8.627  7.795  7.141  7.820  7.977  7.286  9.162  9.408 
11.440  9.094  8.619  9.011 10.116  3.774  9.899  7.298  7.374  8.640  9.446 
10.416 10.230  7.882  7.105  6.202  7.863  6.440  7.548  7.996 10.338 10.243 
10.362  9.484  7.568  8.437  6.679  6.605  5.323  6.981  7.658 10.107  8.777 
10.038  9.991  8.787  7.862  6.927  7.399  5.837  8.314  6.345  8.558  9.193 
11.661  7.768  7.635 10.302  7.404  8.240  7.948  8.658  8.514  9.425 10.983 
10.498 11.039  8.496  6.865  7.869  6.961  5.301  8.121  9.320  9.500  9.156 
 8.890  8.343  7.494  9.190  8.186  6.987  7.660  8.237 10.745 10.090 11.096 
10.059  9.975  6.427  6.958  8.052  7.810  8.004  8.296  7.384  9.793  8.743 
 9.883  8.690  6.035  8.173  6.256  7.107  6.873  7.506  6.071  9.186 11.834 
10.471  8.823  7.095  6.895  7.304  8.589  7.119  7.304  8.746  8.284  9.073 
 8.593  9.758  8.807  6.536  6.732  7.300  7.116  7.225  9.329  8.773 11.974 
 9.206  9.221  8.050  8.486  5.536  8.124  8.730  6.124  8.426  9.845  9.059 
10.891  8.274  8.670  7.111  6.966  6.868  5.457  8.561  9.590  9.827  8.608 
11.606  9.912  8.122  7.159  7.452  7.036  7.494  6.395  9.009 10.039  9.074 
10.015  7.768  6.097  9.053  9.407  5.668  6.538 10.141  6.690  6.441  9.212 
10.702 10.510  7.111  7.525  7.930  7.723  5.943  8.902  7.303 10.737 11.038 
11.000  9.554  7.583 10.168  7.780  6.809  6.972  6.595  8.735  8.886 10.036 
10.235  9.813  6.710  7.555  7.723  6.719  5.990  9.829 10.362  9.887 10.022 
 8.510  9.143  8.176  7.960  7.236  7.280  7.428  7.728  9.039  7.666 10.869 
10.176 10.863  8.273  7.330  7.488  6.068  7.154  7.517  7.766  9.049  8.724 
10.236  8.169  9.178  8.231  5.098  6.269  8.608  7.207  8.060  9.710  9.831 
10.924  8.975  7.542  5.162  8.161  6.577  6.742  6.837  8.546  9.596  9.510 
10.093  8.435  8.370  7.851  9.259  6.122  7.689  7.095  7.595 10.496 10.398 
 8.782  9.065  9.021  7.816  7.728  7.743  7.764  8.715  7.592  8.305 10.041 
11.129  7.963  8.781  5.962  7.639  7.308  7.736  7.448 10.241  8.057  9.105 
 9.418  9.149 10.465  7.848  7.621  7.553  6.003  6.313  8.669  8.546 13.124 
 8.943  8.853  8.972  8.353  6.921  6.323  6.642  7.675  9.934 10.604  7.571 
11.804  8.598  6.270  5.921  8.069  6.125  8.280  8.926  8.983  9.635  9.318 
11.275  8.215  6.941  8.887  7.606  6.973  7.664  7.258  7.980  8.227 10.445 
10.315  9.578  8.845  8.589  7.024  7.586  6.651  7.630  8.828  7.006 11.370 
 9.260 12.195  6.120  6.861  6.942  7.186  6.036  7.691  8.132  8.989 10.654 
 7.500  8.054  8.834  6.494  6.615  4.670  8.090  9.007  8.335  8.045  9.688 
 9.003  8.496  8.601  9.206  8.382  8.002  7.097  8.147  8.944  9.976  9.030 
10.605  8.463  5.746  8.397  7.335  7.562  7.272  9.575  6.660  8.424  9.996 
 9.780  8.731  4.526  7.336  7.381  8.346  7.655  9.736 10.865  8.163  8.724 
 9.275  7.588  9.263  6.931  8.868  4.800  8.192  7.767  6.011  8.240  8.879 
 9.434  9.355  8.904  8.755  7.607  6.852  7.398  7.790  9.266  9.289  8.673 
10.098  9.616  8.936  6.984  6.815  8.184  6.457  8.124 10.540  7.528  8.080 
10.139  9.887  7.467  7.729  6.673  7.393  8.170  7.303  8.236 11.213 10.018 
10.905  8.629  8.556  7.923  5.435  7.420  6.032  8.636  8.876 10.257 10.176 
 9.257  9.042  8.073  8.484  7.794  6.686  7.214  7.864  9.274  8.636 11.315 
 8.704 10.759  8.981  7.810  7.783  7.612  8.724  7.327  6.843 10.571 11.234 
10.368  7.570  8.784  7.520  7.885  7.229  6.571  6.977  7.868  7.559 10.077 
10.246  9.260  6.895  7.776  6.711  4.849  8.524  5.497  8.261  9.075 10.283 
 9.814  9.596  8.490  7.428  5.932  9.092  6.867  7.611  9.014  9.595 10.065 
 9.518  8.429  8.472  6.059  7.957  5.849  8.243  6.480  9.765 10.997 10.432 
10.186  8.287  8.059  6.963  7.690  7.892  7.310  7.251  7.778  8.411 11.018 
10.212  9.656  8.512  6.346  6.880  7.773  6.892  8.596  9.012 10.981  8.144 
10.177  9.186  7.614  8.153  7.678  8.364  6.363  6.118  7.593  7.981 10.603 
10.390  9.764  8.195  7.999  8.342  7.049  7.188  6.999  6.785  9.446  9.192 
11.261 10.724  8.361  7.106  6.805  6.730  7.682  7.269  6.007  8.113  8.602 
 9.814  8.682  9.763  7.693  7.394  8.830  6.968  7.712  8.093  8.503 10.900 
 8.449  7.230 10.154  7.887  8.749  7.892  6.431  5.982  8.449  7.096  8.643 
10.671  7.750  8.225  8.767  8.756  8.073  8.628  6.810  8.537  9.461 10.233 
 9.832  8.792  9.005  7.433  7.687  8.574  8.841  7.011  7.896  7.824 10.193 
10.633  8.394  8.064  7.749  7.292  7.436  6.757  8.842  8.171 11.516 10.086 
11.344  9.104  8.309  7.530  8.429  7.254  7.875  8.091  8.566  9.193  8.936 
 9.900  9.297  7.860  8.933  8.968  6.559  7.570  6.887  8.927  9.691  8.926 
11.020 10.991  8.190  7.696  7.281  7.479  8.545  6.942 10.063 12.255  9.476 
 9.814  9.809  8.081  9.560  7.402  6.348  7.200  6.653  8.016  7.646  9.336 
 9.029  9.344  7.005  9.257  5.346  6.437  6.277  8.235  8.143  8.466  9.347 
10.051  9.167  9.823  6.514  7.260  7.457  7.435  8.080  7.599  7.957  9.310 
10.922  9.565  8.753  6.914  7.809  5.766  6.750  7.588  8.953  9.295  8.827 
10.810 10.521 11.096  7.660  8.630  5.116  6.843  7.597  7.376  9.793 11.335 
10.948  8.338  6.578  6.674  6.382  5.736  6.620  7.690  7.399  9.044 10.677 
 9.996  9.233  9.708  6.237  8.871  6.746  9.841  9.554  8.003  7.131 10.725 
10.564  8.561  7.263  8.767  6.729  6.732  7.160  8.070  8.049  9.527 10.110 
10.709  9.379  9.343  8.567  7.122  5.618  7.331  7.742  8.679 10.281  9.953 
 9.569  8.180  9.738  8.919  7.689  6.664  7.267  8.645 10.185  8.534  9.178 
11.522  9.147  7.340  7.012  7.568  7.615  9.070  6.875  8.819  9.128  8.954 
10.438  9.303  8.150  7.933  7.080  6.311  6.093  8.462  7.805  8.238 10.520 
 9.444  9.155  8.231  5.728  5.646  7.184  5.910  7.581  7.321  8.369  9.946 
11.275  9.335  7.601  7.748  7.700  8.446  7.984  7.245  9.177  9.050 11.360 
10.472 10.638  8.603  8.792  8.040  6.928  6.386  9.520  9.402  9.918 10.028 
 9.025  8.792 10.070  8.811  8.073  6.225  6.469  7.686 10.419  8.625 10.922 
 7.874  8.338  6.995  7.173  6.428  6.030  8.304  6.458  8.077  8.709 11.065 
10.041  8.502  8.870  7.978  7.196  6.965  5.847  6.287  9.047  8.052 11.535 
 9.614 10.216  8.265  7.323  7.854  6.251  9.325  7.076  8.642  9.658  7.885 
10.752  9.421  9.516  9.361  6.943  5.886  6.315  6.531  9.290  9.699  9.133 
 9.464 10.436  8.273  8.604  8.890  6.487  7.220 10.364  8.791 10.607 11.664 
11.539  8.915  8.316  8.764  7.545  7.417  5.972  8.190  9.336  8.947  9.673 
10.714  7.446  7.338  6.277  8.112  7.207  6.763  7.364  8.459 10.052 10.547 
 8.318  9.384  8.885  7.556  7.779  5.418  8.021 10.269  6.980 10.140  9.589 
 9.868  9.924  8.334  6.448  6.445  7.732  7.332  7.998 10.600  8.347  9.904 
10.793 10.455  7.112  7.680  7.601  6.892  8.339  7.391  8.830  8.323 11.242 
11.228  9.000  7.154  8.197  6.545  8.519  7.932  7.848  7.606  9.620  7.603 
10.995  6.759  9.031  7.742  5.536  7.019  6.015  8.396  6.814  9.259 10.542 
 7.590 10.222  8.787  8.397  7.222  7.684  7.386  7.653  8.108  8.531  8.558 
 9.788  9.471  8.891  6.252  6.694  6.369  7.398  8.770  8.594 10.342  9.681 
 8.973  8.699  6.849  8.815  6.350  7.417  8.345  6.456  8.195  9.464  8.708 
 9.567  9.837  8.079  7.150  8.350  8.004  6.872  7.917  8.892  8.833 11.236 
 8.691  7.657  9.083  4.696  8.364  7.068  6.965  8.342  7.929  7.793 10.190 
 9.779  8.175  8.477  7.280  5.873  8.426  8.124  7.696  5.767  7.362 10.875 
10.512  9.466  8.964  6.976  6.987  5.658  7.951  6.874  8.322  9.882 10.504 
 9.722  9.390  7.971  7.276  6.661  7.782  7.384  7.320  7.784  8.208 10.270 
 9.661  9.414  9.266  6.766  6.583  7.548  7.336  8.273  9.573  9.513 10.036 
 9.760  6.810  8.564  8.617  4.598  8.861  7.119  7.992  9.007 11.169  9.101 
 9.920  7.263  7.037  7.554  7.152  7.367  7.255  6.613  7.971  9.161  9.305 
10.560 11.067  9.844  7.319  7.735  6.817  9.085  7.155  9.434  8.963 10.036 
10.150  9.121  8.376  9.037  5.220  7.622  7.803  6.762  9.071  9.570  9.935 
10.262  8.608  7.340  8.726  6.780  8.230  6.486  8.213  9.492  8.368 10.556 
11.639  9.306  7.567  7.064  8.119  6.075  6.666  6.854  6.750  9.261  8.963 
 9.228  7.987  8.855  7.591  7.082  7.549  5.093  7.425  8.372 10.234 11.068 
10.276  7.681  7.477  8.129  5.168  6.529  6.394  8.934  6.079  8.512  8.616 
11.454  8.418  7.717  7.503  7.983  5.654  7.828  7.209 10.143  9.441 10.223 
 8.402  9.079  6.443  7.099  7.681  7.172  7.422  5.502  7.648 10.356 10.563 
10.265  8.528  8.797  8.304  7.110  6.187  6.936  8.744  7.974  9.559  9.318 
 9.976  8.647  7.968  8.507  6.630  7.580  6.421  7.201  8.095  8.239 11.043 
 9.642  8.691  8.513  6.817  7.001  6.889  5.664  6.795  9.870  9.339  8.919 
 8.599  9.192  7.989  5.808  7.980  7.637  5.191  8.967  8.050  9.842 10.031 
 9.002  8.996  6.073  8.489  6.683  5.445  6.727  7.594 10.725 10.712 12.460 
 9.263  7.929  8.180  8.783  7.411  7.071  6.305  6.766  8.883  9.419  9.920 
10.795  9.312  7.769  8.373  6.964  7.884  6.297  8.134  7.497  8.723 11.427 
 7.904  8.848  8.880  7.687  6.856  8.096  7.690  7.455  9.253  8.799 11.748 
10.784  9.283  9.336  7.321  7.341  7.552  6.952  6.781  9.700  8.476 11.223 
11.597  8.461  7.861 10.127  7.693  7.808  7.249  8.670  7.895  9.485  9.862 
 9.339  8.192  7.682  9.157  9.169  5.966  6.806  7.506  7.344  9.877 10.585 
 9.527  9.542  8.550  6.834  7.527  7.164  7.623  7.381  8.051  9.932 10.208 
 9.669  6.266  6.592  6.636  7.394  7.658  6.495  8.006  8.879  9.051 10.097 
10.758  8.737  9.208  7.853  7.257  7.415  7.992  6.848  7.442  7.491 10.616 
 8.462  9.561 10.009  7.354  7.543  7.548  6.870  7.527  8.134  7.987 10.629 
10.115  6.795  5.816  7.977  5.404  7.627  7.910  5.791  7.479  8.504  9.503 
10.945  8.394  7.517  8.776  8.089  5.670  7.785  9.053  7.453 10.051 10.276 
10.265  8.157  8.918  8.231  6.952  7.796  6.872  6.175  7.445  8.785  9.786 
 9.612  9.256  8.176  9.021  6.200  7.722  5.263  5.778  8.610 10.751 10.161 
10.590  8.630  7.830  7.679  8.511  7.872  7.894  7.512  8.938 10.233 10.615 
10.858 10.473 10.066  5.290  7.212  7.870  6.349  7.112  8.520 10.142  9.088 
 8.807 10.062  7.192  6.862  7.875  7.566  7.009  7.905  9.878  8.588 11.080 
 9.591  8.874  7.725  7.671  6.271  8.399  9.048  8.897  8.537  9.075  9.679 
 9.945 10.559  8.243  6.979  5.284  7.010  5.119  7.806  6.699  9.733 10.470 
11.301  9.971  7.582  7.250  9.535  6.907  6.495  7.436  9.219  8.222 11.020 
10.166  7.336  7.846  7.997  6.926  8.027  7.601  5.586  6.840  8.444 11.514 
 9.037  8.238  9.258  8.185  7.368  8.141  6.843 10.136  8.931  9.540 11.092 
10.026  9.692  9.748  7.244  6.600  6.899  6.024  7.349  7.760 10.031  9.767 
 9.894  8.814  8.255  7.451  7.833  9.050  8.330  6.850  7.987  8.664 10.960 
 8.832  7.069 10.024  7.914  7.788  8.570  6.839  8.628  8.490  8.207 10.278 
10.903  9.493  7.943  7.238  9.240  5.914  5.678  7.723  9.966  8.481  9.395 
10.644  9.471  7.674  6.798  8.343  6.420  6.063  6.051 10.155  8.475 10.764 
 8.707  9.711 10.740  8.535  8.920  7.569  9.930  8.358  9.921  9.124  8.532 
10.848  9.737  8.741  7.928  6.560  8.745  7.113  7.569  8.580  9.345  9.115 
10.566  9.234  8.145  9.065  7.750  4.925  8.208  8.019  6.712 10.143  9.065 
 8.613  8.201  8.193  8.761  5.917  6.072  6.708  7.622  8.511  9.558  8.656 
 8.551  7.993  9.273  7.414  5.286  5.940  7.072  5.716  9.239  7.952 10.268 
 8.533  9.909 10.545  8.411  6.617  7.312  9.109  9.112  7.345  7.889  9.701 
 8.428  7.152  7.881  7.764  7.531  8.095  7.724  9.912  9.871  7.873  9.235 
 9.524 10.702  6.322  9.205  7.108  6.181  5.733  4.692  8.758  8.854  8.946 
10.572 10.770  7.428  6.974  6.087  6.846  8.200  8.032  9.154  8.848 12.628 
11.663 10.168  8.094  7.280  7.295  6.358  7.728  7.057  7.678  7.081  9.984 
 9.910 10.399  8.396  9.054  6.981  7.146  7.028  8.768  9.147  9.245  9.564 
 9.990  8.609  9.478  9.076  7.927  5.099  7.128  7.019  8.647 10.773 10.388 
 9.247  7.566  7.199  7.876  6.993  6.713  5.231  6.592  9.492  8.868 10.491 
10.331  9.583  8.589  7.006  7.786  8.301  5.297  8.577  8.666  8.874  9.187 
10.397  9.345  7.607  8.107  7.818  7.887  6.700  8.391  8.629 10.865 10.156 
 9.068  8.018  6.383  9.026  5.246  5.643  7.003  6.849  7.810  9.806 11.091 
10.710 10.218  8.360  7.399  7.082  7.020  6.101  8.047  9.849 10.106 10.820 
12.579  9.887  8.289  8.366  5.565  6.048  5.788  9.377  7.186  9.695 10.712 
 9.044 10.177  8.708  7.751  6.060  7.746  6.474  6.463  8.896  8.983 13.900 
10.919  7.245  7.043  7.782  7.374  6.560  8.189  8.818  7.222 10.605 11.248 
10.547  8.564  8.021  7.722  7.324  7.267  6.863  8.673  9.188  8.656 10.588 
10.249  9.273  7.699  8.843  7.548  5.336  6.072  6.012  7.356  9.772  9.450 
11.656  8.654  7.683  7.305  5.786  6.133  5.770  7.594  8.834  9.761 10.307 
 9.982  8.431  8.459  8.795  6.514  6.612  7.254  6.709  7.894  9.160 10.324 
11.033  8.425  8.523  7.527  6.048  7.283  4.867  8.895 10.216  7.132  9.372 
 9.907  9.807  9.131  7.871  7.822  6.558  7.063  8.164  8.066 10.954 11.506 
10.103  9.479  9.120  6.912  8.051  7.220  7.406  6.674  7.850 10.646 11.888 
10.514  9.815  6.776  9.642  7.296  9.453  6.346  8.290  7.549 10.019  9.487 
10.017  8.613  8.535  6.546  9.244  6.506  6.483  8.785  7.564  8.580  9.688 
10.748  9.415  7.341  8.035  6.827  7.041  7.282  7.771  7.879  8.898  7.981 
10.041  8.525  8.368  8.355  6.415  6.762  8.362  7.728  8.297  9.995  9.365 
 9.222  8.766  7.929  8.900  6.578  8.621  6.619  8.192  8.473  9.420  8.915 
11.774  9.570  7.045  7.544  6.023  6.811  8.779  7.313  8.083  8.868 10.817 
10.105  9.595  7.769  7.062  6.976  6.886  6.916  8.003  7.523 11.423  8.851 
10.019  9.049  9.348  8.507  6.785  6.962  5.866  8.054 10.428  8.636  9.261 
10.127  9.870  8.536  6.869  5.938  7.672  6.081  9.639  9.413  9.040 10.274 
10.517  9.764  8.182  6.060  4.019  7.002  6.180  8.297  9.707  8.736  9.694 
10.818  8.021  8.626  6.167  6.744  8.387  8.796  6.404  7.156  7.940 12.476 
 8.402  9.497  7.916  6.895  8.547  7.139  7.062  8.079  7.974  9.603  9.202 
10.979  6.659  8.531  6.538  6.842  6.279  5.788  6.726  7.679  7.498  9.595 
10.202  9.945  7.995  9.293  7.684  4.891  6.456  6.127  8.182  8.911 11.411 
11.281  9.456  7.006  8.909  8.045  7.377  7.259  6.935  7.990  8.995  9.373 
10.653  9.577  7.682  6.129  6.929  6.911  7.213  8.381  7.413  8.250  8.295 
10.289  7.846  8.356  7.457  7.062  8.795  6.003  9.317  9.126 10.921 11.137 
 9.290  9.078  7.694  7.767  7.609  8.271  7.422  9.231  8.063 11.207 10.394 
 8.952  9.074  9.260  7.389  6.669  8.096  7.870  8.361  6.761  9.886  9.910 
10.949  8.517  8.147  7.210  8.037  5.513  7.207  6.788  8.337  8.634 10.997 
 8.993  6.516  7.687  7.448  7.708  7.997  8.142  6.921  8.247  8.876  9.150 
 9.832  8.945  6.606  7.775  8.309  7.823  5.960  5.686  9.074 10.094  9.289 
 9.207  8.746  7.832  6.307  6.162  7.678  6.386  9.870  8.749  8.912 10.930 
 9.900  6.575  9.560  5.783  6.202  7.772  7.206  8.235  7.309  8.087 10.461 
 8.404  8.257  9.376  9.209  7.774  6.780  7.846  6.949  9.187  9.599 11.304 
 9.648  9.023  7.425  6.751  6.681  6.249  8.543  9.478  7.440  8.580 11.073 
11.134  9.013  9.695  7.806  6.483  6.611  6.147  8.038  6.599  7.908  9.186 
 8.918  7.254  8.517  7.169  8.318  6.496  7.296  6.651  8.048  8.307  9.033 
 9.931  9.231  9.220  8.091  7.479  7.645  6.350  8.063  8.069  8.606  8.565 
 9.770  9.486  8.481  7.930  6.904  6.490  9.523  6.413  8.489  8.641 10.569 
 9.204  8.782  7.059  6.349  6.884  8.055  8.971  7.761  6.859  8.387  9.918 
 9.783  8.762  8.211  7.112  7.061  8.691  7.932  8.111  9.054 10.239 10.502 
10.360  7.396  9.356  7.541  6.000  8.771  6.127  7.771  7.642  9.954  9.092 
 9.469  9.981  7.990  5.367  7.357  6.851  7.448  8.818  9.088  9.527 11.625 
10.554  7.973  8.827  7.861  8.811  7.123  7.382  8.179  7.176 10.436  9.877 
 9.579  8.736  9.450  5.684  7.845  7.041  7.855  8.182  6.914  8.932  8.229 
11.978  8.482  7.134  7.353  7.122  6.723  7.352  7.467  7.628 11.161  9.069 
 9.134  6.806  8.512  9.248  9.424  8.468  5.764  9.170  7.985  8.871 10.864 
10.293  8.959  6.988  5.313  8.494  6.570  7.581  6.818  8.123  9.066  8.732 
10.067 10.199  8.161  7.837  7.905  5.923  8.305  6.357  8.995  8.981  9.443 
 9.633  7.881  6.978  7.074  7.346  5.854  8.593  6.389  9.113  8.550 10.267 
10.431  8.271  8.044  6.514  7.543  6.844  8.721  6.911  9.536  8.598 10.265 
 8.757  9.449  7.815  7.370  6.234  7.141  7.527  6.490  8.813  9.557  9.473 
 8.863  8.348  8.843  9.018  8.041  6.059  7.370  6.266  8.182 10.346 10.331 
 9.335  9.683  9.606  8.281  7.793  7.265  5.115  7.494  8.239 10.127 10.269 
 9.956  7.581  8.669  7.519  5.961  8.639  7.483  7.791  6.668  8.017  9.500 
11.207  9.109  7.979  5.211  7.088  7.187  6.348  7.651  8.694  8.756  9.542 
 9.972  7.948  8.989  7.138  6.918  7.056  7.447  6.970  9.175  9.699  9.885 
 9.694  6.570  7.041  6.853  7.990  6.790  6.289  8.986  7.908  9.303 10.477 
 9.393  9.337  9.270  7.520  6.292  5.767  8.568  7.415  8.280  8.820  9.232 
10.820 11.186  9.630  8.594  5.238  7.312  7.332  8.487  8.265  7.522  9.262 
10.733  7.450  8.511  7.539  6.525  6.503  7.766  7.378  7.523  8.525  7.882 
 9.461  7.765  7.819  7.214  6.283  7.305  7.219  7.194  8.203  8.502  9.975 
10.929  9.330  8.204  5.313  8.215  7.481  5.511  7.129  7.891 10.228  8.975 
 7.738  8.759  6.821  7.674  5.839  7.954  6.009  8.121  5.931  9.372 11.446 
 9.091  8.148  9.973  8.640  7.614  6.423  5.108  9.296  7.112  8.006 10.205 
10.609  6.658 10.000  9.279  7.637  6.277  7.344  6.913  9.468  9.530  9.815 
10.094  6.448  8.773  7.442  6.970  7.297  7.405  8.621 10.323  8.962 11.004 
 9.571  9.694  9.862  9.912  6.855  7.317  8.515  8.384  8.224  8.445 10.051 
11.466 10.356  8.191  5.440  6.730  6.437  6.559  8.946  9.451 10.069 10.671 
11.242  9.989  8.009  7.426  7.884  8.532  7.895  8.271  8.584  8.171 10.321 
 8.934  8.148  9.075  6.136  7.067  6.592  7.193  8.303  7.649 10.664  9.565 
 8.802  9.974  7.463  8.187  6.074  6.327  7.440  7.143  9.566  9.354 10.403 
10.703 10.102  8.784  6.970  6.446  8.101  7.085  7.231  8.755  8.434  9.323 
 9.097  9.580  6.730  5.790  8.021  6.983  7.226  8.438 10.021  7.304  9.833 
 8.322  8.281  7.703  8.392  7.861  8.399  7.985  6.726  6.003 10.733 11.014 
 9.649  9.431  8.256  6.875  6.350  7.260  7.306  8.480  8.797  9.239 10.024 
 8.691  7.472  8.394  7.534  8.252  6.017  6.470  7.570  8.041 10.161 11.109 
10.497  9.195  9.374  6.380  6.554  6.301  7.605  8.605  8.920  9.924  9.900 
10.520  7.265  8.145  8.504  6.114  6.936  7.859  8.230 10.002  8.525  9.234 
 9.708  9.194  8.540  7.498  6.860  7.836  8.866  7.459  8.573  8.365 10.610 
11.840  9.068  8.309  6.415  7.270  5.395  6.117  8.451  8.117  8.548  9.643 
10.305 10.538  7.338  7.677  7.350  7.709  6.074  7.502  5.983 11.693 10.509 
 9.800  9.560  8.779  7.481  9.027  7.124  6.421  8.101  9.412  6.565  9.312 
10.925  7.905  7.785  8.040  7.917  7.029  7.753  7.850  7.884  8.781  8.786 
 9.588  9.654  8.472  6.535  5.862  8.735  6.718  9.088  8.628  8.807 10.741 
 9.726  9.559  9.284  7.360  7.080  6.573  6.116  7.410  9.734  8.608  9.145 
10.773  9.204  9.735  7.999  7.587  6.798  7.065  8.069  7.859  7.557 10.631 
 9.056  8.663  8.842  7.252  5.847  6.459  7.912  7.298  9.660  7.920  9.664 
10.183  9.267  8.613  7.860  7.896  7.011  7.833  6.966  7.104  7.935 10.250 
 9.394 11.449  8.749  8.421  6.811  7.485  7.234  7.582  7.841  8.907  9.558 
 9.787  9.642  8.233  6.627  8.091  8.223  7.490  7.338  9.305  7.968  9.253 
10.129 10.046  7.678  7.225  7.401  8.256  7.680  8.063  9.136  8.695 10.585 
10.972  8.708  7.164  7.471  7.325  6.677  6.674  7.609  8.667  8.290 10.045 
11.333  6.700  8.839  6.931  7.124  6.601  6.230  7.996  6.799  9.395 10.242 
10.131  8.622  7.538  6.686  6.190  7.298  6.510  6.992  7.944  9.364 10.738 
 9.273  8.656  7.223  7.070  8.246  7.399  8.293  6.336  6.913  7.966  7.908 
 9.381  7.843  9.054  6.169  8.324  6.609  6.340  6.358 10.675  8.561 10.285 
10.194  8.612  9.379  7.241  6.418  6.375  6.958  6.417  8.957  9.752  9.015 
11.388 10.455  9.090  8.630  7.860  5.539  7.781  8.462  8.580  9.712 10.783 
 9.378  7.870  8.992  9.796  7.557  7.648  7.107  9.205  6.860  9.941 10.817 
10.437  9.238  7.689  6.996  7.596  6.685  8.416  7.479  5.576  9.542  9.495 
10.078  8.375  6.638  8.191  7.518  6.610  8.489  8.631  7.107 10.378 10.564 
 9.174  8.112  8.202  8.103  8.386  8.806  9.165  7.419  8.627  8.928  8.574 
 9.405  8.955  6.303  8.955  7.034  9.119  6.984  7.285  7.973  8.592  9.110 
10.256  7.694  6.511  6.212  7.355  8.135  7.871  6.599  9.545  9.822 10.393 
 9.391  7.974  8.355  8.542  7.203  7.873  7.454  7.368  6.948  8.946 10.509 
10.337  9.777  9.996  6.734  5.760  7.550  8.236  8.814  6.559  9.622  8.005 
11.237  8.574  9.274  7.703  8.353  5.281  5.873  7.990  9.840  9.443 10.707 
10.283  6.923  6.266  8.554  8.095  8.923  6.479  8.068  7.929  9.898 10.056 
 9.298 10.727  9.010  6.183  6.505  8.980  6.788  8.520  9.359  8.808  8.979 
10.246  8.893  9.543  8.292  5.613  7.630  5.235  7.430  6.871  9.652 11.536 
10.045  7.732  7.827  6.692  8.616  6.833  6.539  8.069  8.929  8.116 10.167 
10.332 10.575  9.346  7.998  8.601  8.213  6.964  7.677  7.413  9.839  7.466 
 9.354  8.734  8.104  7.737  8.065  6.125  6.219  8.628  8.347  8.508 11.601 
 8.186  9.701  6.091  8.526  8.101  7.264  7.767  7.901  8.439  9.627  8.301 
 9.180 10.660  9.056  7.438  8.096  8.742  5.769  8.324  8.466  9.420  9.259 
 9.136  8.337  8.777  8.061  7.231  7.301  8.289  7.625  9.527  8.609  9.396 
 8.823 10.448  9.297  9.720  6.861  9.258  8.939  7.232  7.758  8.911 10.031 
 9.369 10.389 10.260  7.385  6.727  7.746  8.403  6.691  8.607 10.972  9.814 
 9.360 10.042  9.920  8.482  5.790  6.721  6.987  7.051  7.533  7.979 11.336 
10.528  7.775  9.383  9.221  8.339  8.602  5.954  7.653  7.893  8.791 10.772 
 9.315  8.933  8.759  8.748  6.626  6.293  8.211  6.614  8.195  8.471 11.034 
 9.666 10.405  8.568  8.487  7.416  6.493  6.399  8.959  9.283  8.984  9.307 
10.135  8.962  8.108  6.728  8.262  6.842  5.739  8.467  6.226  9.219  7.723 
 9.985  9.903  7.983  8.018  5.760  4.490  5.178  7.580  8.782  9.338  9.664 
10.725  7.959  8.340  7.758  8.142  7.359  7.456  8.648  8.323  9.793  9.503 
 9.458  8.703  8.137  8.083  7.024  7.275  7.487  7.308  7.824  7.987  8.019 
 9.355 10.825  8.256  8.378  6.731  7.898  6.504  6.935  8.262  9.360  9.542 
 8.860  8.774  8.034  7.475  7.176  6.757  6.911  5.310  7.429  8.441 10.257 
 9.700 10.626  6.868  7.280  6.356  5.902  6.020  6.544  7.555  7.624 11.252 
10.917  8.796  8.809  8.323  7.958  4.769  5.812  7.230  9.450  8.809  9.140 
 8.145  8.429  9.384  6.440  8.399  7.975  8.193  6.618  8.660  9.340  9.718 
 9.717  9.147  8.229  8.229  7.362  7.700  6.530  8.662  7.025  9.897  9.293 
10.975  8.930  8.781  6.604  7.102  7.235  7.677  6.899  9.484  9.161  9.602 
