-0.007  1.403  2.908  4.110  5.915  7.078  8.521  9.979 11.162 12.635 14.096 
 0.113  1.364  2.820  4.122  5.456  7.148  8.473  9.805 11.286 12.654 14.130 
-0.064  1.424  3.178  4.201  5.576  6.921  8.505 10.070 11.249 12.710 14.174 
 0.022  1.633  2.812  4.419  5.579  6.985  8.358  9.962 11.259 12.752 14.081 
-0.022  1.326  2.774  4.477  5.616  7.198  8.583  9.870 11.446 12.817 14.069 
 0.134  1.446  2.886  4.130  5.583  7.073  8.603  9.936 11.386 12.605 14.153 
-0.125  1.525  2.812  4.226  5.498  7.063  8.546  9.808 11.305 12.648 14.030 
-0.043  1.535  3.013  4.210  5.673  7.078  8.635  9.921 11.252 12.880 14.138 
-0.071  1.210  2.944  4.232  5.565  7.116  8.545  9.977 11.378 12.669 14.244 
-0.053  1.367  2.792  4.276  5.627  7.105  8.571  9.782 11.417 12.680 14.269 
-0.102  1.373  2.876  4.092  5.692  7.113  8.576  9.974 11.366 12.910 14.220 
-0.074  1.544  2.916  4.248  5.731  6.945  8.514  9.958 11.365 12.851 14.006 
-0.010  1.264  2.775  4.168  5.677  7.000  8.449  9.935 11.466 12.892 14.198 
-0.057  1.525  2.851  4.104  5.526  7.176  8.482  9.830 11.259 12.641 14.273 
-0.013  1.276  2.808  4.230  5.625  7.108  8.385  9.803 11.144 12.735 14.097 
-0.067  1.390  2.790  4.319  5.663  7.005  8.430  9.895 11.241 12.794 14.132 
-0.081  1.429  2.853  4.433  5.707  6.992  8.285  9.807 11.344 12.762 14.262 
 0.087  1.562  2.791  4.248  5.717  7.000  8.466  9.924 11.376 12.673 14.110 
 0.001  1.476  2.803  4.340  5.538  7.117  8.564  9.809 11.362 12.573 14.344 
 0.075  1.215  2.795  4.118  5.477  7.147  8.465  9.720 11.312 12.678 14.140 
 0.046  1.449  2.648  4.203  5.606  7.071  8.512  9.867 11.616 12.696 14.115 
 0.004  1.371  2.592  4.152  5.459  7.072  8.600  9.799 11.406 12.679 14.296 
-0.054  1.361  2.700  4.303  5.644  7.070  8.246  9.805 11.646 12.656 14.173 
-0.166  1.518  2.584  4.307  5.792  7.255  8.588  9.921 11.340 12.726 14.080 
 0.034  1.391  2.809  4.187  5.851  6.978  8.558  9.887 11.195 12.726 13.956 
 0.057  1.341  2.778  4.370  5.618  7.032  8.416  9.824 11.272 12.753 14.156 
 0.026  1.207  2.866  4.311  5.686  6.956  8.440  9.881 11.264 12.774 14.120 
 0.156  1.413  2.934  4.320  5.661  7.063  8.660  9.958 11.310 12.702 14.191 
-0.092  1.449  2.896  4.382  5.615  6.893  8.522  9.747 11.491 12.773 14.178 
-0.073  1.425  3.015  4.277  5.656  7.028  8.547  9.880 11.282 12.779 14.331 
-0.015  1.373  2.874  4.398  5.530  7.149  8.464  9.878 11.321 12.867 14.136 
 0.091  1.277  2.748  4.341  5.589  7.322  8.354  9.942 11.326 12.694 14.114 
 0.159  1.503  2.845  4.250  5.698  7.149  8.539  9.802 11.394 12.710 14.096 
 0.042  1.431  2.735  4.328  5.566  7.170  8.550  9.871 11.237 12.802 14.172 
-0.004  1.475  2.803  4.256  5.670  7.018  8.452  9.958 11.234 12.746 14.068 
 0.156  1.246  3.084  4.208  5.483  7.046  8.533  9.967 11.362 12.730 14.282 
-0.057  1.289  2.860  4.301  5.684  7.235  8.477  9.937 11.289 12.716 14.079 
-0.036  1.421  2.791  4.205  5.721  7.022  8.565  9.805 11.239 12.760 14.138 
-0.010  1.530  2.902  4.241  5.652  6.918  8.550  9.881 11.308 12.909 14.162 
 0.017  1.272  2.830  4.095  5.431  6.895  8.391 10.113 11.124 12.851 13.981 
-0.040  1.363  2.801  4.398  5.506  6.994  8.378  9.966 11.268 12.969 13.975 
 0.016  1.502  2.774  4.326  5.677  7.082  8.518  9.926 11.380 12.680 14.290 
-0.103  1.482  2.928  4.250  5.633  7.073  8.372  9.794 11.364 12.699 14.017 
 0.035  1.575  2.736  4.273  5.688  6.968  8.500 10.040 11.340 12.751 14.236 
 0.027  1.375  2.923  4.105  5.843  7.070  8.704 10.008 11.308 12.789 14.115 
 0.082  1.207  2.891  4.363  5.682  7.055  8.545  9.907 11.185 12.723 14.102 
-0.126  1.386  2.838  4.171  5.703  7.050  8.460  9.947 11.322 12.563 14.174 
 0.038  1.441  2.882  4.042  5.585  7.133  8.501  9.990 11.454 12.671 14.152 
 0.051  1.394  2.818  4.263  5.721  6.923  8.635  9.952 11.267 12.612 14.208 
 0.086  1.517  2.853  4.447  5.790  7.201  8.334  9.835 11.314 12.662 14.179 
 0.047  1.276  3.034  4.173  5.699  7.113  8.420  9.857 11.157 12.627 14.216 
-0.161  1.365  2.865  4.079  5.657  7.215  8.385  9.859 11.370 12.782 14.128 
-0.147  1.486  2.882  4.258  5.630  7.044  8.409  9.703 11.311 12.806 13.985 
-0.105  1.365  2.841  4.252  5.605  7.054  8.396  9.903 11.464 12.582 14.278 
 0.103  1.448  2.926  4.196  5.603  7.008  8.571 10.011 11.274 12.797 14.197 
-0.091  1.523  2.862  4.336  5.492  6.981  8.496 10.009 11.384 12.525 14.261 
 0.020  1.524  2.617  4.403  5.645  7.000  8.707  9.846 11.146 12.754 14.002 
-0.038  1.552  2.927  4.121  5.650  7.037  8.535 10.003 11.224 12.678 14.124 
-0.047  1.423  2.677  3.990  5.688  7.204  8.455  9.842 11.178 12.731 14.260 
-0.083  1.344  2.695  4.146  5.674  6.914  8.552  9.942 11.260 12.889 14.186 
 0.101  1.269  2.956  4.267  5.756  7.017  8.606  9.890 11.180 12.735 14.086 
-0.060  1.472  2.820  4.113  5.541  7.275  8.243  9.956 11.223 12.766 14.228 
-0.063  1.546  2.782  4.207  5.688  7.146  8.313  9.807 11.473 12.836 14.037 
-0.104  1.514  2.989  4.244  5.575  7.049  8.640 10.011 11.385 12.807 14.200 
 0.060  1.595  2.711  4.178  5.767  7.105  8.467  9.787 11.258 12.686 14.106 
-0.120  1.542  2.935  4.267  5.598  7.022  8.492  9.937 11.433 12.719 14.173 
 0.102  1.506  2.786  4.105  5.607  7.197  8.697  9.793 11.357 12.629 14.123 
 0.068  1.421  2.735  4.258  5.725  7.148  8.580  9.545 11.428 12.646 14.252 
 0.090  1.370  2.817  4.214  5.672  6.970  8.610  9.813 11.163 12.500 14.147 
-0.069  1.412  2.755  4.206  5.712  6.926  8.477  9.971 11.486 12.802 14.225 
-0.060  1.621  2.956  4.317  5.689  7.024  8.542  9.878 11.226 12.892 14.112 
 0.024  1.293  2.720  4.184  5.774  7.025  8.533  9.887 11.318 12.743 14.018 
-0.016  1.432  2.871  4.339  5.758  7.087  8.565 10.017 11.338 12.656 14.078 
-0.021  1.254  2.989  4.251  5.547  7.182  8.608  9.892 11.485 12.667 14.134 
 0.230  1.219  2.736  4.334  5.695  7.143  8.525  9.896 11.402 12.878 14.069 
 0.049  1.414  2.782  4.119  5.589  7.282  8.396  9.793 11.305 12.775 14.129 
 0.253  1.472  2.685  4.193  5.586  6.922  8.465  9.919 11.423 12.819 14.192 
-0.211  1.379  2.800  4.325  5.821  6.999  8.503  9.882 11.395 12.647 14.167 
 0.100  1.219  2.882  3.962  5.653  7.043  8.601  9.783 11.328 12.600 14.194 
 0.106  1.281  2.935  4.240  5.761  6.946  8.464  9.859 11.335 12.666 14.048 
-0.104  1.349  2.735  4.274  5.681  6.968  8.421  9.617 11.218 12.574 14.076 
 0.098  1.569  2.934  4.400  5.688  6.920  8.583  9.850 11.223 12.600 14.021 
 0.058  1.459  2.828  4.447  5.534  7.182  8.445 10.008 11.254 12.774 13.939 
-0.031  1.445  2.926  4.329  5.692  7.014  8.484  9.823 11.286 12.732 14.038 
-0.028  1.460  2.821  4.434  5.665  7.047  8.430  9.842 11.258 12.737 14.119 
-0.091  1.417  2.973  4.206  5.743  6.986  8.557  9.945 11.244 12.736 14.008 
 0.179  1.506  2.799  4.258  5.731  7.156  8.380  9.960 11.261 12.849 14.195 
-0.082  1.414  2.802  4.221  5.781  7.195  8.449 10.058 11.374 12.688 14.210 
 0.174  1.538  2.847  4.379  5.863  7.188  8.382  9.902 11.342 12.697 14.160 
 0.102  1.543  2.911  4.270  5.673  7.079  8.236  9.940 11.195 12.844 14.073 
 0.124  1.450  2.944  4.155  5.676  7.137  8.514  9.870 11.450 12.684 14.285 
-0.057  1.374  2.876  4.359  5.550  6.989  8.457  9.868 11.400 12.772 14.324 
 0.100  1.502  2.789  4.171  5.633  7.083  8.343 10.006 11.414 12.694 14.197 
-0.125  1.419  2.693  4.014  5.476  7.272  8.452  9.673 11.439 12.693 14.034 
-0.068  1.454  2.609  4.300  5.587  7.018  8.272  9.812 11.261 12.738 14.045 
 0.139  1.343  2.790  4.349  5.686  7.016  8.523  9.900 11.205 12.738 14.126 
 0.038  1.398  2.900  4.097  5.584  7.065  8.392  9.759 11.357 12.762 14.144 
 0.135  1.512  2.700  4.373  5.656  7.105  8.485  9.817 11.392 12.696 14.143 
 0.004  1.536  2.845  4.238  5.416  7.003  8.421  9.877 11.299 12.748 14.016 
-0.012  1.495  2.807  4.076  5.689  7.160  8.459  9.860 11.222 12.593 14.017 
-0.227  1.502  2.751  4.303  5.820  7.324  8.542  9.761 11.209 12.766 14.139 
-0.219  1.312  2.868  4.317  5.580  7.050  8.399  9.899 11.204 12.892 14.061 
 0.075  1.423  2.909  4.181  5.413  7.026  8.457 10.094 11.373 12.592 14.284 
-0.089  1.419  2.822  4.243  5.777  7.015  8.639  9.726 11.398 12.604 14.208 
-0.005  1.510  2.890  4.129  5.666  6.818  8.444  9.907 11.391 12.610 14.208 
 0.237  1.518  2.803  4.409  5.753  7.062  8.707  9.762 11.339 12.817 14.071 
-0.009  1.546  2.819  4.168  5.676  7.159  8.484  9.935 11.263 12.527 13.889 
-0.033  1.419  2.944  4.103  5.569  6.971  8.361  9.969 11.424 12.775 14.142 
-0.001  1.555  2.835  4.229  5.645  7.045  8.448  9.817 11.341 12.773 14.100 
 0.089  1.217  2.775  4.275  5.604  7.203  8.369  9.846 11.268 12.831 14.423 
-0.053  1.340  2.944  4.369  5.631  7.245  8.397  9.644 11.215 12.742 14.092 
-0.125  1.456  2.683  4.233  5.718  7.242  8.454  9.859 11.430 12.550 14.099 
 0.079  1.500  2.737  4.246  5.659  7.031  8.589  9.915 11.260 12.814 14.119 
-0.009  1.356  2.843  4.350  5.661  7.086  8.376  9.962 11.118 12.546 14.306 
-0.028  1.507  2.701  4.230  5.497  7.139  8.586  9.848 11.224 12.727 14.137 
-0.044  1.384  2.579  4.131  5.705  7.050  8.445  9.867 11.298 12.769 14.044 
-0.160  1.328  2.878  4.179  5.668  6.982  8.340  9.766 11.164 12.586 14.025 
 0.119  1.474  2.870  4.164  5.670  7.102  8.328  9.952 11.349 12.792 14.202 
 0.004  1.332  3.045  4.112  5.802  6.878  8.338  9.871 11.364 12.669 14.130 
-0.069  1.336  2.883  4.208  5.704  6.975  8.349  9.928 11.507 12.512 14.186 
 0.118  1.252  2.771  4.321  5.770  7.077  8.570  9.872 11.130 12.543 14.243 
-0.074  1.431  2.833  4.171  5.640  7.006  8.690  9.940 11.215 12.583 14.114 
 0.087  1.306  3.009  4.076  5.720  7.216  8.572  9.911 11.517 12.759 14.276 
-0.173  1.585  2.889  4.139  5.683  7.160  8.548  9.636 11.353 12.749 14.075 
-0.036  1.344  3.002  4.265  5.811  6.960  8.611  9.889 11.291 12.761 14.084 
 0.138  1.503  2.828  4.178  5.584  6.950  8.376  9.917 11.223 12.756 14.094 
-0.045  1.352  2.808  4.196  5.512  7.019  8.677  9.800 11.254 12.609 14.125 
-0.099  1.368  2.911  4.210  5.591  7.055  8.406  9.975 11.391 12.543 14.075 
 0.121  1.389  2.849  4.315  5.685  7.040  8.475  9.716 11.263 12.742 14.109 
 0.023  1.668  2.983  4.130  5.738  7.145  8.466  9.895 11.311 12.855 14.145 
 0.129  1.331  2.820  4.347  5.691  7.014  8.222  9.877 11.404 12.899 14.092 
-0.148  1.533  2.815  4.284  5.841  7.287  8.304  9.836 11.431 12.714 14.143 
-0.182  1.521  2.822  4.139  5.610  7.132  8.419  9.920 11.244 12.919 13.942 
 0.067  1.303  2.996  4.206  5.689  7.015  8.382  9.880 11.256 12.783 14.140 
 0.009  1.386  2.834  4.219  5.744  7.251  8.656  9.787 11.286 12.965 14.259 
 0.030  1.422  2.719  4.371  5.635  7.104  8.619  9.968 11.292 12.592 14.035 
 0.027  1.365  2.759  4.138  5.351  7.028  8.331  9.999 11.360 12.799 14.251 
 0.063  1.416  2.956  4.268  5.645  7.073  8.624  9.867 11.424 12.811 14.125 
 0.042  1.500  2.536  4.163  5.676  7.072  8.559  9.772 11.364 12.793 14.281 
 0.070  1.466  2.742  4.445  5.599  7.069  8.664  9.642 11.334 12.686 14.182 
-0.003  1.437  2.736  4.386  5.641  7.130  8.699  9.945 11.067 12.637 14.160 
 0.118  1.376  2.747  4.380  5.603  7.046  8.373  9.883 11.339 12.831 14.050 
 0.014  1.334  2.619  4.438  5.837  7.150  8.451  9.994 11.309 12.706 14.053 
-0.033  1.386  2.805  4.337  5.588  7.118  8.564  9.773 11.228 12.712 14.338 
 0.185  1.384  2.831  4.088  5.779  7.014  8.687  9.902 11.172 12.706 14.092 
-0.025  1.464  2.864  4.240  5.668  7.109  8.548  9.925 11.338 12.706 14.199 
 0.024  1.445  2.786  4.168  5.660  7.060  8.458  9.825 11.395 12.738 14.220 
-0.008  1.481  2.944  4.282  5.577  7.039  8.513  9.786 11.488 12.860 14.220 
-0.094  1.445  2.618  4.159  5.691  7.144  8.502  9.954 11.354 12.895 14.127 
 0.099  1.467  2.817  4.368  5.778  7.157  8.458  9.943 11.454 12.725 14.118 
-0.133  1.531  2.750  4.208  5.632  7.115  8.468  9.930 11.194 12.658 14.211 
 0.099  1.307  2.851  4.322  5.795  6.989  8.357  9.807 11.408 12.694 14.144 
 0.059  1.362  2.838  4.079  5.835  7.226  8.592  9.718 11.250 12.792 14.095 
 0.016  1.379  2.797  4.258  5.703  6.958  8.414  9.883 11.354 12.741 14.102 
 0.025  1.331  2.913  4.320  5.754  7.040  8.469  9.869 11.278 12.692 14.110 
 0.010  1.365  2.997  4.375  5.495  6.950  8.644  9.853 11.268 12.585 14.106 
 0.005  1.316  2.974  4.273  5.675  6.962  8.419 10.034 11.261 12.766 13.996 
 0.016  1.315  2.937  4.249  5.544  7.136  8.471  9.926 11.477 12.731 14.153 
-0.200  1.455  2.639  4.253  5.710  7.101  8.425 10.044 11.368 12.757 14.232 
-0.077  1.440  2.745  4.417  5.716  6.966  8.641  9.747 11.421 12.898 14.046 
-0.180  1.327  2.779  4.184  5.462  7.093  8.326  9.934 11.337 12.876 14.036 
-0.031  1.495  2.819  4.330  5.744  7.083  8.367  9.892 11.157 12.682 14.027 
 0.070  1.515  2.895  4.125  5.729  7.206  8.496  9.793 11.395 12.764 14.120 
 0.053  1.293  2.748  4.228  5.642  6.898  8.324  9.787 11.208 12.740 14.167 
-0.041  1.429  2.832  4.259  5.760  7.044  8.570 10.006 11.240 12.632 14.245 
-0.119  1.399  2.748  4.355  5.624  6.982  8.579  9.862 11.293 12.635 14.245 
 0.000  1.451  2.628  4.327  5.516  6.934  8.372  9.940 11.609 12.794 14.049 
 0.097  1.309  2.856  4.243  5.708  7.134  8.452  9.926 11.417 12.733 14.213 
 0.127  1.535  2.740  4.427  5.623  7.202  8.272  9.974 11.347 12.647 13.997 
 0.068  1.492  2.764  4.022  5.555  7.038  8.561  9.839 11.431 12.642 14.045 
-0.073  1.375  2.900  4.147  5.752  7.001  8.422  9.966 11.410 12.695 14.087 
-0.049  1.339  2.948  4.223  5.675  7.049  8.342  9.777 11.411 12.662 14.237 
 0.033  1.435  2.838  4.145  5.487  7.101  8.449  9.757 11.244 12.684 14.105 
 0.130  1.415  2.666  4.150  5.696  7.196  8.356  9.876 11.247 12.780 14.242 
-0.036  1.623  2.803  4.132  5.683  7.043  8.364  9.919 11.205 12.905 14.190 
-0.071  1.436  3.095  4.196  5.606  6.902  8.352 10.046 11.242 12.757 14.113 
 0.062  1.208  2.805  4.162  5.634  6.894  8.461  9.853 11.389 12.810 14.218 
-0.118  1.296  2.862  4.049  5.544  7.024  8.593  9.871 11.308 12.695 14.223 
-0.032  1.344  2.915  4.154  5.680  6.932  8.624  9.783 11.367 12.795 14.152 
-0.231  1.371  2.719  4.380  5.555  7.045  8.606  9.734 11.305 12.759 14.072 
 0.054  1.467  2.960  4.127  5.681  7.031  8.368  9.813 11.065 12.680 14.019 
 0.024  1.364  2.912  4.393  5.580  7.013  8.517  9.911 11.213 12.743 14.202 
-0.060  1.605  2.710  4.128  5.723  6.928  8.648  9.758 11.202 12.703 14.124 
-0.082  1.448  2.879  4.341  5.616  7.149  8.447  9.945 11.309 12.706 14.236 
 0.014  1.557  2.735  4.514  5.717  7.313  8.523  9.879 11.384 12.685 14.103 
 0.131  1.392  2.855  4.286  5.646  7.112  8.547  9.939 11.180 12.546 14.333 
-0.039  1.579  2.862  4.181  5.662  7.026  8.420  9.840 11.320 12.688 14.224 
-0.031  1.474  2.780  4.331  5.545  7.090  8.335  9.889 11.195 12.657 14.231 
 0.088  1.397  2.707  4.282  5.662  7.142  8.497 10.001 11.169 12.688 14.326 
 0.051  1.220  3.002  4.290  5.747  7.032  8.625  9.947 11.331 12.521 14.199 
 0.063  1.543  2.778  4.199  5.621  7.139  8.591  9.997 11.285 12.721 14.153 
 0.157  1.175  2.709  4.274  5.689  7.018  8.395  9.753 11.233 12.862 14.158 
-0.335  1.381  2.819  4.317  5.604  7.061  8.321  9.868 11.308 12.747 14.232 
-0.019  1.384  2.884  4.244  5.691  7.191  8.403  9.974 11.231 12.809 14.067 
-0.132  1.338  2.982  4.130  5.509  7.061  8.509  9.731 11.085 12.846 14.179 
 0.060  1.407  2.991  4.182  5.593  7.171  8.772  9.943 11.272 12.610 14.199 
 0.168  1.443  2.969  4.184  5.562  6.992  8.464  9.672 11.351 12.722 14.170 
-0.047  1.415  2.792  4.158  5.694  7.068  8.503 10.119 11.186 12.882 14.046 
 0.117  1.315  2.968  4.104  5.748  7.144  8.414  9.836 11.054 12.718 14.095 
-0.045  1.514  2.810  4.123  5.734  7.257  8.528  9.724 11.169 12.728 14.111 
 0.229  1.395  2.868  4.129  5.509  7.129  8.390  9.899 11.446 12.682 14.105 
-0.042  1.461  2.988  4.185  5.574  7.102  8.247  9.876 11.322 12.678 14.080 
 0.150  1.366  3.028  4.231  5.594  7.082  8.536 10.072 11.303 12.636 14.060 
 0.045  1.244  2.752  4.327  5.790  7.213  8.331  9.835 11.184 12.735 14.158 
-0.038  1.494  2.835  4.100  5.677  7.151  8.589  9.954 11.263 12.711 14.087 
 0.045  1.490  3.048  4.119  5.801  7.231  8.389  9.748 11.394 12.784 14.030 
 0.056  1.397  2.820  4.377  5.632  7.058  8.391  9.897 11.090 12.753 14.146 
-0.049  1.508  2.931  4.114  5.718  6.996  8.576  9.857 11.334 12.723 14.253 
-0.062  1.551  2.735  4.220  5.681  7.052  8.657  9.896 11.311 12.628 14.049 
-0.121  1.455  2.961  4.166  5.553  7.109  8.584 10.030 11.288 12.729 14.070 
-0.036  1.419  2.706  4.177  5.618  7.189  8.499  9.776 11.289 12.665 14.089 
 0.092  1.421  2.905  4.166  5.552  7.207  8.754  9.897 11.428 12.691 14.188 
-0.054  1.381  3.011  4.361  5.657  7.052  8.574  9.754 11.317 12.646 14.140 
-0.271  1.378  2.857  4.087  5.610  7.053  8.514  9.957 11.146 12.851 14.004 
-0.292  1.359  2.842  4.295  5.749  6.921  8.460  9.818 11.211 12.646 14.024 
 0.115  1.545  2.746  4.228  5.692  7.107  8.512  9.964 11.326 12.532 14.238 
-0.090  1.459  2.864  4.365  5.797  7.245  8.413  9.858 11.277 12.743 14.054 
-0.078  1.376  2.872  4.173  5.764  7.182  8.524  9.852 11.481 12.812 14.112 
 0.053  1.359  2.741  4.211  5.658  7.033  8.522  9.898 11.371 12.684 14.027 
-0.156  1.423  2.934  4.135  5.689  7.006  8.615  9.892 11.201 12.749 14.211 
-0.069  1.430  2.946  4.207  5.617  7.213  8.318  9.911 11.303 12.816 14.227 
-0.055  1.393  2.811  4.174  5.584  6.986  8.359 10.022 11.386 12.662 14.011 
 0.075  1.418  3.103  4.389  5.576  6.903  8.584  9.886 11.274 12.622 14.078 
-0.103  1.433  2.712  4.233  5.707  7.058  8.486 10.002 11.313 12.583 14.158 
 0.106  1.404  2.900  4.144  5.548  7.140  8.459  9.925 11.228 12.616 13.941 
-0.056  1.356  2.924  4.204  5.753  7.191  8.472  9.803 11.455 12.566 14.253 
-0.078  1.363  2.754  4.265  5.578  6.995  8.627  9.840 11.319 12.850 14.120 
 0.137  1.467  2.723  4.384  5.836  7.129  8.465  9.811 11.458 12.851 14.160 
 0.086  1.452  2.706  4.147  5.568  7.115  8.619  9.901 11.411 12.690 14.073 
-0.141  1.448  2.636  4.306  5.614  6.987  8.530  9.950 11.197 12.695 13.975 
-0.081  1.607  2.693  4.184  5.720  7.199  8.473  9.876 11.318 12.658 14.386 
-0.004  1.301  2.946  4.119  5.678  7.087  8.487  9.955 11.222 12.795 14.098 
 0.087  1.454  2.961  4.185  5.671  7.095  8.539  9.902 11.307 12.558 14.133 
 0.032  1.230  2.667  4.210  5.865  7.265  8.389  9.960 11.345 12.778 14.271 
-0.098  1.453  2.875  4.311  5.496  7.219  8.366 10.056 11.245 12.655 14.193 
 0.064  1.447  2.856  4.192  5.574  6.959  8.504 10.063 11.371 12.650 14.257 
 0.012  1.319  2.769  4.040  5.765  7.212  8.504  9.971 11.306 12.572 14.155 
-0.015  1.577  2.876  4.018  5.541  7.063  8.540  9.913 11.310 12.690 14.219 
-0.042  1.611  3.019  4.280  5.610  7.073  8.423 10.095 11.276 12.652 14.051 
-0.056  1.442  2.865  4.041  5.652  7.072  8.431  9.770 11.256 12.665 14.247 
-0.032  1.394  2.810  4.055  5.660  7.117  8.376 10.003 11.262 12.705 14.259 
-0.023  1.488  2.806  4.236  5.544  7.076  8.454  9.973 11.451 12.757 14.150 
 0.135  1.418  2.793  4.136  5.711  7.011  8.513  9.988 11.405 12.724 14.122 
-0.070  1.338  2.773  4.288  5.853  7.203  8.430  9.832 11.448 12.618 14.208 
-0.287  1.425  2.826  4.247  5.624  7.110  8.443  9.711 11.375 12.789 14.110 
 0.058  1.443  2.956  4.063  5.417  7.150  8.459  9.777 11.340 12.737 14.186 
-0.053  1.383  2.647  4.184  5.548  7.050  8.541  9.965 11.343 12.832 14.247 
-0.068  1.440  2.837  4.204  5.626  6.991  8.407 10.052 11.497 12.759 14.055 
-0.173  1.496  2.793  4.164  5.632  7.170  8.479 10.059 11.445 12.706 14.082 
-0.016  1.567  2.869  4.245  5.583  6.948  8.486  9.826 11.406 12.874 14.083 
 0.024  1.286  2.756  4.323  5.674  7.020  8.527  9.834 11.215 12.617 14.019 
-0.023  1.360  2.876  4.118  5.615  7.085  8.532  9.964 11.324 12.631 14.548 
-0.187  1.386  2.705  4.344  5.622  7.187  8.549  9.915 11.416 12.771 14.084 
 0.006  1.473  2.923  4.313  5.728  7.043  8.449  9.950 11.207 12.835 14.127 
 0.089  1.384  2.889  4.231  5.585  7.102  8.630  9.817 11.479 12.925 14.222 
-0.190  1.371  2.978  4.198  5.683  7.075  8.505  9.903 11.199 12.895 14.229 
-0.033  1.431  2.988  4.299  5.487  7.132  8.473  9.770 11.311 12.810 14.003 
-0.080  1.411  2.868  4.335  5.675  6.972  8.510  9.947 11.256 12.791 14.073 
 0.113  1.464  2.891  4.224  5.577  7.128  8.624 10.013 11.376 12.820 14.021 
-0.129  1.378  2.793  4.293  5.666  6.951  8.601  9.964 11.328 12.667 14.111 
 0.050  1.367  2.766  4.281  5.628  7.105  8.566  9.932 11.333 12.579 14.176 
-0.152  1.485  2.735  4.086  5.616  7.152  8.518  9.880 11.335 12.826 14.214 
-0.031  1.537  2.737  4.257  5.495  7.081  8.404  9.935 11.500 12.672 14.019 
-0.035  1.495  2.971  4.232  5.709  7.038  8.488  9.842 11.182 12.747 14.198 
 0.040  1.553  2.837  4.283  5.618  7.036  8.451  9.828 11.330 12.830 14.119 
-0.110  1.375  2.756  4.378  5.629  7.071  8.477  9.906 11.214 12.693 14.040 
 0.002  1.427  3.007  4.380  5.729  7.105  8.400  9.910 11.227 12.864 14.228 
 0.058  1.401  2.920  4.311  5.571  7.270  8.550  9.913 11.356 12.647 14.159 
 0.115  1.342  2.945  4.230  5.626  6.983  8.457  9.918 11.299 12.745 14.095 
 0.130  1.491  2.755  4.328  5.566  7.148  8.474 10.032 11.328 12.682 14.153 
 0.173  1.358  3.046  4.159  5.709  7.109  8.594  9.952 11.309 12.806 14.140 
 0.168  1.701  2.916  4.165  5.455  7.105  8.585 10.028 11.309 12.849 14.332 
 0.079  1.525  2.889  4.331  5.606  7.190  8.504  9.917 11.140 12.773 14.147 
-0.023  1.416  2.724  4.315  5.750  7.138  8.347  9.955 11.239 12.818 14.118 
 0.169  1.359  2.865  4.181  5.721  7.095  8.567  9.887 11.249 12.804 14.259 
-0.196  1.375  2.800  4.210  5.703  7.053  8.383  9.971 11.518 12.753 14.090 
-0.041  1.406  2.628  4.482  5.539  6.991  8.575  9.780 11.346 12.648 14.128 
-0.260  1.355  2.772  4.167  5.662  7.214  8.540  9.949 11.163 12.470 14.099 
-0.134  1.367  2.821  4.149  5.558  7.045  8.547  9.890 11.378 12.613 14.223 
 0.286  1.392  2.758  4.264  5.615  6.895  8.431  9.801 11.223 12.731 14.037 
 0.011  1.300  2.947  4.176  5.897  6.991  8.489  9.803 11.281 12.739 14.073 
 0.069  1.247  2.793  4.114  5.655  7.029  8.304  9.853 11.248 12.547 14.227 
 0.023  1.448  3.092  4.167  5.487  7.000  8.494  9.877 11.311 12.879 14.052 
 0.169  1.389  2.736  4.150  5.645  6.971  8.544  9.651 11.449 12.656 14.127 
-0.050  1.416  2.908  4.315  5.801  6.933  8.582  9.934 11.355 12.817 14.034 
-0.058  1.395  2.772  4.209  5.579  6.906  8.578  9.996 11.394 12.565 14.018 
-0.132  1.532  2.982  4.423  5.689  7.103  8.452  9.759 11.217 12.805 14.061 
-0.085  1.421  2.731  4.389  5.602  7.059  8.406  9.912 11.284 12.777 14.147 
-0.031  1.515  2.686  4.289  5.649  7.100  8.601  9.835 11.450 12.684 14.100 
 0.073  1.450  2.688  4.267  5.639  6.905  8.445  9.725 11.434 12.624 13.932 
 0.084  1.512  2.855  4.303  5.542  7.090  8.350  9.835 11.303 12.831 14.206 
-0.037  1.449  2.897  4.253  5.569  6.935  8.613  9.988 11.466 12.714 14.141 
 0.144  1.490  2.899  4.285  5.513  7.085  8.415  9.843 11.288 12.886 14.055 
 0.091  1.331  3.000  4.229  5.741  7.006  8.410  9.817 11.253 12.608 14.271 
-0.003  1.547  2.817  4.074  5.661  7.145  8.629  9.856 11.435 12.679 13.995 
 0.002  1.439  2.766  4.329  5.571  7.259  8.476  9.881 11.397 12.971 14.294 
 0.087  1.335  2.887  4.414  5.667  7.093  8.369  9.769 11.263 12.809 14.028 
 0.127  1.413  2.983  4.169  5.443  7.021  8.429  9.911 11.118 12.523 14.034 
 0.128  1.422  2.950  4.208  5.704  6.906  8.541 10.068 11.207 12.958 14.213 
-0.182  1.431  2.863  4.417  5.648  6.968  8.397  9.753 11.446 12.672 14.064 
 0.114  1.409  2.643  4.296  5.891  7.162  8.340  9.849 11.350 12.613 14.076 
-0.077  1.320  2.665  4.178  5.707  7.059  8.561  9.764 11.348 12.405 14.249 
-0.114  1.601  2.760  4.237  5.781  7.028  8.416  9.718 11.296 12.763 14.105 
-0.057  1.477  2.965  4.277  5.791  7.153  8.679 10.113 11.565 12.773 14.238 
 0.053  1.330  2.810  4.170  5.613  7.091  8.429  9.931 11.273 12.607 14.010 
-0.031  1.307  2.917  4.302  5.673  7.179  8.442  9.949 11.296 12.738 14.081 
 0.100  1.511  2.659  4.361  5.751  7.030  8.452  9.984 11.257 12.818 14.091 
 0.028  1.259  2.761  4.309  5.706  7.155  8.474  9.707 11.426 12.680 14.228 
 0.097  1.634  2.832  4.244  5.585  6.987  8.413  9.869 11.427 12.578 14.345 
-0.073  1.425  2.667  4.115  5.818  7.166  8.496  9.960 11.240 12.759 14.144 
-0.087  1.587  2.688  4.135  5.655  7.121  8.380  9.999 11.243 12.798 14.412 
 0.148  1.434  3.000  4.269  5.677  7.123  8.581  9.796 11.199 12.838 14.215 
 0.098  1.391  2.831  4.324  5.739  7.086  8.558  9.861 11.358 12.803 14.017 
-0.040  1.378  2.876  4.248  5.707  7.070  8.571  9.785 11.337 12.744 13.983 
 0.049  1.404  3.006  4.426  5.564  7.032  8.340  9.967 11.480 12.703 14.108 
 0.065  1.391  2.891  4.063  5.565  7.048  8.438  9.842 11.193 12.632 14.207 
 0.177  1.441  2.931  4.156  5.785  6.955  8.547  9.925 11.196 12.871 14.187 
 0.015  1.210  2.713  4.211  5.800  6.953  8.481 10.016 11.184 12.713 14.129 
-0.108  1.353  2.855  4.116  5.629  7.142  8.638 10.076 11.205 12.801 14.082 
 0.107  1.336  2.898  4.176  5.582  7.125  8.520  9.825 11.467 12.530 14.040 
-0.036  1.247  2.820  4.129  5.687  7.238  8.443  9.940 11.278 12.709 14.211 
-0.025  1.419  2.742  4.277  5.719  7.233  8.377  9.770 11.344 12.753 13.999 
 0.035  1.455  2.953  4.282  5.681  6.954  8.485  9.801 11.210 12.681 14.300 
-0.036  1.378  2.851  4.032  5.603  7.090  8.244  9.827 11.292 12.909 14.307 
-0.018  1.337  2.761  4.267  5.713  6.941  8.376 10.073 11.258 12.731 14.062 
-0.023  1.233  2.752  4.242  5.476  7.201  8.461  9.829 11.164 12.755 14.161 
-0.072  1.534  2.837  4.299  5.626  7.079  8.602  9.862 11.383 12.791 14.067 
 0.117  1.532  2.880  4.161  5.530  6.983  8.525  9.784 11.269 12.708 14.248 
 0.013  1.602  2.788  4.232  5.700  7.134  8.463  9.859 11.269 12.668 14.167 
-0.175  1.434  2.953  4.158  5.665  7.314  8.616 10.015 11.381 12.627 14.126 
 0.036  1.496  2.878  4.471  5.510  7.100  8.508  9.929 11.284 12.656 14.128 
 0.091  1.417  2.888  4.252  5.591  6.874  8.709  9.918 11.282 12.896 13.997 
 0.102  1.303  2.919  4.221  5.593  7.124  8.655  9.956 11.228 12.871 14.193 
-0.011  1.463  2.778  4.308  5.650  7.265  8.534  9.940 11.084 12.742 14.088 
-0.027  1.307  3.001  4.116  5.708  7.072  8.460 10.016 11.421 12.654 14.074 
 0.112  1.290  2.912  4.175  5.881  7.167  8.654  9.667 11.363 12.691 14.190 
 0.107  1.493  2.741  4.159  5.483  7.189  8.488  9.841 11.229 12.809 14.071 
-0.230  1.373  2.782  4.226  5.678  6.980  8.473  9.901 11.136 12.602 14.219 
 0.089  1.444  2.786  4.132  5.564  7.038  8.580  9.945 11.309 12.636 14.137 
-0.074  1.532  2.797  4.244  5.441  7.040  8.371  9.922 11.174 12.529 14.248 
 0.043  1.258  2.879  4.281  5.737  6.961  8.546 10.009 11.414 12.851 14.336 
-0.009  1.239  2.811  4.283  5.608  6.982  8.477  9.846 11.272 12.596 14.023 
-0.135  1.323  2.713  4.301  5.614  7.125  8.532  9.793 11.392 12.595 14.135 
-0.120  1.424  2.697  4.246  5.481  6.937  8.427  9.863 11.500 12.754 14.106 
 0.128  1.346  2.937  4.154  5.672  7.087  8.418  9.888 11.315 12.659 14.144 
 0.120  1.448  2.757  4.193  5.717  7.042  8.585  9.880 11.551 12.740 14.276 
 0.019  1.510  2.966  4.143  5.536  7.102  8.456  9.895 11.311 12.671 14.026 
 0.078  1.447  2.809  4.249  5.790  6.958  8.451  9.896 11.443 12.765 14.201 
 0.082  1.296  2.984  4.513  5.531  7.054  8.593 10.088 11.285 12.749 14.101 
 0.040  1.296  2.933  4.157  5.574  7.233  8.570  9.820 11.284 12.683 14.139 
 0.091  1.372  2.807  4.169  5.560  7.163  8.589  9.993 11.374 12.884 14.161 
 0.032  1.403  2.800  4.251  5.543  7.047  8.508  9.848 11.403 12.644 14.214 
 0.116  1.435  2.882  4.332  5.743  7.139  8.394  9.870 11.346 12.861 14.022 
-0.036  1.549  2.705  4.138  5.788  7.090  8.383 10.006 11.068 12.786 14.286 
 0.100  1.341  2.717  4.177  5.784  7.178  8.354  9.931 11.151 12.652 14.300 
-0.114  1.676  2.989  4.258  5.497  7.062  8.462  9.972 11.302 12.678 14.343 
 0.032  1.276  2.911  4.294  5.642  7.094  8.611 10.113 11.289 12.931 14.256 
-0.144  1.596  2.922  4.348  5.445  7.133  8.356  9.966 11.430 12.795 14.053 
-0.066  1.305  3.036  4.291  5.737  7.135  8.543  9.958 11.240 12.766 14.024 
 0.013  1.380  2.815  4.282  5.681  7.097  8.438  9.989 11.247 12.733 13.992 
 0.158  1.186  2.775  4.160  5.754  7.149  8.544  9.877 11.209 12.770 14.309 
-0.095  1.271  2.909  4.322  5.828  7.255  8.475  9.931 11.274 12.688 13.973 
-0.058  1.310  2.813  3.959  5.713  7.076  8.446  9.732 11.176 12.812 14.040 
 0.040  1.326  2.832  4.104  5.569  6.881  8.227  9.912 11.325 12.878 14.048 
 0.094  1.514  2.857  4.299  5.612  7.023  8.396  9.881 11.350 12.702 14.177 
-0.066  1.184  2.755  4.416  5.709  7.074  8.583 10.196 11.373 12.758 13.983 
 0.110  1.306  2.744  4.068  5.618  7.181  8.455  9.929 11.382 12.611 14.122 
 0.086  1.323  2.931  4.292  5.611  7.033  8.510  9.900 11.550 12.765 14.313 
 0.071  1.377  2.932  4.265  5.540  6.908  8.545  9.790 11.560 12.856 14.137 
 0.158  1.572  2.758  4.229  5.619  6.889  8.478  9.735 11.351 12.488 14.141 
 0.019  1.290  2.777  4.418  5.728  6.998  8.511  9.782 11.431 12.750 14.251 
-0.179  1.428  2.974  4.140  5.630  7.185  8.488  9.770 11.290 12.684 14.138 
 0.074  1.543  2.771  4.322  5.488  6.931  8.435  9.881 11.145 12.705 14.226 
-0.083  1.545  2.730  4.054  5.440  7.085  8.540  9.780 11.367 12.695 14.215 
 0.014  1.492  2.678  4.223  5.816  7.148  8.326  9.954 11.243 12.862 14.182 
 0.036  1.518  2.954  4.257  5.585  6.840  8.347  9.765 11.274 12.778 14.300 
-0.121  1.569  2.641  4.414  5.838  7.138  8.461  9.839 11.405 12.647 14.164 
 0.036  1.105  2.945  4.141  5.603  7.211  8.503  9.805 11.311 12.704 14.156 
-0.025  1.479  2.762  4.096  5.669  6.988  8.590  9.892 11.380 12.835 14.077 
 0.050  1.409  2.911  4.121  5.695  7.048  8.505  9.823 11.339 12.770 14.045 
-0.097  1.586  2.745  4.125  5.678  7.175  8.436  9.966 11.177 12.713 13.841 
 0.099  1.561  2.822  4.184  5.520  7.080  8.283  9.770 11.305 12.724 14.230 
 0.053  1.259  2.742  4.391  5.779  7.138  8.531  9.979 11.323 12.658 14.070 
-0.105  1.309  2.812  4.296  5.959  7.212  8.548 10.145 11.246 12.718 14.118 
 0.116  1.391  2.838  4.153  5.651  7.076  8.509  9.918 11.358 12.645 14.193 
 0.039  1.529  2.846  4.126  5.546  7.197  8.478  9.911 11.206 12.606 14.172 
-0.148  1.443  2.769  4.347  5.763  6.975  8.436  9.813 11.336 12.890 14.155 
 0.055  1.574  2.747  4.428  5.695  7.139  8.430  9.948 11.293 12.814 14.245 
 0.015  1.239  2.875  4.280  5.771  7.265  8.557  9.880 11.470 12.799 14.182 
-0.165  1.571  2.785  4.028  5.585  7.074  8.327  9.870 11.280 12.806 14.149 
-0.176  1.408  2.676  4.145  5.743  7.172  8.392 10.041 11.339 12.771 14.081 
 0.261  1.534  2.622  4.253  5.566  7.150  8.519 10.041 11.420 12.816 14.286 
-0.058  1.496  2.927  4.205  5.743  6.980  8.545  9.848 11.335 12.748 14.214 
 0.099  1.323  2.856  4.219  5.773  7.111  8.564  9.806 11.431 12.649 14.206 
 0.024  1.352  2.750  4.369  5.584  7.019  8.386  9.869 11.140 12.793 14.058 
-0.055  1.360  2.696  4.242  5.757  6.965  8.253  9.774 11.312 12.709 14.178 
 0.051  1.328  2.830  4.099  5.603  7.142  8.413 10.025 11.303 12.686 14.099 
-0.186  1.534  2.875  4.301  5.494  7.174  8.525 10.054 11.308 12.676 14.095 
 0.117  1.433  2.795  4.087  5.642  7.169  8.479 10.012 11.417 12.693 14.142 
-0.204  1.403  2.866  4.272  5.809  6.917  8.456 10.016 11.428 12.666 14.342 
-0.231  1.278  2.861  4.107  5.681  7.197  8.493  9.871 11.257 12.881 14.212 
-0.088  1.615  2.712  4.154  5.798  6.920  8.576  9.925 11.395 12.762 14.189 
-0.161  1.493  3.049  4.139  5.772  7.099  8.625 10.121 11.344 12.739 14.149 
 0.020  1.437  2.686  4.284  5.661  6.854  8.477  9.989 11.353 12.755 14.314 
 0.131  1.311  2.949  4.126  5.690  6.913  8.509  9.831 11.301 12.661 14.018 
-0.005  1.519  2.905  4.281  5.649  7.074  8.376 10.014 11.402 12.662 14.091 
 0.002  1.467  2.649  4.209  5.612  7.023  8.557 10.045 11.409 12.682 14.080 
 0.162  1.362  2.894  4.184  5.623  7.083  8.395  9.884 11.380 12.942 14.092 
 0.003  1.501  2.900  4.290  5.515  7.152  8.407  9.890 11.315 12.636 14.270 
 0.038  1.403  2.776  4.243  5.608  6.880  8.576  9.891 11.341 12.775 14.241 
-0.100  1.458  2.830  4.265  5.653  7.040  8.392  9.955 11.355 12.771 14.132 
 0.091  1.386  2.889  4.298  5.639  7.068  8.464  9.803 11.224 12.704 14.062 
 0.157  1.238  3.010  4.178  5.770  7.062  8.449  9.850 11.357 12.679 14.011 
 0.148  1.406  2.889  4.308  5.475  7.195  8.497  9.968 11.204 12.695 14.159 
 0.144  1.458  2.886  4.338  5.694  7.094  8.678  9.838 11.137 12.646 14.223 
 0.165  1.224  2.914  4.265  5.482  7.179  8.537  9.812 11.217 12.613 14.209 
 0.006  1.262  2.702  4.188  5.672  7.142  8.470  9.804 11.100 12.750 14.270 
-0.059  1.441  2.787  4.133  5.688  7.088  8.472  9.850 11.130 12.700 14.159 
-0.172  1.529  2.769  4.010  5.606  7.216  8.329  9.847 11.314 12.746 14.077 
 0.021  1.474  2.883  4.230  5.708  7.096  8.381  9.840 11.253 12.782 14.173 
 0.017  1.282  2.943  4.185  5.510  7.117  8.501  9.985 11.202 12.580 14.128 
 0.107  1.441  2.843  4.262  5.813  7.069  8.425  9.904 11.392 12.888 14.178 
-0.012  1.244  2.728  4.241  5.755  7.146  8.523  9.994 11.301 12.849 14.128 
 0.118  1.202  2.727  4.226  5.735  7.053  8.605  9.985 11.338 12.703 14.176 
 0.083  1.636  2.800  4.166  5.681  6.971  8.505  9.965 11.353 12.710 14.203 
-0.071  1.390  2.698  3.956  5.767  7.159  8.490  9.861 11.357 12.828 14.091 
-0.080  1.397  2.707  4.253  5.899  7.223  8.612  9.937 11.398 12.885 14.068 
 0.005  1.556  2.833  4.096  5.646  7.162  8.506  9.813 11.319 12.670 14.164 
 0.187  1.358  2.902  4.131  5.504  6.994  8.375  9.803 11.191 12.672 14.141 
-0.154  1.573  2.925  4.171  5.503  7.054  8.505  9.855 11.099 12.486 14.324 
-0.048  1.284  2.553  4.092  5.553  7.091  8.460 10.077 11.552 12.725 14.022 
 0.087  1.327  2.857  4.312  5.599  6.861  8.497  9.864 11.323 12.909 14.137 
-0.019  1.441  2.704  4.239  5.659  7.107  8.573  9.833 11.399 12.944 14.052 
 0.036  1.424  2.678  4.419  5.790  6.976  8.554  9.976 11.200 12.692 14.127 
-0.206  1.577  2.807  4.020  5.766  7.171  8.642  9.873 11.282 12.881 14.094 
-0.025  1.427  2.668  4.305  5.832  6.909  8.469  9.946 11.214 12.640 14.141 
 0.014  1.197  2.857  4.244  5.726  7.078  8.493  9.914 11.387 12.884 14.199 
 0.010  1.463  2.924  4.439  5.693  7.137  8.333  9.748 11.427 12.660 14.125 
 0.240  1.576  2.776  4.211  5.556  6.957  8.506 10.036 11.174 12.785 14.054 
 0.104  1.588  2.791  4.355  5.613  6.876  8.436  9.973 11.437 12.504 14.215 
-0.005  1.368  2.737  4.261  5.697  7.123  8.375  9.951 11.457 12.632 14.041 
-0.046  1.375  2.837  4.192  5.737  6.992  8.511  9.780 11.354 12.730 14.131 
 0.034  1.404  2.709  4.171  5.762  7.083  8.414  9.868 11.267 12.761 14.232 
 0.119  1.270  2.891  4.098  5.551  7.081  8.511  9.917 11.468 12.613 14.099 
 0.061  1.433  2.962  4.249  5.766  6.935  8.668  9.821 11.212 12.713 14.374 
-0.137  1.602  3.086  4.310  5.685  7.235  8.399  9.796 11.344 12.794 14.279 
-0.185  1.213  2.729  4.291  5.787  7.219  8.374  9.679 11.306 12.794 14.089 
 0.262  1.541  2.869  4.277  5.466  7.015  8.461 10.032 11.295 12.770 14.060 
 0.054  1.359  2.804  4.138  5.659  7.064  8.446  9.790 11.146 12.558 14.096 
 0.086  1.422  2.992  4.245  5.659  7.033  8.467  9.982 11.281 12.666 14.022 
 0.039  1.380  2.867  4.498  5.463  7.174  8.698  9.710 11.383 12.711 13.986 
 0.051  1.311  2.885  4.367  5.634  7.163  8.393  9.802 11.191 12.690 14.225 
 0.027  1.509  2.931  4.322  5.504  7.210  8.583  9.975 11.424 12.715 14.158 
-0.185  1.320  2.851  4.290  5.660  7.163  8.689  9.841 11.324 12.628 14.241 
-0.092  1.459  2.781  4.297  5.557  6.864  8.473  9.865 11.245 12.788 14.131 
-0.109  1.414  2.925  4.144  5.800  7.000  8.732  9.802 11.274 12.764 14.139 
-0.005  1.413  2.694  4.068  5.750  7.089  8.521  9.828 11.324 12.715 14.248 
 0.111  1.311  2.738  4.203  5.647  7.172  8.531  9.829 11.331 12.893 14.126 
 0.084  1.397  2.769  4.245  5.448  6.974  8.319  9.789 11.189 12.918 14.231 
 0.002  1.386  2.903  4.414  5.529  7.255  8.598  9.909 11.378 12.951 14.239 
-0.204  1.399  2.917  4.302  5.715  7.059  8.354  9.950 11.359 12.698 14.115 
 0.072  1.551  2.740  4.176  5.630  7.138  8.591  9.900 11.374 12.587 14.054 
-0.059  1.358  2.610  4.250  5.595  7.081  8.331  9.887 11.342 12.514 14.162 
-0.226  1.604  2.714  4.260  5.728  7.146  8.533  9.978 11.253 12.597 14.349 
 0.066  1.439  2.897  4.198  5.590  7.143  8.530  9.936 11.211 12.752 13.920 
-0.142  1.492  2.892  4.192  5.663  7.052  8.531  9.935 11.330 12.694 14.217 
-0.034  1.554  2.874  4.030  5.769  7.007  8.458  9.983 11.308 12.745 14.009 
 0.106  1.458  3.016  4.102  5.558  7.151  8.350  9.919 11.261 12.706 14.046 
 0.070  1.718  2.824  4.197  5.735  7.063  8.544  9.889 11.475 12.884 14.264 
 0.012  1.581  2.705  4.260  5.739  7.158  8.297 10.015 11.308 12.866 14.237 
-0.077  1.425  2.712  4.273  5.744  7.111  8.316 10.047 11.288 12.683 14.294 
-0.041  1.556  2.641  4.268  5.698  7.060  8.408  9.812 11.267 12.813 14.120 
-0.006  1.288  2.978  4.448  5.711  7.131  8.562  9.950 11.145 12.690 14.080 
 0.072  1.512  2.810  4.410  5.580  7.083  8.531 10.018 11.232 12.778 14.186 
 0.011  1.419  3.010  4.318  5.730  6.996  8.439  9.927 11.391 12.716 14.105 
 0.074  1.352  2.868  4.364  5.906  6.970  8.418  9.776 11.354 12.597 14.068 
-0.022  1.248  2.682  4.218  5.781  7.107  8.472  9.835 11.365 12.544 14.162 
 0.097  1.408  2.905  4.271  5.639  7.146  8.346  9.874 11.275 12.686 14.136 
-0.099  1.474  2.751  4.179  5.846  6.980  8.440  9.852 11.385 12.667 14.019 
 0.032  1.353  2.791  4.238  5.751  7.067  8.405  9.814 11.455 12.840 14.257 
-0.233  1.350  2.860  4.206  5.748  7.036  8.381  9.960 11.045 12.719 14.099 
-0.132  1.405  2.980  4.191  5.576  6.968  8.506  9.902 11.315 12.795 14.121 
 0.002  1.368  2.718  4.244  5.504  7.022  8.406  9.961 11.158 12.518 14.141 
-0.025  1.287  2.726  4.333  5.829  7.069  8.335  9.825 11.280 12.813 14.236 
-0.115  1.394  2.950  4.236  5.594  7.010  8.435  9.994 11.258 12.688 14.071 
-0.063  1.433  2.853  4.426  5.763  7.069  8.665  9.937 11.240 12.789 14.288 
-0.161  1.363  2.809  4.154  5.621  6.917  8.595  9.713 11.334 12.709 14.086 
 0.065  1.254  2.885  4.122  5.825  7.058  8.477  9.915 11.156 12.815 14.318 
-0.001  1.263  2.937  4.214  5.902  6.830  8.520  9.893 11.258 12.663 14.161 
-0.139  1.163  2.917  4.405  5.727  6.872  8.487  9.961 11.213 12.664 14.083 
-0.035  1.323  2.929  4.060  5.554  6.959  8.391  9.944 11.333 12.708 14.062 
-0.089  1.516  2.884  4.245  5.584  6.927  8.575  9.797 11.250 12.625 14.114 
-0.060  1.372  2.832  4.236  5.776  7.181  8.306 10.006 11.356 12.705 14.082 
 0.186  1.342  2.891  4.139  5.795  7.015  8.520 10.053 11.352 12.869 14.278 
 0.081  1.339  2.816  4.304  5.563  7.103  8.503  9.811 11.385 12.706 13.965 
-0.176  1.500  2.861  4.247  5.499  7.107  8.469  9.794 11.351 12.772 14.237 
 0.095  1.366  2.827  4.255  5.559  7.007  8.609 10.120 11.236 12.780 14.195 
 0.065  1.414  2.865  4.372  5.550  7.279  8.398  9.931 11.380 12.701 14.080 
-0.066  1.584  2.875  4.294  5.652  7.123  8.373  9.843 11.232 12.850 14.162 
 0.156  1.286  2.836  4.281  5.691  7.027  8.399  9.803 11.220 12.861 14.169 
 0.028  1.500  2.804  4.224  5.724  6.964  8.533  9.752 11.360 12.722 14.043 
 0.040  1.534  2.913  4.221  5.626  7.025  8.562  9.909 11.182 12.923 14.213 
-0.128  1.319  2.830  4.229  5.573  7.194  8.602  9.834 11.372 12.937 14.060 
 0.033  1.378  2.878  4.393  5.650  7.041  8.390  9.967 11.400 12.815 14.180 
-0.013  1.313  2.750  4.419  5.695  7.198  8.368 10.014 11.220 12.713 14.061 
 0.087  1.225  2.636  4.175  5.744  7.135  8.453  9.804 11.235 12.885 14.084 
 0.017  1.361  2.908  4.215  5.555  7.041  8.574  9.941 11.358 12.759 14.238 
 0.090  1.360  2.979  4.170  5.491  7.129  8.379  9.779 11.184 12.786 14.073 
-0.134  1.399  2.763  4.188  5.621  7.157  8.547  9.960 11.189 12.706 13.939 
-0.027  1.411  2.752  4.325  5.704  7.189  8.647  9.889 11.331 12.798 14.243 
-0.049  1.362  2.909  4.203  5.534  7.005  8.403  9.771 11.216 12.779 14.026 
-0.053  1.548  2.919  4.097  5.536  7.206  8.375  9.948 11.208 12.585 14.024 
 0.052  1.557  2.628  4.053  5.692  6.954  8.654 10.030 11.385 12.710 14.282 
 0.075  1.356  2.856  4.137  5.583  7.098  8.602  9.776 11.384 12.519 13.946 
 0.121  1.512  2.780  4.256  5.654  6.996  8.559  9.913 11.367 12.825 14.193 
 0.024  1.486  2.789  4.329  5.720  6.994  8.510 10.090 11.305 12.646 14.075 
-0.065  1.263  2.911  4.137  5.438  7.122  8.506 10.016 11.204 12.544 14.105 
-0.070  1.394  2.859  4.249  5.701  7.080  8.357  9.727 11.244 12.821 14.156 
-0.070  1.493  2.855  4.109  5.625  7.075  8.333  9.850 11.504 12.616 14.164 
-0.112  1.325  2.834  4.204  5.563  7.229  8.506  9.974 11.291 12.786 14.168 
-0.033  1.482  2.852  4.326  5.575  6.925  8.481  9.881 11.340 12.814 14.120 
 0.061  1.514  2.944  4.136  5.537  6.922  8.643  9.770 11.262 12.643 14.224 
 0.138  1.482  2.958  4.279  5.553  7.022  8.385  9.756 11.207 12.738 14.102 
-0.018  1.444  2.695  4.289  5.607  7.175  8.343  9.990 11.283 12.729 14.128 
 0.029  1.524  2.748  4.161  5.608  7.079  8.544  9.996 11.161 12.684 14.117 
-0.098  1.404  2.749  4.169  5.780  7.016  8.476  9.982 11.218 12.728 14.178 
 0.025  1.675  2.770  4.219  5.699  6.974  8.375  9.943 11.292 12.716 14.222 
 0.131  1.418  2.681  4.277  5.711  6.916  8.535  9.792 11.299 12.861 14.119 
-0.081  1.442  2.953  4.250  5.771  7.009  8.513 10.024 11.262 12.847 14.088 
 0.070  1.454  2.807  4.084  5.592  6.959  8.503  9.861 11.493 12.756 14.172 
 0.031  1.319  2.827  4.298  5.646  7.163  8.538  9.936 11.315 12.660 14.007 
-0.123  1.505  2.907  4.115  5.455  7.081  8.385  9.967 11.262 12.724 14.153 
-0.061  1.458  2.820  4.266  5.435  7.073  8.510 10.173 11.335 12.614 13.985 
-0.027  1.519  2.921  4.062  5.709  7.013  8.517  9.829 11.381 12.708 14.160 
-0.093  1.351  2.916  4.193  5.759  7.116  8.614  9.905 11.370 12.710 14.248 
-0.089  1.443  2.830  4.259  5.502  7.049  8.629  9.891 11.444 12.934 14.271 
 0.159  1.269  2.713  4.306  5.642  6.972  8.423  9.882 11.273 12.755 14.106 
 0.168  1.616  2.767  3.985  5.612  7.074  8.477  9.696 11.198 12.528 14.164 
 0.208  1.429  2.947  4.170  5.669  7.158  8.496  9.632 11.182 12.732 14.147 
-0.018  1.177  2.761  4.380  5.541  7.058  8.417  9.890 11.274 12.772 14.118 
-0.205  1.399  2.970  4.329  5.653  7.162  8.636  9.838 11.517 12.705 14.154 
 0.128  1.486  2.837  4.270  5.555  6.902  8.559 10.092 11.337 12.749 14.178 
-0.020  1.383  2.746  4.105  5.700  7.140  8.407  9.857 11.361 12.786 14.316 
 0.063  1.244  2.762  4.202  5.613  6.989  8.532  9.959 11.237 12.696 14.175 
 0.088  1.307  3.113  4.247  5.729  7.073  8.430  9.879 11.281 12.665 14.085 
 0.017  1.390  2.743  4.210  5.708  7.216  8.398  9.972 11.027 12.895 14.126 
-0.141  1.177  2.962  4.213  5.601  6.971  8.416  9.839 11.312 12.562 14.138 
-0.036  1.374  2.777  4.261  5.681  6.990  8.542  9.928 11.303 12.837 14.171 
-0.059  1.301  2.610  4.207  5.654  7.086  8.445  9.654 11.294 12.913 14.016 
 0.052  1.503  2.962  4.052  5.770  7.102  8.420  9.869 11.430 12.670 14.330 
 0.006  1.455  2.767  4.246  5.830  7.115  8.548  9.891 11.355 12.738 14.224 
 0.044  1.426  2.905  4.199  5.664  7.077  8.581  9.694 11.263 12.871 14.064 
-0.168  1.478  2.743  4.374  5.715  7.053  8.543  9.724 11.327 12.658 14.131 
-0.029  1.110  2.801  4.189  5.645  7.073  8.613  9.881 11.355 12.839 13.975 
 0.208  1.213  2.908  4.202  5.743  7.017  8.527  9.884 11.135 12.762 14.144 
 0.100  1.332  2.865  4.136  5.660  7.054  8.696  9.797 11.427 12.476 14.080 
 0.122  1.380  2.988  4.116  5.614  6.929  8.559  9.767 11.489 12.518 14.212 
-0.226  1.429  2.738  4.077  5.720  7.163  8.387  9.992 11.307 12.702 14.067 
 0.154  1.280  2.719  4.359  5.734  7.071  8.477  9.894 11.399 12.788 13.964 
 0.026  1.393  2.877  4.101  5.670  7.147  8.516  9.954 11.268 12.711 14.007 
 0.199  1.287  2.778  4.161  5.904  7.029  8.513  9.927 11.320 12.820 14.000 
-0.087  1.429  2.762  4.044  5.676  7.138  8.317  9.831 11.074 12.761 14.115 
 0.070  1.325  2.846  4.209  5.687  7.030  8.584  9.857 11.395 12.684 14.205 
-0.014  1.535  3.021  4.301  5.654  7.119  8.518  9.919 11.214 12.870 14.091 
 0.049  1.320  2.930  4.096  5.617  7.016  8.443  9.780 11.193 12.745 13.976 
-0.081  1.249  2.835  4.390  5.871  7.198  8.508  9.931 11.283 12.651 14.133 
 0.111  1.547  2.768  4.174  5.568  6.990  8.378  9.888 11.380 12.777 14.152 
 0.124  1.468  2.749  4.174  5.601  7.159  8.558  9.842 11.296 12.781 14.189 
-0.106  1.471  2.874  4.301  5.507  7.197  8.435  9.910 11.337 12.718 14.201 
 0.002  1.465  2.773  4.227  5.756  7.030  8.566  9.963 11.503 12.726 14.316 
-0.061  1.490  2.880  4.163  5.475  7.091  8.472  9.954 11.374 12.821 14.170 
 0.138  1.403  2.848  4.157  5.810  7.161  8.417  9.959 11.308 12.507 14.206 
 0.105  1.326  2.790  4.011  5.618  7.067  8.561  9.921 11.218 12.624 14.376 
 0.063  1.310  2.902  4.235  5.682  7.048  8.545 10.143 11.413 12.742 14.285 
 0.175  1.229  2.823  4.181  5.604  7.070  8.323  9.962 11.282 12.830 14.125 
-0.130  1.351  2.841  4.357  5.729  7.088  8.322  9.892 11.473 12.834 14.194 
 0.110  1.431  2.613  4.202  5.657  6.864  8.455  9.923 11.164 12.694 14.047 
 0.086  1.431  2.994  4.181  5.576  6.980  8.507  9.920 11.324 12.613 14.318 
 0.072  1.390  2.631  4.293  5.696  7.065  8.665  9.866 11.141 12.772 13.964 
-0.041  1.082  2.794  4.282  5.585  7.043  8.563  9.859 11.161 12.792 14.141 
-0.183  1.507  2.725  4.074  5.765  6.895  8.355  9.896 11.346 12.758 14.208 
-0.033  1.512  2.871  4.172  5.751  7.114  8.439  9.855 11.371 12.772 14.137 
-0.248  1.338  2.859  4.020  5.678  7.015  8.565  9.900 11.157 12.698 14.280 
-0.100  1.452  2.842  4.303  5.555  7.013  8.649  9.881 11.378 12.659 14.163 
-0.131  1.298  2.795  4.366  5.755  6.974  8.294  9.974 11.454 12.725 14.054 
-0.092  1.340  2.713  4.194  5.689  7.167  8.496  9.729 11.369 12.551 14.164 
-0.188  1.380  2.959  4.208  5.550  7.030  8.483  9.762 11.399 12.788 14.283 
-0.114  1.344  2.957  4.119  5.713  7.005  8.629 10.021 11.442 12.797 14.173 
 0.170  1.424  2.727  4.223  5.706  7.052  8.401  9.997 11.321 12.698 13.979 
-0.080  1.529  2.741  4.436  5.495  7.040  8.321  9.842 11.460 12.652 14.046 
 0.073  1.343  2.926  4.242  5.561  7.067  8.527  9.904 11.375 12.715 14.128 
-0.147  1.504  2.726  4.326  5.704  7.071  8.543  9.744 11.361 12.903 14.193 
-0.049  1.547  2.736  4.297  5.586  7.098  8.549  9.814 11.634 12.807 14.155 
-0.150  1.326  2.820  4.176  5.655  7.220  8.443  9.795 11.209 12.894 14.132 
-0.050  1.566  2.780  4.154  5.563  7.047  8.533 10.094 11.249 12.620 14.163 
 0.004  1.362  2.905  4.267  5.657  7.008  8.417  9.958 11.359 12.632 14.276 
-0.016  1.432  2.815  4.104  5.620  7.106  8.368  9.904 11.391 12.739 14.019 
 0.061  1.407  2.844  4.170  5.668  6.818  8.477  9.856 11.287 12.793 14.162 
-0.028  1.533  2.692  4.335  5.757  7.006  8.633  9.715 11.465 12.846 14.227 
-0.008  1.329  2.817  4.372  5.688  7.127  8.553  9.728 11.291 12.721 14.220 
 0.090  1.399  2.761  4.301  5.668  7.005  8.412  9.843 11.301 12.808 14.303 
 0.130  1.483  2.793  4.170  5.632  7.073  8.414  9.747 11.219 12.679 14.068 
-0.020  1.405  2.771  4.278  5.621  7.162  8.558  9.886 11.345 12.853 14.079 
 0.137  1.536  2.767  4.400  5.405  7.145  8.526  9.889 11.317 12.742 14.032 
-0.048  1.435  2.785  4.205  5.726  7.131  8.640  9.881 11.374 12.792 14.230 
 0.054  1.484  2.786  4.160  5.530  7.003  8.468  9.933 11.332 12.835 14.069 
 0.079  1.582  3.002  4.280  5.783  7.042  8.303  9.799 11.411 12.712 14.039 
-0.111  1.299  2.655  4.141  5.634  7.226  8.678  9.884 11.314 12.711 14.401 
-0.109  1.464  2.778  4.238  5.643  6.982  8.302  9.995 11.282 12.820 14.245 
-0.045  1.496  2.703  4.094  5.790  7.060  8.514  9.870 11.114 12.753 14.222 
-0.122  1.356  2.766  4.272  5.543  7.088  8.354 10.019 11.305 12.732 14.087 
-0.068  1.465  2.802  4.220  5.721  7.208  8.495  9.726 11.361 12.847 14.075 
 0.067  1.637  2.753  4.257  5.697  7.201  8.372  9.970 11.164 12.815 14.066 
-0.017  1.249  2.726  4.144  5.644  7.054  8.572  9.808 11.149 12.959 14.121 
-0.060  1.472  2.918  4.045  5.574  6.955  8.458  9.816 11.385 12.768 14.095 
 0.075  1.419  2.964  4.192  5.685  7.186  8.490  9.923 11.283 12.862 14.047 
-0.107  1.506  2.773  4.298  5.721  7.159  8.691  9.834 11.381 12.773 13.950 
-0.048  1.419  2.939  4.289  5.625  6.964  8.578  9.920 11.222 12.728 14.095 
-0.180  1.551  2.570  4.288  5.559  7.172  8.524  9.985 11.319 12.832 14.192 
-0.057  1.440  2.791  4.114  5.740  7.150  8.433  9.833 11.499 12.573 14.223 
 0.006  1.255  2.923  4.267  5.715  7.060  8.602  9.953 11.229 12.728 14.147 
-0.012  1.419  2.750  4.203  5.761  6.997  8.449 10.023 11.329 12.718 14.175 
-0.070  1.364  2.665  4.150  5.585  7.130  8.657  9.763 11.524 12.579 14.132 
-0.024  1.403  2.925  4.173  5.686  7.175  8.275 10.029 11.203 12.806 14.043 
-0.050  1.381  2.695  4.226  5.602  6.913  8.540  9.795 11.143 12.831 14.151 
 0.023  1.261  2.862  4.458  5.605  6.863  8.588 10.148 11.228 12.886 14.139 
 0.157  1.512  2.844  4.207  5.523  7.043  8.477  9.954 11.330 12.789 14.263 
 0.160  1.599  2.810  4.226  5.651  7.048  8.689  9.779 11.259 12.878 14.112 
-0.083  1.404  2.970  4.200  5.888  7.154  8.480  9.836 11.411 12.680 14.320 
 0.128  1.367  3.037  4.312  5.690  6.835  8.418 10.042 11.312 12.617 14.074 
 0.157  1.411  2.762  4.249  5.828  7.253  8.466  9.935 11.260 12.714 14.213 
 0.262  1.299  2.838  4.032  5.611  7.174  8.435  9.949 11.455 12.725 14.025 
-0.070  1.244  2.917  4.429  5.578  7.064  8.384 10.047 11.366 12.688 14.263 
-0.000  1.409  2.838  4.247  5.605  7.121  8.676  9.974 11.322 12.560 14.232 
 0.078  1.372  2.912  4.298  5.677  7.075  8.397  9.760 11.572 12.717 14.057 
-0.124  1.346  2.771  4.351  5.740  7.166  8.566  9.869 11.278 12.658 14.054 
 0.017  1.521  2.856  4.222  5.591  7.223  8.415  9.983 11.358 12.665 14.011 
-0.153  1.313  2.810  4.293  5.588  7.270  8.474  9.882 11.329 12.819 14.187 
-0.071  1.481  2.685  4.266  5.546  6.846  8.444  9.781 11.356 12.716 14.187 
-0.002  1.463  2.838  4.324  5.633  7.044  8.534  9.904 11.387 12.732 14.214 
 0.033  1.503  2.949  4.371  5.593  7.212  8.329  9.811 11.363 12.685 14.156 
-0.171  1.419  3.014  4.203  5.505  7.057  8.408  9.859 11.329 12.710 14.262 
 0.023  1.434  2.902  4.367  5.574  6.887  8.737  9.841 11.343 12.663 13.942 
-0.032  1.286  2.703  4.210  5.499  7.060  8.496 10.020 11.364 12.546 14.149 
-0.061  1.592  2.827  4.102  5.637  6.978  8.557  9.861 11.196 12.959 14.005 
 0.060  1.471  3.013  4.220  5.640  7.136  8.557  9.976 11.504 12.832 14.172 
-0.002  1.418  2.840  4.280  5.592  7.086  8.345  9.824 11.580 12.614 14.208 
 0.028  1.360  2.702  4.166  5.663  7.007  8.432  9.803 11.278 12.664 14.188 
 0.028  1.304  2.774  4.224  5.752  7.059  8.376  9.932 11.441 12.890 14.101 
-0.020  1.510  2.836  4.256  5.405  7.125  8.389  9.949 11.435 12.723 14.219 
 0.032  1.335  2.768  4.301  5.843  7.079  8.461  9.851 11.380 12.756 13.932 
 0.004  1.430  2.874  4.295  5.769  7.078  8.352  9.916 11.431 12.889 14.078 
-0.015  1.310  2.742  4.284  5.671  7.025  8.568 10.009 11.242 12.683 13.978 
-0.120  1.421  2.774  4.130  5.808  6.921  8.345  9.833 11.201 12.797 13.935 
-0.236  1.355  2.703  4.294  5.576  7.193  8.309  9.958 11.310 12.748 14.182 
 0.051  1.379  2.822  4.060  5.603  6.961  8.392  9.812 11.387 12.588 14.041 
-0.106  1.512  2.947  4.366  5.706  7.180  8.511  9.998 11.316 12.558 14.282 
-0.094  1.382  2.887  4.209  5.697  6.998  8.419  9.773 11.238 12.852 14.080 
 0.167  1.397  2.754  4.128  5.625  7.134  8.555  9.883 11.449 12.736 13.985 
 0.148  1.369  2.875  4.332  5.799  7.017  8.690  9.902 11.343 12.786 14.003 
 0.095  1.392  2.820  4.412  5.629  7.098  8.782  9.845 11.269 12.533 14.191 
-0.002  1.513  2.989  4.338  5.754  7.205  8.294  9.837 11.189 12.582 14.281 
-0.032  1.494  2.685  4.368  5.784  7.061  8.335  9.937 11.353 12.764 14.053 
-0.113  1.344  2.850  4.177  5.680  7.132  8.674  9.907 11.355 12.748 14.060 
-0.159  1.410  2.814  4.235  5.650  7.048  8.380 10.046 11.355 12.747 14.079 
-0.142  1.486  2.738  4.220  5.465  6.972  8.407  9.818 11.506 12.781 14.132 
-0.133  1.544  2.868  4.242  5.694  7.134  8.444 10.036 11.099 12.566 14.075 
-0.090  1.491  2.874  4.211  5.592  7.022  8.595  9.810 11.246 12.816 14.113 
-0.152  1.412  2.733  4.180  5.702  6.980  8.497 10.007 11.251 12.696 13.996 
-0.059  1.439  2.686  4.201  5.633  7.020  8.633  9.812 11.281 12.813 14.030 
 0.033  1.523  2.795  4.129  5.529  6.942  8.608  9.898 11.136 12.505 14.043 
 0.000  1.541  2.728  4.304  5.809  7.115  8.378  9.910 11.337 12.800 14.035 
-0.091  1.409  2.654  4.240  5.591  6.957  8.523  9.967 11.393 12.500 14.087 
-0.060  1.179  2.845  4.164  5.771  7.126  8.434  9.876 11.299 12.674 14.049 
 0.077  1.339  2.861  4.292  5.676  7.043  8.573  9.934 11.349 12.798 14.071 
 0.180  1.384  2.806  4.128  5.801  7.091  8.447  9.964 11.163 12.561 14.039 
 0.081  1.554  2.880  4.397  5.759  6.976  8.589  9.749 11.490 12.823 14.114 
-0.064  1.399  2.772  4.144  5.575  7.266  8.520  9.881 11.386 12.902 14.268 
-0.006  1.463  2.744  4.342  5.543  7.033  8.479  9.981 11.319 12.767 13.998 
-0.011  1.249  2.849  4.281  5.528  7.083  8.522  9.880 11.488 12.817 14.020 
 0.073  1.422  2.809  4.162  5.543  7.029  8.555  9.936 11.331 12.798 14.158 
-0.027  1.296  2.869  4.508  5.780  7.116  8.652  9.893 11.346 12.642 14.073 
-0.068  1.512  2.997  4.206  5.878  7.037  8.562  9.925 11.359 12.770 14.181 
-0.177  1.436  2.859  4.290  5.707  7.020  8.432  9.955 11.228 12.588 14.329 
 0.057  1.453  2.849  4.286  5.614  7.064  8.589  9.914 11.550 12.601 14.193 
 0.102  1.248  2.804  4.129  5.756  7.086  8.437 10.150 11.510 12.735 14.024 
 0.044  1.498  2.818  4.240  5.616  7.076  8.400  9.817 11.426 12.659 14.155 
 0.111  1.494  2.783  4.298  5.587  6.962  8.485  9.831 11.328 12.640 14.068 
-0.039  1.301  3.049  4.136  5.378  6.994  8.583  9.795 11.347 12.645 14.171 
-0.072  1.333  2.758  4.085  5.589  7.153  8.601  9.690 11.332 12.516 14.017 
-0.192  1.440  2.718  4.291  5.550  7.082  8.512  9.660 11.266 12.664 14.175 
 0.100  1.368  2.759  4.037  5.749  7.090  8.322  9.973 11.103 12.672 14.173 
 0.114  1.530  2.871  4.167  5.699  7.100  8.496  9.839 11.244 12.719 14.335 
 0.045  1.464  2.922  4.364  5.552  6.948  8.470 10.052 11.211 12.759 14.115 
-0.003  1.314  2.781  4.365  5.717  7.042  8.519  9.992 11.290 12.619 14.080 
 0.090  1.371  2.850  4.133  5.692  7.069  8.375  9.704 11.439 12.667 14.043 
-0.112  1.529  3.025  4.278  5.654  7.120  8.439 10.091 11.291 12.753 14.022 
-0.121  1.345  2.808  4.090  5.562  6.985  8.600  9.936 11.256 12.734 14.173 
 0.091  1.445  2.727  4.169  5.631  6.893  8.585  9.869 11.431 12.673 14.175 
-0.003  1.493  2.758  4.482  5.608  7.097  8.565  9.911 11.429 12.706 13.978 
 0.138  1.499  2.766  4.367  5.618  7.005  8.369  9.823 11.387 12.625 14.065 
-0.010  1.561  2.870  4.198  5.535  7.136  8.473  9.949 11.379 12.765 13.973 
 0.143  1.364  2.948  4.525  5.533  7.164  8.489  9.705 11.214 12.664 13.950 
 0.009  1.405  3.008  4.176  5.484  7.002  8.517  9.915 11.325 12.675 14.349 
 0.097  1.301  2.808  4.384  5.761  6.949  8.527  9.894 11.266 12.794 14.148 
-0.119  1.401  2.802  4.365  5.626  7.177  8.470  9.874 11.298 12.821 14.233 
-0.139  1.467  2.825  4.280  5.797  7.380  8.528  9.790 11.303 12.958 14.011 
-0.001  1.448  2.971  4.386  5.686  7.094  8.542  9.916 11.418 12.755 14.121 
 0.112  1.276  2.877  4.247  5.626  6.926  8.481  9.771 11.431 12.513 14.170 
 0.016  1.575  2.954  4.054  5.708  6.927  8.586  9.794 11.218 12.858 14.272 
-0.053  1.413  2.852  4.477  5.882  7.100  8.503  9.944 11.307 12.673 14.181 
-0.139  1.516  2.875  4.288  5.860  7.139  8.535  9.887 11.247 12.852 14.074 
 0.204  1.658  2.991  4.257  5.629  7.166  8.701 10.050 11.125 12.771 14.230 
-0.008  1.452  2.804  4.380  5.596  7.020  8.328  9.796 11.412 12.737 14.053 
-0.027  1.380  2.624  4.428  5.686  7.072  8.349  9.856 11.195 12.663 14.156 
-0.045  1.408  2.812  4.234  5.603  6.924  8.513  9.963 11.323 12.895 14.099 
-0.047  1.428  2.940  4.274  5.642  7.227  8.510 10.043 11.426 12.768 14.083 
-0.088  1.465  2.853  4.324  5.686  7.119  8.432 10.141 11.407 12.976 14.106 
-0.113  1.285  3.000  4.300  5.516  7.052  8.504 10.040 11.309 12.927 14.178 
-0.039  1.471  2.887  4.389  5.668  7.009  8.573  9.912 11.197 12.722 14.195 
 0.031  1.591  2.552  4.194  5.667  6.921  8.429  9.824 11.377 12.582 14.018 
 0.084  1.429  2.944  4.314  5.786  7.151  8.685  9.892 11.380 12.875 14.328 
 0.129  1.365  2.795  4.300  5.701  7.070  8.662  9.756 11.386 12.781 14.181 
 0.085  1.487  2.621  4.147  5.566  7.088  8.322  9.649 11.278 12.650 13.904 
-0.113  1.507  2.856  4.127  5.725  7.016  8.472  9.855 11.090 12.604 14.185 
-0.119  1.484  2.938  4.268  5.620  7.056  8.464  9.948 11.141 12.718 14.195 
-0.054  1.513  2.864  4.327  5.400  7.264  8.345 10.086 11.400 12.813 14.030 
 0.124  1.524  2.727  4.270  5.603  7.199  8.555  9.808 11.176 12.746 14.019 
-0.125  1.397  2.857  4.261  5.444  7.127  8.487  9.772 11.350 12.717 14.246 
 0.109  1.357  2.776  4.157  5.765  6.926  8.560  9.983 11.340 12.596 14.210 
-0.064  1.379  2.735  4.333  5.707  7.158  8.407  9.768 11.307 12.812 14.388 
-0.146  1.508  2.700  4.233  5.599  7.067  8.436 10.024 11.333 12.623 14.033 
-0.021  1.303  2.890  4.204  5.755  6.925  8.467 10.089 11.212 12.675 14.267 
 0.058  1.295  2.794  4.094  5.559  7.124  8.440 10.018 11.395 12.856 14.153 
 0.102  1.236  2.795  4.316  5.606  7.054  8.220 10.095 11.429 12.762 14.192 
-0.095  1.550  2.983  4.277  5.600  7.135  8.491 10.016 11.352 12.719 13.989 
 0.029  1.519  2.879  4.357  5.743  7.061  8.373  9.852 11.301 12.705 14.165 
 0.017  1.455  2.875  4.313  5.740  6.932  8.656  9.845 11.563 12.639 13.980 
 0.101  1.462  3.033  4.352  5.677  7.120  8.383  9.716 11.410 12.751 14.232 
-0.110  1.311  2.645  4.327  5.625  7.297  8.623  9.809 11.287 12.871 14.124 
-0.093  1.468  2.576  4.207  5.580  7.182  8.460 10.056 11.363 12.630 14.200 
 0.101  1.370  2.674  4.267  5.679  7.017  8.423  9.713 11.238 12.837 14.006 
-0.086  1.576  2.676  4.187  5.753  6.950  8.527  9.837 11.414 12.647 13.959 
 0.007  1.614  2.795  4.279  5.673  7.162  8.530  9.943 11.314 12.792 14.038 
 0.068  1.413  2.984  4.306  5.611  7.173  8.441  9.931 11.450 12.651 14.193 
-0.014  1.425  2.752  4.203  5.537  7.058  8.513  9.809 11.375 12.705 14.137 
-0.196  1.513  2.766  4.209  5.476  6.853  8.486  9.996 11.221 12.902 14.278 
-0.087  1.451  2.867  4.143  5.704  7.072  8.251  9.892 11.267 12.813 14.093 
-0.061  1.248  2.934  4.090  5.513  7.086  8.640  9.855 11.227 12.714 14.021 
 0.012  1.441  2.857  3.989  5.535  6.914  8.685 10.018 11.259 12.678 14.213 
 0.008  1.535  2.780  4.138  5.759  7.185  8.389 10.025 11.256 12.762 14.153 
 0.032  1.473  2.758  4.176  5.651  7.196  8.456  9.784 11.345 12.796 14.170 
-0.133  1.540  2.824  4.230  5.760  6.952  8.285  9.884 11.369 12.667 14.346 
-0.310  1.403  2.787  4.301  5.545  7.089  8.421  9.799 11.049 12.719 14.288 
-0.027  1.624  2.869  4.230  5.621  7.109  8.676  9.851 11.287 12.811 14.095 
 0.006  1.387  2.942  4.257  5.833  7.007  8.454  9.859 11.439 12.726 14.112 
 0.053  1.455  2.800  4.272  5.753  7.137  8.430  9.909 11.248 12.583 14.095 
 0.153  1.451  2.871  4.414  5.632  6.998  8.408  9.877 11.406 12.720 14.250 
 0.004  1.222  2.808  4.177  5.746  7.140  8.463  9.771 11.248 13.057 14.170 
-0.077  1.559  2.888  4.341  5.638  7.196  8.481  9.844 11.262 12.746 14.162 
-0.013  1.260  2.878  4.339  5.682  6.961  8.606  9.955 11.281 12.707 14.057 
 0.047  1.360  2.793  4.273  5.826  7.012  8.300 10.019 11.469 12.737 14.229 
 0.029  1.216  2.794  4.146  5.660  7.197  8.401  9.895 11.273 12.612 14.198 
-0.106  1.516  2.736  4.175  5.630  7.241  8.399  9.986 11.368 12.720 14.051 
-0.088  1.392  2.887  4.411  5.691  7.151  8.409  9.936 11.364 12.820 14.283 
 0.150  1.221  2.735  4.320  5.735  7.049  8.481  9.991 11.256 12.811 14.189 
-0.048  1.424  3.037  4.300  5.617  7.131  8.587  9.829 11.282 12.687 14.055 
 0.004  1.463  2.952  4.096  5.618  7.159  8.302  9.849 11.353 12.659 14.043 
 0.099  1.619  2.896  4.342  5.700  7.024  8.547  9.827 11.450 12.958 13.921 
-0.076  1.359  2.742  4.279  5.555  6.912  8.435  9.819 11.064 12.642 14.077 
 0.064  1.389  2.992  4.217  5.768  6.971  8.325  9.931 11.151 12.604 14.292 
-0.075  1.355  2.810  4.055  5.767  7.047  8.321  9.745 11.360 12.579 14.245 
 0.078  1.409  2.989  4.236  5.634  7.139  8.560  9.853 11.189 12.738 14.104 
-0.102  1.340  2.893  4.311  5.572  7.041  8.437 10.038 11.195 12.668 14.060 
-0.135  1.452  2.880  4.359  5.666  7.071  8.330  9.915 11.409 12.745 14.275 
-0.131  1.429  2.795  4.226  5.608  7.157  8.556 10.010 11.340 12.749 14.146 
-0.023  1.567  2.876  4.232  5.616  7.114  8.563  9.899 11.321 12.671 14.154 
-0.073  1.476  2.728  4.271  5.534  7.120  8.576  9.995 11.380 12.674 14.123 
 0.011  1.319  2.857  4.319  5.665  7.004  8.368  9.802 11.232 12.686 14.085 
-0.107  1.336  2.768  4.196  5.664  7.182  8.583  9.793 11.360 12.766 14.111 
 0.069  1.324  2.915  4.400  5.538  7.117  8.408 10.033 11.092 12.629 14.101 
 0.018  1.348  2.791  4.152  5.768  7.013  8.293  9.893 11.169 12.720 14.231 
 0.102  1.398  2.804  4.154  5.753  6.965  8.414 10.050 11.325 12.709 14.190 
-0.122  1.332  2.866  4.217  5.542  7.013  8.433  9.856 11.365 12.812 14.200 
-0.092  1.347  2.803  4.286  5.715  7.132  8.470 10.038 11.283 12.615 14.007 
 0.094  1.392  2.720  4.226  5.866  6.924  8.664  9.922 11.408 12.569 14.141 
 0.073  1.501  2.916  4.281  5.731  6.923  8.503  9.964 11.274 12.670 14.137 
-0.108  1.564  2.994  4.153  5.525  7.090  8.364  9.942 11.321 12.849 14.011 
-0.000  1.494  2.817  4.306  5.591  7.102  8.492  9.926 11.342 12.590 14.091 
-0.121  1.505  2.909  4.303  5.739  7.075  8.520  9.873 11.226 12.945 14.303 
-0.073  1.350  2.997  4.248  5.765  7.042  8.481  9.941 11.461 12.468 13.958 
 0.037  1.351  2.873  4.147  5.525  6.857  8.526  9.722 11.222 12.776 14.182 
 0.030  1.318  2.641  4.255  5.610  6.935  8.550  9.818 11.359 12.702 14.007 
-0.044  1.410  2.992  4.115  5.706  7.283  8.764  9.842 11.522 12.775 14.137 
 0.007  1.372  2.807  4.125  5.908  7.111  8.217 10.024 11.430 12.773 14.020 
 0.059  1.345  2.854  4.322  5.770  7.120  8.517  9.960 11.319 12.834 14.371 
 0.106  1.413  2.720  4.249  5.798  7.086  8.314  9.917 11.236 12.606 14.109 
 0.016  1.504  2.882  4.255  5.618  7.325  8.361  9.854 11.179 12.764 14.281 
 0.108  1.504  2.801  4.212  5.626  6.963  8.438  9.855 11.482 12.613 14.047 
 0.062  1.361  2.710  4.254  5.553  7.083  8.382  9.966 11.433 12.589 14.028 
-0.024  1.393  2.862  4.251  5.600  7.062  8.721  9.981 11.272 12.763 14.097 
-0.180  1.229  2.959  4.095  5.612  7.046  8.283 10.096 11.307 12.684 13.972 
-0.105  1.539  2.706  4.069  5.662  6.978  8.675  9.627 11.372 12.756 14.137 
-0.042  1.391  2.967  4.182  5.713  7.102  8.477  9.897 11.166 12.548 14.088 
 0.020  1.711  2.834  4.282  5.526  7.109  8.463  9.982 11.080 12.614 14.149 
 0.051  1.411  2.811  4.356  5.844  7.152  8.408  9.941 11.259 12.750 14.069 
-0.117  1.494  2.874  4.457  5.742  7.101  8.692  9.802 11.333 12.741 14.187 
 0.027  1.627  2.753  4.301  5.739  6.992  8.438  9.890 11.349 12.683 14.191 
 0.070  1.411  3.031  4.191  5.700  7.140  8.633  9.833 11.433 12.659 14.072 
-0.189  1.332  2.911  4.240  5.853  7.172  8.414  9.690 11.253 12.878 14.111 
 0.064  1.350  2.805  4.233  5.757  6.883  8.549  9.748 11.462 12.643 14.049 
 0.007  1.301  2.839  4.324  5.535  7.024  8.417  9.868 11.277 12.876 14.155 
-0.009  1.491  2.808  4.160  5.773  6.949  8.403  9.784 11.327 12.705 14.152 
 0.053  1.507  2.832  4.430  5.611  6.968  8.410  9.933 11.242 12.733 14.126 
-0.171  1.335  2.787  4.285  5.719  6.891  8.553  9.978 11.129 12.883 14.285 
-0.030  1.406  2.875  4.270  5.771  7.062  8.327  9.832 11.338 12.610 14.024 
 0.098  1.298  2.866  4.264  5.569  7.112  8.458  9.936 11.370 12.637 14.286 
 0.074  1.618  2.806  4.191  5.687  7.077  8.460  9.745 11.196 12.693 14.060 
 0.015  1.200  2.797  4.241  5.533  7.027  8.688  9.882 11.158 12.632 14.157 
 0.075  1.492  2.946  4.311  5.728  6.972  8.455  9.825 11.340 12.605 14.226 
 0.018  1.416  2.705  4.317  5.882  7.055  8.401  9.946 11.348 12.823 14.134 
-0.023  1.521  2.689  4.375  5.734  6.966  8.455 10.147 11.278 12.786 14.110 
-0.039  1.403  2.640  4.315  5.726  6.941  8.256  9.865 11.241 12.648 14.094 
 0.037  1.389  2.864  4.329  5.630  7.087  8.429  9.848 11.248 12.793 14.111 
 0.021  1.237  2.921  4.225  5.945  7.107  8.455  9.849 11.466 12.771 14.104 
 0.164  1.417  2.952  4.199  5.767  6.925  8.469 10.037 11.207 12.570 14.212 
-0.034  1.563  2.847  4.281  5.512  7.306  8.546  9.861 11.248 12.812 14.101 
-0.017  1.459  2.936  4.101  5.673  7.026  8.425  9.839 11.146 12.764 14.263 
-0.020  1.394  2.804  4.026  5.683  6.960  8.517  9.930 11.300 12.783 14.305 
-0.029  1.316  3.009  4.214  5.777  7.103  8.474  9.782 11.262 12.752 14.329 
 0.182  1.396  2.803  4.239  5.721  7.123  8.660 10.026 11.242 12.767 14.088 
 0.023  1.249  2.738  4.313  5.618  6.971  8.523  9.886 11.070 12.815 14.119 
-0.228  1.409  2.915  4.094  5.663  6.932  8.514  9.760 11.227 12.749 14.163 
-0.155  1.311  2.696  4.123  5.904  7.084  8.419  9.774 11.331 12.884 14.328 
 0.005  1.351  2.864  4.277  5.802  6.959  8.559  9.842 11.291 12.798 14.243 
-0.121  1.430  2.780  4.235  5.809  7.081  8.428 10.042 11.223 12.623 14.249 
 0.048  1.380  2.815  4.173  5.768  7.025  8.370  9.792 11.317 12.812 14.050 
-0.118  1.219  2.803  4.138  5.670  7.001  8.277  9.871 11.456 12.870 14.215 
 0.132  1.443  2.838  4.215  5.640  6.951  8.662  9.971 11.187 12.795 14.108 
 0.023  1.434  2.879  4.203  5.644  6.882  8.577  9.768 11.218 12.776 14.196 
-0.197  1.508  2.554  4.213  5.593  7.258  8.518  9.861 11.419 12.744 14.164 
-0.052  1.390  2.889  4.117  5.724  7.031  8.424  9.887 11.188 12.694 14.300 
-0.050  1.422  2.687  4.200  5.697  7.081  8.657  9.883 11.361 12.781 14.050 
-0.139  1.433  2.822  4.519  5.666  7.223  8.479  9.833 11.358 12.758 14.040 
 0.069  1.396  2.692  4.269  5.711  7.169  8.538  9.796 11.359 12.603 14.228 
 0.104  1.303  2.793  4.384  5.507  6.984  8.601 10.015 11.384 12.615 14.214 
 0.059  1.471  2.828  4.248  5.526  7.016  8.438 10.040 11.257 12.711 14.114 
 0.064  1.551  3.007  4.202  5.661  7.061  8.507  9.920 11.316 12.644 14.140 
-0.107  1.604  2.704  4.300  5.519  7.119  8.295  9.989 11.294 12.738 14.178 
 0.040  1.347  2.884  4.328  5.630  6.927  8.622 10.127 11.392 12.921 14.152 
 0.055  1.413  2.731  4.228  5.666  7.043  8.420  9.884 11.514 12.721 14.167 
-0.033  1.345  2.919  4.242  5.571  7.166  8.580  9.871 11.265 12.724 14.093 
-0.053  1.407  2.943  4.336  5.655  7.207  8.382  9.905 11.271 12.783 14.156 
-0.072  1.327  2.758  4.175  5.720  7.167  8.442  9.994 11.452 12.703 14.268 
 0.085  1.370  2.838  4.120  5.649  7.261  8.421 10.098 11.317 12.588 14.382 
 0.199  1.517  2.834  4.173  5.686  6.878  8.476  9.788 11.496 12.742 14.100 
 0.163  1.532  2.855  4.131  5.825  6.984  8.547  9.884 11.410 12.693 14.081 
-0.068  1.515  2.769  4.303  5.671  7.191  8.676  9.833 11.378 12.556 14.144 
 0.062  1.388  2.779  4.228  5.920  7.048  8.440  9.843 11.308 12.646 14.319 
-0.020  1.578  2.676  4.364  5.751  7.105  8.601  9.883 11.282 12.610 14.087 
 0.086  1.499  3.004  4.217  5.767  7.033  8.500  9.875 11.401 12.849 14.168 
 0.028  1.350  2.941  4.489  5.619  7.182  8.539  9.870 11.453 12.677 14.130 
 0.137  1.484  2.942  4.172  5.883  7.257  8.505  9.969 11.294 12.790 14.108 
-0.094  1.557  2.897  4.262  5.602  7.191  8.772  9.966 11.249 12.729 14.155 
 0.019  1.474  2.799  4.220  5.694  7.023  8.573  9.809 11.459 12.682 13.937 
-0.045  1.417  2.827  4.254  5.700  7.056  8.361  9.955 11.450 12.652 14.204 
 0.111  1.447  2.854  4.337  5.677  7.203  8.420  9.811 11.125 12.716 14.188 
 0.221  1.431  2.892  4.213  5.642  7.165  8.510  9.931 11.410 12.593 14.080 
-0.007  1.573  2.829  4.259  5.646  7.127  8.578 10.154 11.299 12.773 14.012 
 0.046  1.566  2.765  4.067  5.634  7.040  8.641  9.919 11.357 12.581 13.968 
-0.130  1.209  2.928  4.220  5.676  7.024  8.470  9.951 11.318 12.657 14.101 
 0.123  1.464  2.801  4.326  5.624  7.122  8.395  9.940 11.474 12.689 13.923 
-0.079  1.378  2.811  4.287  5.833  7.098  8.583  9.935 11.160 12.683 14.178 
-0.033  1.315  2.873  4.342  5.739  7.153  8.575  9.933 11.428 12.612 14.044 
-0.191  1.444  2.813  4.060  5.583  7.190  8.386  9.868 11.333 12.799 14.130 
-0.028  1.471  2.878  4.327  5.737  7.117  8.644 10.043 11.458 12.795 14.136 
-0.177  1.425  2.750  4.178  5.480  6.984  8.580  9.995 11.305 12.743 14.201 
 0.012  1.481  2.729  4.114  5.569  6.972  8.700  9.738 11.436 12.612 14.140 
-0.072  1.521  2.581  4.225  5.726  7.085  8.473  9.879 11.264 12.793 14.190 
 0.063  1.283  2.760  4.249  5.714  6.970  8.469  9.894 11.319 12.799 14.273 
 0.044  1.319  2.782  4.216  5.676  7.056  8.677  9.678 11.194 12.700 14.144 
-0.091  1.325  2.671  4.293  5.576  7.040  8.632  9.773 11.397 12.908 14.088 
 0.026  1.388  2.605  4.321  5.700  7.102  8.455  9.882 11.189 12.659 14.342 
 0.121  1.406  2.898  4.080  5.847  6.946  8.375  9.734 11.377 12.570 14.087 
 0.240  1.345  2.901  4.371  5.564  6.990  8.318  9.922 11.482 12.665 14.187 
-0.064  1.333  2.769  4.390  5.631  7.244  8.440  9.866 11.232 12.592 14.062 
 0.023  1.522  2.792  4.149  5.602  7.182  8.623  9.883 11.373 12.672 14.129 
-0.066  1.443  2.954  4.196  5.474  7.018  8.553 10.008 11.307 12.591 14.221 
 0.021  1.437  3.009  4.277  5.697  7.116  8.625  9.802 11.360 12.826 14.287 
-0.222  1.446  2.816  4.224  5.781  6.966  8.424  9.809 11.073 12.718 13.978 
-0.028  1.453  2.739  4.351  5.905  7.071  8.402  9.750 11.484 12.463 14.124 
-0.032  1.543  2.789  4.204  5.656  7.096  8.647  9.868 11.292 12.803 14.093 
 0.143  1.434  2.762  4.193  5.668  7.023  8.221  9.903 11.341 12.625 14.070 
 0.022  1.487  2.915  4.227  5.445  6.973  8.608  9.900 11.317 12.907 14.302 
 0.010  1.296  2.655  4.456  5.591  6.956  8.545  9.776 11.299 12.733 14.211 
 0.098  1.419  2.770  4.237  5.603  7.093  8.733  9.741 11.259 12.701 14.129 
-0.096  1.388  2.989  4.178  5.539  7.133  8.489  9.941 11.045 12.669 14.173 
 0.091  1.458  2.949  4.250  5.606  6.986  8.461  9.751 11.320 12.774 14.155 
 0.040  1.421  2.807  4.277  5.462  7.085  8.550  9.910 11.538 12.885 14.152 
 0.133  1.374  2.853  4.194  5.601  7.206  8.467 10.031 11.318 12.748 14.072 
 0.106  1.353  2.975  4.333  5.635  7.181  8.497  9.980 11.198 12.687 14.124 
 0.071  1.406  2.895  4.107  5.337  7.112  8.485  9.921 11.195 12.837 14.270 
 0.007  1.506  2.854  3.954  5.563  6.872  8.431  9.936 11.316 12.838 14.298 
 0.020  1.287  2.828  4.037  5.586  7.177  8.311  9.930 11.495 12.808 13.931 
 0.065  1.341  2.904  4.126  5.856  6.956  8.691  9.778 11.428 12.679 14.039 
 0.200  1.241  2.850  4.247  5.609  7.086  8.562  9.698 11.226 12.849 14.318 
 0.208  1.456  2.808  4.092  5.481  6.927  8.645  9.788 11.212 12.599 14.236 
 0.047  1.488  2.840  4.246  5.744  7.165  8.445  9.809 11.378 12.723 14.167 
-0.067  1.367  2.793  4.196  5.698  7.118  8.345  9.863 11.327 12.725 14.171 
 0.125  1.479  2.935  4.446  5.602  7.222  8.590  9.788 11.404 12.539 14.170 
-0.027  1.533  2.822  4.350  5.680  6.986  8.575  9.927 11.090 12.762 14.126 
-0.093  1.346  2.757  4.004  5.675  6.992  8.363 10.015 11.375 12.792 14.166 
 0.033  1.426  2.847  4.475  5.471  7.123  8.422  9.979 11.384 12.684 14.006 
-0.009  1.310  3.009  4.262  5.602  7.058  8.357  9.783 11.490 12.730 14.076 
-0.017  1.420  2.591  4.063  5.439  7.079  8.550  9.970 11.228 12.646 14.130 
 0.015  1.509  2.818  4.295  5.700  6.922  8.388 10.067 11.411 12.713 14.124 
-0.042  1.431  2.803  4.212  5.720  7.213  8.419  9.944 11.470 12.832 14.265 
 0.031  1.276  2.794  4.288  5.777  7.076  8.596  9.879 11.328 12.589 14.217 
 0.069  1.348  2.919  4.229  5.769  7.188  8.444 10.019 11.385 12.870 14.003 
-0.013  1.305  2.870  4.369  5.704  6.964  8.499  9.990 11.328 12.765 14.141 
 0.123  1.379  2.862  4.142  5.782  7.098  8.505  9.844 11.291 12.575 14.075 
 0.060  1.343  2.767  4.262  5.434  7.067  8.436 10.026 11.655 12.726 13.993 
-0.012  1.493  2.731  4.211  5.763  7.055  8.430  9.928 11.202 12.659 13.984 
-0.031  1.385  2.879  4.189  5.549  7.036  8.405  9.832 11.213 12.690 14.021 
-0.086  1.352  2.924  4.231  5.753  7.013  8.394 10.006 11.288 12.588 14.017 
-0.028  1.401  2.853  4.272  5.684  7.027  8.552  9.817 11.351 12.589 14.072 
-0.080  1.312  2.786  4.389  5.669  6.871  8.540 10.002 11.248 12.733 14.155 
 0.121  1.388  2.716  4.390  5.681  7.127  8.398  9.872 11.578 12.705 14.134 
-0.041  1.252  2.734  4.154  5.798  7.087  8.404  9.825 11.363 12.770 14.047 
 0.003  1.624  2.804  4.262  5.633  6.843  8.639  9.924 11.308 12.673 14.089 
-0.083  1.359  2.936  4.373  5.715  7.225  8.776  9.943 11.331 12.798 14.074 
-0.073  1.481  2.786  4.461  5.531  7.183  8.306  9.881 11.166 12.628 14.188 
 0.106  1.470  2.828  4.139  5.617  7.016  8.451  9.843 11.241 12.967 14.090 
-0.052  1.554  2.765  4.044  5.669  7.211  8.525  9.961 11.206 12.851 14.237 
 0.129  1.349  2.768  4.276  5.753  7.132  8.576  9.859 11.230 12.803 14.141 
 0.079  1.612  2.841  4.223  5.524  7.123  8.457  9.809 11.250 12.833 14.144 
-0.065  1.461  2.861  4.232  5.759  7.039  8.528  9.752 11.376 12.634 14.218 
-0.031  1.311  2.728  4.285  5.646  6.908  8.524 10.025 11.161 12.705 14.116 
-0.018  1.546  2.928  4.096  5.585  7.125  8.463 10.002 11.145 12.685 14.199 
-0.065  1.384  2.679  4.255  5.530  6.867  8.464  9.895 11.238 12.754 14.178 
 0.147  1.369  2.810  4.271  5.762  7.043  8.650  9.802 11.341 12.760 14.073 
 0.086  1.553  2.792  4.288  5.544  6.929  8.370  9.825 11.239 12.756 14.286 
-0.088  1.303  2.707  4.271  5.648  7.228  8.668  9.765 11.203 12.754 14.186 
-0.014  1.321  2.924  4.174  5.714  7.234  8.606 10.038 11.191 12.602 14.292 
-0.060  1.472  2.732  4.265  5.699  7.019  8.518  9.785 11.349 12.707 14.005 
-0.141  1.454  2.926  4.286  5.658  7.111  8.328  9.940 11.492 12.618 13.954 
-0.046  1.387  2.787  4.396  5.723  7.190  8.615  9.729 11.356 12.736 14.131 
 0.179  1.360  2.979  4.265  5.621  6.935  8.407 10.136 11.132 12.634 14.198 
 0.118  1.413  2.900  4.216  5.674  7.089  8.449  9.904 11.371 12.689 14.101 
-0.161  1.550  3.084  3.999  5.728  7.107  8.568  9.883 11.196 12.862 14.148 
 0.061  1.255  2.871  4.318  5.711  7.269  8.485 10.067 11.351 12.788 14.095 
-0.010  1.505  2.822  4.216  5.733  7.109  8.460  9.855 11.339 12.785 14.154 
-0.138  1.407  2.825  4.139  5.382  7.122  8.436 10.114 11.411 12.697 14.030 
 0.043  1.514  2.845  4.287  5.875  7.184  8.394  9.914 11.361 12.659 14.198 
 0.038  1.474  2.737  4.121  5.677  7.107  8.374  9.927 11.354 12.699 14.150 
-0.075  1.431  2.804  4.122  5.503  7.050  8.530  9.836 11.349 12.650 14.487 
-0.177  1.275  2.848  4.059  5.680  7.104  8.328  9.803 11.297 12.791 14.203 
-0.003  1.399  3.003  4.166  5.591  6.942  8.325 10.006 11.035 12.749 14.063 
-0.090  1.282  2.767  4.202  5.844  7.175  8.385  9.846 11.322 12.866 14.214 
 0.101  1.272  2.863  4.290  5.661  7.002  8.421  9.872 11.344 12.702 14.101 
-0.008  1.440  2.744  4.115  5.448  7.006  8.524  9.848 11.321 12.720 14.112 
-0.160  1.271  2.906  4.159  5.712  7.087  8.519  9.913 11.389 12.781 14.216 
-0.205  1.385  2.938  4.426  5.654  7.049  8.395  9.959 11.544 12.723 14.029 
 0.038  1.437  2.926  4.154  5.733  6.932  8.480 10.082 11.366 12.698 14.142 
-0.069  1.538  2.675  4.280  5.769  6.963  8.623  9.799 11.262 12.462 14.153 
 0.233  1.360  2.818  4.201  5.811  7.020  8.513 10.002 11.357 12.679 14.160 
-0.063  1.436  2.838  4.142  5.695  7.125  8.517  9.739 11.202 12.662 14.298 
 0.062  1.464  2.718  4.293  5.647  7.184  8.309 10.034 11.212 12.797 14.059 
 0.023  1.467  3.033  4.205  5.580  7.007  8.469  9.854 11.379 12.740 14.170 
 0.082  1.380  2.930  4.099  5.734  7.077  8.495  9.952 11.159 12.704 14.192 
 0.165  1.413  2.766  4.411  5.668  6.885  8.404  9.827 11.182 12.561 13.995 
-0.065  1.395  2.825  4.230  5.683  7.132  8.683 10.034 11.353 12.573 14.173 
-0.031  1.415  2.931  4.230  5.772  7.099  8.476  9.984 11.321 12.751 14.239 
-0.141  1.421  2.872  4.273  5.715  7.036  8.549  9.859 11.237 12.658 14.062 
 0.078  1.481  2.946  4.026  5.625  7.126  8.533  9.697 11.211 12.746 14.384 
-0.104  1.416  2.937  4.207  5.566  7.197  8.345 10.122 11.183 12.814 14.076 
 0.002  1.436  2.913  4.246  5.635  7.337  8.428  9.931 11.202 12.757 14.065 
 0.030  1.605  2.860  4.092  5.718  7.048  8.484  9.753 11.402 12.646 14.145 
-0.062  1.388  2.923  4.397  5.704  7.026  8.304  9.776 11.161 12.764 14.257 
-0.189  1.374  3.002  4.442  5.692  6.981  8.358  9.855 11.477 12.774 14.173 
-0.028  1.401  2.848  4.343  5.694  7.007  8.537  9.792 11.241 12.895 14.180 
 0.005  1.335  2.946  4.174  5.673  7.053  8.544  9.781 11.528 12.681 13.930 
-0.160  1.297  2.767  4.311  5.747  7.175  8.374  9.998 11.328 12.722 14.172 
 0.021  1.649  2.798  4.125  5.794  7.083  8.558  9.955 11.415 12.649 14.188 
-0.003  1.394  2.793  4.054  5.706  7.059  8.432  9.889 11.388 12.818 14.090 
-0.049  1.450  2.828  4.132  5.694  6.936  8.708  9.732 11.165 12.694 14.155 
 0.097  1.349  2.782  4.176  5.532  7.187  8.472 10.083 11.383 12.814 14.170 
-0.099  1.329  2.788  4.099  5.682  7.096  8.443  9.774 11.282 12.705 14.151 
 0.091  1.517  2.831  4.330  5.633  7.062  8.322  9.899 11.333 12.743 13.998 
-0.147  1.342  2.702  4.164  5.545  6.977  8.428  9.898 11.361 12.799 14.244 
-0.053  1.664  2.866  4.296  5.633  7.075  8.514  9.867 11.250 12.817 14.142 
 0.040  1.366  2.832  4.328  5.509  7.052  8.501  9.733 11.253 12.580 13.997 
 0.128  1.392  2.948  4.223  5.594  7.004  8.410  9.757 11.285 12.801 14.075 
-0.028  1.105  2.836  4.154  5.662  6.982  8.504  9.894 11.421 12.717 14.170 
 0.156  1.603  2.898  4.151  5.650  7.097  8.387  9.854 11.332 12.566 14.239 
 0.104  1.522  2.792  4.155  5.647  7.146  8.525  9.976 11.368 12.779 14.348 
 0.126  1.317  2.770  4.214  5.632  6.978  8.418  9.883 11.364 12.937 14.068 
-0.115  1.454  2.868  4.374  5.668  7.186  8.571  9.917 11.325 12.620 14.036 
 0.048  1.373  2.884  4.236  5.702  7.008  8.497  9.961 11.198 12.766 14.132 
 0.085  1.391  2.833  4.374  5.941  7.046  8.253 10.043 11.305 12.601 14.151 
