 9.989  9.092  8.253  7.566  7.291  7.007  7.131  7.550  8.222  9.045 10.040 
10.027  9.051  8.172  7.437  7.132  7.027  7.255  7.627  8.250  9.094 10.020 
 9.829  9.066  8.430  7.646  7.288  6.944  7.072  7.901  8.135  9.023  9.980 
 9.901  8.952  8.290  7.512  7.212  7.087  7.241  7.433  8.346  8.927  9.881 
10.062  8.992  8.377  7.625  7.237  7.026  7.327  7.662  8.034  9.140  9.987 
10.011  9.069  8.308  7.587  7.162  6.826  7.089  7.533  8.232  9.063  9.990 
 9.875  9.162  8.215  7.516  7.162  7.094  7.142  7.528  8.268  9.017  9.968 
10.126  8.907  8.234  7.451  7.191  6.885  7.223  7.648  8.248  9.016  9.901 
 9.898  9.128  8.131  7.715  7.175  6.986  7.196  7.544  8.174  8.866  9.904 
10.059  9.016  8.074  7.629  7.167  6.981  7.254  7.552  8.352  8.922 10.124 
10.183  8.998  8.382  7.466  7.337  7.128  7.193  7.799  8.477  9.031 10.126 
10.071  9.123  8.166  7.796  7.227  7.276  7.145  7.543  8.234  8.922 10.157 
 9.908  9.079  8.155  7.859  7.156  6.992  7.202  7.673  8.134  9.072 10.116 
10.068  9.299  8.238  7.607  7.280  7.008  7.006  7.554  8.493  9.336 10.164 
 9.971  9.089  8.232  7.451  7.251  6.891  7.308  7.598  8.132  8.952  9.976 
 9.978  8.951  8.173  7.597  7.171  7.082  7.206  7.491  8.409  9.131  9.933 
 9.898  9.137  8.333  7.738  7.374  7.068  7.223  7.380  8.434  8.870 10.043 
 9.996  9.118  8.440  7.510  7.338  7.138  7.306  7.830  8.397  9.034 10.096 
 9.932  9.121  8.229  7.715  7.380  6.954  7.153  7.643  7.991  9.120  9.834 
 9.868  9.023  8.281  7.528  7.367  7.126  7.269  7.544  8.237  9.174 10.053 
 9.970  8.934  8.355  7.550  7.137  7.013  7.119  7.669  8.228  8.928  9.978 
 9.970  9.032  8.370  7.613  7.315  7.150  7.050  7.638  8.204  9.077  9.812 
 9.815  9.112  8.489  7.583  7.188  7.087  7.252  7.621  8.218  9.169  9.972 
 9.964  9.131  8.257  7.592  7.204  6.938  7.318  7.746  8.242  8.939 10.103 
 9.949  9.129  8.182  7.523  7.202  6.914  7.345  7.741  8.315  9.127 10.056 
10.006  9.051  8.110  7.579  7.001  7.129  7.013  7.637  8.260  9.103  9.899 
10.002  9.002  8.283  7.793  7.236  7.090  7.189  7.458  8.183  9.174  9.941 
 9.904  9.101  8.131  7.744  7.137  7.105  7.079  7.591  8.181  9.070  9.867 
 9.803  8.999  8.167  7.669  7.186  6.983  7.263  7.711  8.232  9.026  9.975 
10.065  9.007  8.356  7.403  7.284  7.020  7.246  7.755  8.157  9.168 10.077 
10.000  8.952  8.337  7.499  7.383  7.096  7.068  7.437  8.349  9.163 10.020 
10.072  9.223  8.114  7.813  7.286  7.050  7.240  7.590  8.225  9.177  9.973 
10.118  9.089  8.103  7.657  7.391  7.061  7.248  7.826  8.258  9.107 10.045 
 9.949  9.072  8.301  7.700  7.234  6.917  7.309  7.464  8.178  9.226 10.096 
 9.962  9.328  8.311  7.650  7.345  7.031  7.262  7.492  8.178  9.015 10.068 
 9.954  9.084  8.239  7.712  7.106  7.194  7.273  7.711  8.180  9.098 10.097 
 9.907  9.025  8.476  7.661  7.058  7.156  7.289  7.713  8.206  9.075  9.921 
10.110  9.064  8.267  7.695  7.294  7.274  7.162  7.635  8.131  9.041 10.159 
 9.968  8.863  8.255  7.647  7.054  7.074  7.246  7.625  8.433  9.022  9.867 
10.081  9.070  8.345  7.592  7.314  7.012  7.094  7.567  8.279  8.999 10.162 
 9.912  9.024  8.221  7.597  7.376  7.095  7.260  7.562  8.230  9.112 10.108 
 9.983  9.062  8.209  7.641  7.295  7.044  7.105  7.733  8.086  8.984  9.998 
10.156  9.013  8.197  7.669  6.917  7.057  7.202  7.689  8.143  9.203 10.017 
 9.904  9.102  8.319  7.670  7.327  7.192  7.309  7.556  8.255  9.197  9.868 
 9.970  9.113  8.080  7.596  7.355  7.090  7.192  7.524  8.317  8.978  9.957 
10.066  9.003  8.215  7.695  7.216  7.150  7.319  7.532  8.259  9.021 10.283 
10.031  8.990  8.176  7.542  7.124  7.060  7.330  7.730  8.228  9.265 10.157 
10.048  9.160  8.420  7.557  7.165  7.363  7.276  7.614  8.289  9.278  9.963 
 9.974  9.001  8.251  7.757  7.355  7.133  7.258  7.533  8.472  9.057 10.013 
10.106  9.232  8.181  7.878  7.174  7.121  7.072  7.695  8.261  8.941 10.153 
10.073  9.019  8.176  7.653  7.283  7.034  7.137  7.567  8.106  9.091  9.950 
10.027  9.040  8.280  7.592  7.231  7.238  7.380  7.731  8.032  9.054 10.042 
 9.951  9.178  8.141  7.460  7.280  7.077  7.169  7.550  8.214  8.910  9.932 
 9.742  8.965  8.312  7.763  7.162  7.028  7.127  7.552  8.332  8.990 10.079 
 9.825  9.180  8.410  7.530  7.284  7.141  7.174  7.635  8.256  8.770  9.999 
10.124  8.801  8.221  7.636  7.265  7.113  7.114  7.567  8.181  8.912  9.985 
10.005  9.086  8.603  7.627  7.240  7.085  7.148  7.575  8.165  8.941 10.091 
 9.930  9.030  8.316  7.488  7.175  6.914  7.308  7.679  8.193  9.134  9.929 
 9.963  9.257  8.414  7.471  7.258  7.088  7.318  7.429  8.186  9.021 10.202 
 9.847  9.095  8.240  7.605  7.205  7.221  7.155  7.697  8.354  8.871  9.924 
 9.923  9.083  8.203  7.555  7.189  7.121  7.128  7.491  8.205  9.116 10.025 
 9.954  8.954  8.370  7.696  7.188  7.113  7.137  7.759  8.407  9.192  9.990 
10.149  8.924  8.185  7.530  7.263  6.993  7.227  7.693  8.145  9.026  9.972 
 9.753  9.057  8.382  7.684  7.174  7.331  7.286  7.548  8.234  9.073 10.010 
 9.919  8.991  8.361  7.706  7.262  7.025  7.133  7.573  8.316  9.218  9.994 
10.036  8.941  8.233  7.515  7.322  7.141  7.275  7.711  8.166  8.916 10.065 
10.089  9.025  8.249  7.549  7.244  7.092  7.277  7.703  8.245  9.178 10.102 
 9.929  9.039  8.300  7.603  7.335  7.209  7.210  7.689  8.151  8.940 10.074 
 9.963  8.994  8.134  7.642  7.221  7.154  7.205  7.638  8.352  9.040  9.953 
10.008  9.237  8.298  7.546  7.183  7.095  7.243  7.631  8.335  8.912 10.111 
 9.832  9.142  8.322  7.577  7.096  6.958  7.290  7.615  8.131  9.069 10.014 
10.034  9.026  8.338  7.577  7.286  7.067  7.134  7.767  8.222  8.884  9.999 
 9.893  8.973  8.323  7.521  7.241  6.974  7.301  7.693  8.239  9.124 10.064 
10.057  9.069  8.220  7.629  7.288  7.192  7.174  7.647  8.259  8.965 10.102 
 9.967  9.193  8.318  7.641  7.147  7.138  7.364  7.603  8.399  9.187  9.875 
10.051  8.889  8.295  7.494  7.097  6.956  7.162  7.554  8.209  8.960  9.876 
10.071  9.075  8.187  7.778  7.289  7.155  7.321  7.700  8.502  8.947  9.959 
10.015  8.940  8.350  7.627  7.338  7.121  7.202  7.644  8.233  8.799 10.073 
 9.961  8.980  8.216  7.742  7.176  7.004  7.134  7.539  8.163  9.237  9.966 
 9.878  8.935  8.318  7.682  7.095  7.002  7.405  7.525  8.125  9.039  9.761 
 9.851  9.170  8.164  7.654  7.259  7.156  7.075  7.698  8.265  9.161 10.107 
10.085  9.191  8.225  7.647  7.138  7.010  7.078  7.663  8.271  9.101  9.921 
10.167  9.066  8.324  7.575  7.106  7.112  7.106  7.512  8.375  9.002  9.984 
 9.900  9.177  8.177  7.613  7.066  7.119  7.302  7.633  8.241  8.976  9.946 
 9.868  9.090  8.261  7.759  7.259  6.997  7.123  7.565  8.331  9.040  9.852 
10.206  8.989  8.274  7.630  7.272  6.888  7.281  7.525  8.087  8.860 10.152 
10.036  8.850  8.250  7.698  7.141  7.085  7.265  7.690  8.195  8.950 10.098 
10.080  9.037  8.177  7.870  7.170  7.294  7.079  7.603  8.393  9.040 10.012 
 9.894  9.048  8.335  7.772  7.326  7.096  7.261  7.626  8.131  8.932 10.189 
 9.894  9.033  8.379  7.622  7.223  7.130  7.192  7.634  8.191  9.006  9.933 
 9.830  8.929  8.351  7.664  7.139  7.176  7.156  7.659  8.132  9.083  9.913 
 9.953  8.932  8.127  7.582  7.139  7.008  7.299  7.635  8.086  8.986 10.019 
10.009  9.033  8.237  7.664  7.275  7.053  7.231  7.401  8.200  9.033  9.869 
 9.996  9.162  8.169  7.560  7.444  7.036  7.321  7.769  8.222  9.247  9.884 
 9.882  8.894  8.319  7.572  7.118  7.200  7.202  7.846  8.358  9.020 10.124 
 9.897  8.988  8.113  7.741  7.333  7.249  7.228  7.500  8.124  8.995  9.884 
10.080  9.124  8.251  7.498  7.160  7.106  7.339  7.483  8.229  9.032 10.079 
 9.822  8.888  8.307  7.620  7.291  6.939  7.257  7.738  8.291  9.020  9.795 
10.069  9.053  8.481  7.621  7.256  7.107  7.341  7.464  8.150  9.094 10.115 
10.102  8.946  8.093  7.411  7.226  7.109  7.254  7.676  8.308  9.204 10.112 
10.034  9.056  8.377  7.645  7.249  7.038  7.357  7.684  8.171  9.045 10.105 
10.109  9.111  8.198  7.519  7.308  7.271  7.110  7.530  8.349  9.071  9.911 
10.049  9.046  8.244  7.547  7.236  6.915  7.287  7.641  8.260  9.200 10.019 
 9.839  9.014  8.226  7.735  7.089  7.030  7.193  7.620  8.249  9.084 10.032 
 9.972  9.031  8.123  7.589  7.145  7.122  7.240  7.508  8.294  9.213 10.062 
10.010  9.123  8.235  7.533  7.239  7.062  7.283  7.763  8.285  8.987  9.949 
10.008  9.081  8.289  7.540  7.326  7.035  7.067  7.642  8.150  8.955 10.120 
10.049  9.107  8.217  7.583  7.228  6.873  7.219  7.567  8.370  9.048  9.970 
 9.885  9.004  8.184  7.650  7.371  7.140  7.213  7.711  8.135  8.939 10.176 
 9.983  8.897  8.170  7.636  7.174  7.091  7.407  7.611  8.196  9.024 10.103 
10.227  9.007  8.061  7.720  7.173  7.081  7.187  7.539  8.267  8.897  9.974 
 9.893  9.050  8.092  7.770  7.182  7.122  7.166  7.713  8.262  9.023 10.039 
10.019  9.024  8.299  7.635  7.240  7.080  7.333  7.802  8.347  9.140 10.005 
10.058  9.205  8.419  7.705  7.164  6.928  7.372  7.640  8.298  9.136 10.054 
10.002  9.009  8.087  7.721  7.140  6.949  7.289  7.573  8.412  9.137 10.097 
 9.976  8.886  8.016  7.609  7.193  6.982  7.218  7.679  8.354  8.944 10.002 
 9.880  8.997  8.407  7.568  7.211  7.112  7.199  7.575  8.248  9.207 10.078 
 9.925  9.067  8.025  7.559  7.019  7.091  7.114  7.500  8.126  8.910  9.937 
 9.806  9.042  8.261  7.462  7.147  7.165  7.040  7.575  8.332  9.098  9.916 
10.007  9.141  8.168  7.652  7.356  7.053  7.100  7.579  8.164  9.008  9.905 
10.043  8.864  8.289  7.585  7.106  7.145  7.187  7.617  8.266  8.973  9.940 
 9.904  8.966  8.470  7.624  7.197  7.055  7.247  7.601  8.397  9.015  9.938 
10.161  9.061  8.227  7.562  7.299  6.924  7.329  7.600  8.257  9.070  9.964 
10.108  9.087  8.232  7.606  7.292  7.155  7.018  7.728  8.181  9.205  9.988 
 9.973  9.022  8.270  7.680  7.266  7.164  7.331  7.585  8.342  9.203 10.004 
 9.941  9.229  8.488  7.706  7.152  7.173  7.220  7.604  8.364  9.032  9.932 
10.091  9.030  8.228  7.583  7.221  7.175  7.310  7.549  8.043  9.076  9.970 
 9.892  8.970  8.205  7.671  7.359  7.150  7.156  7.578  8.206  8.942  9.949 
10.057  8.897  8.220  7.575  7.210  6.987  7.220  7.532  8.333  9.143 10.068 
10.089  9.188  8.185  7.521  7.435  7.136  7.181  7.602  8.207  8.982  9.996 
 9.907  9.051  8.331  7.528  7.164  7.150  7.221  7.683  8.384  9.094  9.947 
10.012  9.117  8.336  7.635  7.195  7.224  7.429  7.675  8.296  8.962 10.044 
10.033  8.986  8.375  7.625  7.129  7.092  7.127  7.675  8.260  8.841  9.865 
10.068  9.110  8.117  7.561  7.117  7.049  7.253  7.508  8.172  9.037 10.123 
 9.942  8.946  8.089  7.535  7.362  6.963  7.350  7.767  8.146  9.250  9.855 
 9.971  8.954  8.380  7.645  7.184  7.144  7.205  7.633  8.392  8.827  9.913 
 9.920  9.243  8.063  7.667  7.312  7.103  7.215  7.794  8.346  9.187  9.929 
10.039  9.261  8.241  7.745  7.278  7.015  7.310  7.614  8.183  8.874  9.968 
10.201  9.103  8.306  7.379  7.349  7.114  7.221  7.554  8.262  8.932  9.945 
 9.990  9.141  8.351  7.640  7.236  7.140  7.172  7.569  8.108  9.014  9.976 
10.059  9.107  8.120  7.538  7.263  7.157  7.295  7.641  8.361  8.993  9.946 
 9.962  9.057  8.463  7.548  7.132  7.004  7.040  7.591  8.276  9.049  9.849 
10.049  8.918  8.232  7.390  7.216  7.187  7.054  7.592  8.256  8.889  9.820 
 9.978  8.962  8.302  7.672  7.135  7.093  7.250  7.673  8.249  8.974  9.928 
 9.934  8.958  8.197  7.495  7.181  7.035  7.154  7.528  8.189  8.972  9.961 
10.095  9.304  8.343  7.404  7.047  7.303  7.094  7.657  8.141  8.933 10.028 
10.043  9.120  8.157  7.715  7.202  7.036  7.244  7.580  8.304  9.059 10.051 
10.143  9.149  8.306  7.643  7.054  7.000  7.144  7.594  8.181  8.919 10.133 
10.171  8.997  8.110  7.691  7.231  6.941  7.215  7.642  8.281  9.069 10.035 
10.107  9.033  8.181  7.698  7.247  6.965  7.082  7.457  8.320  8.893 10.111 
10.130  9.135  8.202  7.611  7.266  6.953  7.269  7.595  8.468  8.933  9.964 
 9.990  9.058  8.226  7.548  7.221  7.103  7.155  7.632  8.154  9.086 10.057 
10.118  8.933  7.966  7.607  7.195  7.313  7.329  7.766  8.240  8.960  9.929 
 9.991  8.995  8.490  7.705  7.150  7.086  7.201  7.614  8.249  9.014 10.132 
10.027  8.968  8.314  7.664  7.309  7.164  7.073  7.560  8.288  9.089 10.079 
10.052  9.062  8.254  7.603  7.032  7.064  7.117  7.689  8.131  9.080 10.026 
 9.956  9.081  8.358  7.655  7.149  7.161  7.345  7.611  8.347  8.869  9.945 
10.041  9.095  8.356  7.701  7.164  7.092  7.347  7.888  8.225  9.025 10.088 
 9.838  9.104  8.339  7.524  7.325  6.855  7.244  7.771  8.287  8.942 10.011 
10.060  9.059  8.265  7.612  7.309  7.057  7.215  7.546  8.043  8.993 10.068 
10.094  9.106  8.312  7.720  7.089  6.996  7.394  7.634  8.150  8.965  9.857 
10.042  9.102  8.118  7.578  7.267  7.137  7.277  7.577  8.322  9.101  9.832 
 9.997  8.990  8.315  7.562  7.203  7.101  7.246  7.586  8.230  8.951 10.032 
10.055  9.008  8.161  7.463  7.253  6.960  7.157  7.684  8.036  8.926  9.845 
 9.898  9.192  8.136  7.590  7.225  7.069  7.329  7.655  8.159  9.043  9.885 
10.139  9.240  8.103  7.572  7.350  7.167  7.132  7.600  8.387  9.080  9.963 
10.102  9.121  8.241  7.684  7.215  7.033  7.112  7.667  8.028  9.083 10.125 
 9.880  9.128  8.196  7.649  7.186  6.981  7.141  7.694  8.280  9.002  9.823 
10.070  8.988  8.203  7.517  7.224  7.183  7.226  7.468  8.258  9.149 10.243 
10.044  8.861  8.159  7.669  7.107  6.996  7.198  7.538  8.059  9.056 10.113 
10.013  8.968  8.458  7.731  7.220  7.021  7.269  7.556  8.377  9.035  9.926 
10.051  8.995  8.273  7.643  7.313  6.935  7.371  7.691  8.168  9.233 10.225 
 9.934  9.017  8.366  7.422  7.218  7.081  7.274  7.465  8.148  9.194  9.938 
 9.878  9.072  8.249  7.703  7.249  7.080  7.178  7.486  8.231  9.121  9.983 
10.172  9.032  8.234  7.708  7.051  7.124  7.234  7.789  8.323  9.009  9.986 
10.073  9.143  8.291  7.656  7.179  7.093  7.195  7.676  8.320  9.080 10.146 
10.062  9.037  8.265  7.583  7.147  7.045  7.235  7.459  8.169  9.060 10.099 
 9.857  9.027  8.211  7.496  7.129  7.054  7.224  7.699  8.331  8.991 10.035 
 9.883  8.935  8.093  7.665  7.117  7.095  7.336  7.654  8.129  8.964 10.008 
10.008  9.100  8.400  7.597  7.088  7.219  7.104  7.763  8.113  8.986  9.876 
 9.873  8.937  8.228  7.578  7.117  7.137  7.261  7.708  8.275  9.008  9.832 
10.041  9.017  8.232  7.640  7.265  7.095  7.355  7.611  8.139  8.852 10.185 
10.138  9.034  8.291  7.759  7.177  6.768  7.234  7.738  8.255  8.844 10.049 
10.073  9.086  8.162  7.698  7.351  7.210  7.166  7.644  8.216  8.969  9.956 
10.221  8.977  8.284  7.586  7.244  7.074  7.160  7.521  8.337  8.984  9.861 
 9.738  8.895  8.302  7.568  7.109  7.064  7.202  7.577  8.246  9.067 10.197 
10.086  8.914  8.261  7.423  7.101  7.190  7.125  7.706  8.237  9.059  9.707 
 9.941  9.071  8.183  7.581  7.216  7.094  7.413  7.692  8.147  9.165 10.028 
10.273  9.124  8.236  7.771  7.173  7.046  7.223  7.560  8.358  9.018  9.831 
 9.927  9.007  8.169  7.538  7.351  6.939  7.179  7.647  8.066  8.966  9.948 
10.129  9.140  8.137  7.588  7.146  7.090  7.091  7.371  8.447  8.975  9.886 
 9.989  9.086  8.424  7.636  7.146  6.930  7.221  7.501  8.144  9.154  9.917 
 9.831  9.097  8.271  7.580  7.071  6.961  7.320  7.679  8.108  9.241  9.962 
 9.895  8.914  8.279  7.459  7.283  7.090  7.327  7.586  8.185  8.931  9.960 
 9.881  9.007  8.156  7.588  7.187  7.118  7.067  7.588  8.228  9.095 10.031 
 9.909  9.012  8.095  7.834  7.117  7.078  7.257  7.578  8.229  8.897  9.860 
10.261  9.061  8.197  7.646  7.136  6.995  7.279  7.570  8.168  9.173  9.851 
 9.995  8.858  8.339  7.521  7.272  7.167  7.265  7.633  8.243  9.138  9.920 
10.106  9.125  8.233  7.487  7.058  6.959  7.344  7.566  8.168  9.037  9.963 
10.091  9.236  8.360  7.485  7.294  7.046  7.055  7.575  8.318  9.034  9.999 
 9.975  9.261  8.078  7.609  7.152  6.993  7.235  7.593  8.344  9.057  9.958 
 9.897  9.250  8.208  7.657  7.073  7.112  7.150  7.764  8.251  9.081  9.943 
 9.811  8.948  8.251  7.642  7.189  7.033  6.969  7.593  8.224  9.073  9.954 
 9.847  9.058  8.023  7.614  7.350  6.882  7.279  7.676  8.258  9.079  9.992 
 9.940  9.113  8.281  7.582  7.209  7.016  7.317  7.672  8.328  9.171 10.006 
 9.841  9.048  8.147  7.550  7.070  6.981  7.291  7.434  8.323  9.169  9.895 
10.093  9.130  8.277  7.518  7.188  6.990  7.306  7.530  8.144  9.074 10.080 
 9.955  9.117  8.168  7.656  7.112  7.156  7.126  7.618  8.407  8.986  9.819 
 9.929  8.992  8.053  7.492  7.123  7.039  7.047  7.654  8.308  8.956 10.058 
 9.910  9.020  8.192  7.576  7.377  7.123  7.278  7.708  8.172  9.021 10.093 
 9.997  9.178  8.331  7.437  7.189  6.901  7.219  7.586  8.306  9.064  9.791 
10.022  9.179  8.234  7.526  7.162  7.028  7.250  7.483  8.134  8.916 10.071 
10.015  8.969  8.110  7.700  7.219  7.213  7.267  7.624  8.236  9.107  9.933 
10.163  9.089  8.225  7.471  7.427  7.015  7.215  7.639  8.244  9.161 10.129 
 9.924  9.134  8.384  7.584  7.177  7.161  7.101  7.752  8.333  8.969 10.108 
 9.869  9.199  8.327  7.684  7.208  7.062  7.165  7.722  8.120  9.165  9.902 
10.146  9.240  8.284  7.620  7.263  6.909  7.281  7.585  8.359  9.045 10.007 
10.000  8.942  8.207  7.701  7.057  7.054  7.280  7.508  8.248  9.154  9.948 
10.059  8.904  8.079  7.565  7.153  6.999  7.261  7.624  8.219  8.830 10.012 
 9.894  9.067  8.254  7.503  7.246  7.172  7.097  7.608  8.167  8.967  9.846 
10.104  9.020  8.167  7.720  7.247  7.128  7.459  7.704  8.233  8.962 10.011 
 9.712  8.864  8.154  7.528  7.181  7.097  7.281  7.655  8.295  8.979  9.805 
 9.906  9.006  8.249  7.659  7.142  7.010  7.225  7.661  8.099  9.260  9.800 
10.111  9.205  8.204  7.678  7.121  7.096  7.151  7.644  8.269  9.119 10.175 
10.003  9.085  8.298  7.403  7.251  7.062  7.166  7.546  8.262  9.048  9.925 
10.121  9.117  8.396  7.620  7.374  6.957  7.052  7.603  8.290  9.104  9.964 
 9.945  9.059  8.221  7.632  7.208  7.044  7.335  7.686  8.111  8.972  9.920 
10.078  8.983  8.147  7.661  7.343  6.964  7.130  7.496  8.235  9.136  9.794 
10.056  9.093  8.520  7.615  7.139  7.246  7.143  7.675  8.414  9.021 10.083 
10.123  9.054  8.238  7.608  7.220  6.844  7.094  7.540  8.253  9.169 10.014 
10.029  9.170  8.279  7.560  7.399  7.109  7.333  7.634  8.287  9.170  9.848 
10.231  9.161  8.215  7.647  7.031  7.022  7.175  7.557  8.236  8.956  9.984 
 9.955  9.148  8.169  7.656  7.270  6.962  7.087  7.754  8.143  9.008  9.893 
 9.992  8.965  8.246  7.536  7.322  7.030  7.202  7.644  8.259  8.918  9.872 
 9.988  8.989  8.190  7.651  7.073  7.079  7.348  7.576  8.258  9.109 10.052 
 9.975  9.211  8.347  7.694  7.216  7.129  7.119  7.592  8.334  8.992  9.840 
 9.975  9.031  8.096  7.668  7.232  6.998  7.161  7.594  8.298  9.124 10.003 
10.116  8.852  8.392  7.512  7.233  7.039  7.173  7.595  8.327  9.018 10.071 
10.048  9.049  8.326  7.558  7.359  7.038  7.118  7.645  8.329  9.144  9.997 
10.000  8.994  8.269  7.722  6.973  7.056  7.122  7.589  8.243  9.107  9.912 
 9.888  9.147  8.316  7.579  6.997  7.199  7.102  7.530  8.354  8.980 10.173 
10.083  9.066  8.388  7.609  7.105  7.137  7.160  7.671  8.161  8.968 10.106 
 9.900  9.059  8.179  7.781  7.275  7.054  7.256  7.536  8.353  8.908 10.087 
 9.959  9.174  7.916  7.416  7.285  7.031  7.214  7.572  8.254  8.999  9.928 
10.039  9.032  8.435  7.486  7.153  7.098  7.217  7.600  8.306  9.184  9.883 
 9.933  8.993  8.131  7.514  7.448  6.834  7.240  7.530  8.292  9.093  9.780 
 9.905  9.076  8.116  7.594  7.236  6.876  7.037  7.463  8.222  8.890  9.935 
 9.976  9.032  8.309  7.670  7.200  7.160  7.224  7.790  8.266  8.892 10.178 
 9.782  8.847  8.045  7.824  7.327  6.957  7.116  7.673  8.188  9.044 10.091 
 9.937  9.072  8.375  7.653  7.140  7.192  7.317  7.637  8.198  9.175  9.928 
 9.812  8.973  8.249  7.595  7.079  7.127  7.361  7.634  8.252  9.185  9.987 
 9.895  9.099  8.288  7.635  7.106  7.170  7.218  7.745  8.130  9.101  9.946 
 9.984  8.980  8.065  7.876  7.177  7.064  7.145  7.500  8.270  9.123  9.938 
 9.951  9.230  8.379  7.634  7.079  7.156  7.347  7.566  8.405  9.163  9.852 
10.018  9.235  8.184  7.665  7.173  7.091  7.301  7.572  8.202  9.029  9.869 
 9.981  9.171  8.306  7.659  6.907  7.106  7.283  7.674  8.100  9.134  9.953 
 9.936  9.036  8.224  7.597  6.978  7.218  7.197  7.819  8.219  9.045  9.986 
10.040  9.031  8.242  7.480  7.224  7.140  7.289  7.689  8.222  9.107 10.109 
 9.953  9.018  8.389  7.698  7.254  6.962  7.405  7.673  8.171  8.842 10.057 
 9.965  9.001  8.183  7.627  7.290  7.175  7.055  7.592  8.109  9.137 10.001 
 9.924  8.977  8.362  7.745  7.234  6.972  7.205  7.598  8.146  8.967  9.961 
 9.926  9.093  8.435  7.619  7.087  7.256  7.236  7.679  8.206  9.120 10.129 
10.040  9.168  8.255  7.390  7.113  7.121  7.179  7.744  8.225  9.060 10.118 
 9.950  8.979  8.332  7.627  7.189  7.268  7.277  7.647  8.160  9.311  9.996 
 9.928  8.943  8.308  7.644  7.191  7.167  7.084  7.560  8.259  9.017  9.993 
10.039  9.220  8.283  7.819  7.047  6.980  7.254  7.527  8.339  8.939  9.969 
 9.970  9.026  8.190  7.763  7.138  7.135  7.143  7.653  8.194  9.054 10.012 
 9.946  8.985  8.188  7.650  7.065  7.147  7.336  7.547  8.388  8.719  9.730 
 9.969  8.861  8.226  7.626  7.240  6.999  7.241  7.927  8.151  9.215  9.998 
10.216  8.995  8.173  7.591  7.211  6.956  7.235  7.611  8.208  9.143 10.058 
10.028  9.025  8.105  7.506  7.150  6.755  7.422  7.727  8.320  8.950  9.979 
 9.978  8.828  8.148  7.567  7.333  7.074  7.217  7.604  8.307  9.110 10.020 
10.079  9.236  8.169  7.565  7.387  7.009  7.101  7.678  8.287  9.176 10.135 
 9.962  9.145  8.281  7.782  7.220  6.986  7.156  7.618  8.198  9.104 10.010 
 9.895  9.152  8.007  7.697  7.224  7.082  7.172  7.794  8.383  8.965 10.015 
 9.862  8.962  8.246  7.624  7.107  7.113  7.120  7.724  8.227  9.079  9.958 
10.081  9.082  8.272  7.584  7.167  6.905  7.290  7.635  8.306  9.164  9.830 
 9.957  9.006  8.379  7.609  7.275  6.949  7.105  7.639  8.264  8.895  9.994 
 9.982  9.056  8.405  7.654  7.121  6.944  7.322  7.560  8.362  9.080 10.014 
 9.840  8.872  8.341  7.645  7.202  7.083  7.117  7.682  8.304  9.044  9.956 
 9.906  9.181  8.318  7.581  7.246  6.985  7.352  7.561  8.254  9.028 10.011 
 9.937  8.996  8.315  7.701  7.199  7.040  7.042  7.629  8.182  8.955  9.959 
 9.864  8.987  8.210  7.766  7.156  7.109  7.233  7.454  8.022  8.974 10.012 
10.121  9.004  8.353  7.556  7.256  6.843  7.143  7.673  8.092  9.095 10.068 
10.097  9.032  8.292  7.616  7.185  7.101  7.151  7.614  8.253  9.028  9.995 
10.133  8.844  8.388  7.478  7.220  7.171  7.121  7.635  8.359  8.858 10.157 
10.027  8.907  8.257  7.829  7.251  7.210  7.189  7.619  8.477  9.134 10.104 
10.112  9.150  8.311  7.715  7.146  7.020  7.448  7.718  8.288  9.094 10.011 
10.025  9.139  8.081  7.702  7.143  7.110  7.143  7.573  8.241  8.913  9.825 
10.027  9.046  8.288  7.655  7.075  6.970  7.123  7.653  8.322  9.305  9.940 
10.019  9.058  8.224  7.563  7.198  7.036  7.274  7.569  8.150  9.168 10.052 
 9.950  9.030  8.334  7.380  7.113  6.997  7.206  7.687  8.205  9.043 10.008 
10.113  8.769  8.261  7.527  7.180  7.091  7.272  7.618  8.235  9.098 10.211 
 9.927  9.052  8.246  7.543  7.308  7.105  7.168  7.399  8.218  9.226  9.946 
 9.871  9.002  8.101  7.699  7.125  7.103  7.220  7.604  8.233  8.979  9.887 
 9.992  9.208  8.285  7.652  7.180  7.117  7.482  7.650  8.393  8.920 10.180 
10.070  8.933  8.120  7.513  7.129  7.028  7.318  7.614  8.240  9.154 10.032 
 9.986  9.022  8.189  7.594  7.132  7.253  7.200  7.458  8.250  8.902  9.990 
 9.943  9.055  8.372  7.655  7.199  7.047  6.995  7.784  8.275  8.959 10.041 
 9.950  8.982  8.276  7.636  7.140  7.010  7.147  7.692  8.225  9.056 10.144 
10.051  8.973  8.150  7.566  7.277  7.107  7.231  7.719  8.151  9.031  9.969 
 9.978  9.274  8.356  7.587  7.230  7.010  7.202  7.627  8.128  9.001 10.066 
10.209  9.030  8.337  7.460  7.086  7.060  7.230  7.611  8.254  8.924  9.997 
10.186  8.995  8.215  7.852  7.132  7.094  7.250  7.645  8.462  8.941  9.997 
 9.971  9.079  8.276  7.530  7.134  7.079  7.162  7.609  8.201  8.955  9.974 
10.130  9.117  8.148  7.498  7.018  7.247  7.376  7.651  7.893  8.967  9.974 
 9.906  9.170  8.147  7.660  7.192  7.194  7.489  7.479  8.121  9.141 10.054 
 9.879  9.021  8.330  7.387  7.222  7.015  7.260  7.759  8.074  8.697 10.195 
10.071  9.075  8.280  7.668  7.229  7.296  7.224  7.607  8.250  9.089 10.004 
10.182  9.001  8.299  7.628  7.061  7.101  7.225  7.546  8.304  9.085  9.996 
10.002  8.909  8.326  7.496  7.093  7.175  7.312  7.729  8.344  9.159 10.067 
10.045  9.132  8.401  7.571  7.189  7.203  7.109  7.700  8.203  9.089  9.918 
10.127  9.135  8.297  7.877  7.276  7.130  7.200  7.482  8.232  9.192 10.127 
10.090  9.180  8.468  7.502  7.025  7.058  7.322  7.585  8.257  9.126 10.114 
 9.943  9.286  8.234  7.841  7.116  6.874  7.436  7.677  8.237  9.015 10.059 
10.018  9.145  8.241  7.611  7.279  6.969  7.214  7.602  8.318  9.076 10.272 
10.029  9.090  8.225  7.620  7.088  6.987  7.190  7.611  8.279  9.143  9.890 
10.167  9.149  8.367  7.633  7.263  7.116  7.155  7.655  8.302  8.987  9.834 
 9.990  9.057  8.238  7.653  7.284  7.038  7.296  7.705  8.335  9.054  9.954 
10.014  9.262  8.278  7.638  7.283  7.041  7.192  7.577  8.127  8.938 10.013 
10.051  8.934  8.273  7.446  7.363  6.986  7.162  7.649  8.242  9.093 10.167 
10.021  9.032  8.131  7.750  7.181  7.228  7.148  7.575  8.182  9.142  9.950 
 9.834  9.015  8.232  7.678  7.261  7.255  7.292  7.724  8.210  9.128  9.979 
10.059  8.933  8.100  7.579  7.106  6.915  7.166  7.668  8.279  9.223  9.980 
10.127  9.074  8.164  7.634  7.237  7.056  7.326  7.611  8.255  8.976  9.976 
 9.921  8.957  8.180  7.674  7.221  7.126  7.270  7.430  8.263  8.970 10.044 
10.095  8.985  8.162  7.573  7.077  7.075  7.170  7.636  8.123  9.166 10.043 
10.166  8.979  8.283  7.593  7.185  7.057  7.121  7.537  8.308  9.132 10.135 
 9.883  8.988  8.255  7.553  7.201  7.162  7.204  7.450  8.351  9.120 10.177 
 9.968  9.044  8.203  7.613  7.164  6.980  7.358  7.555  8.332  9.239 10.072 
 9.794  9.014  8.370  7.601  7.199  7.149  7.200  7.672  8.356  9.188  9.938 
 9.921  9.137  8.041  7.614  7.192  7.018  6.956  7.560  8.315  9.188 10.134 
10.040  9.022  8.314  7.507  7.431  7.068  7.262  7.571  8.183  8.826 10.050 
10.004  9.180  8.282  7.694  7.147  7.076  7.173  7.633  8.432  9.017  9.859 
10.019  8.881  8.323  7.491  7.335  7.061  7.163  7.705  8.161  9.133 10.009 
 9.989  9.162  8.309  7.599  7.338  6.922  7.211  7.474  8.274  8.913 10.036 
10.066  9.067  8.412  7.637  7.332  7.124  7.195  7.797  8.175  9.069  9.865 
 9.895  9.086  8.056  7.624  7.155  7.116  7.162  7.752  8.379  8.906 10.142 
10.017  9.018  8.255  7.779  7.124  7.132  7.127  7.553  8.180  9.274  9.942 
10.071  9.132  8.143  7.714  7.157  7.148  7.342  7.654  8.206  9.119 10.095 
 9.941  9.033  8.241  7.556  7.331  7.056  7.314  7.586  8.268  8.957 10.076 
10.144  9.118  8.116  7.603  7.013  7.214  7.300  7.431  8.231  9.012 10.078 
 9.957  9.048  8.210  7.732  7.213  7.028  7.060  7.742  8.288  8.988 10.106 
10.092  9.056  8.142  7.677  6.920  7.055  7.288  7.519  8.201  9.020 10.054 
10.119  9.113  8.189  7.675  7.150  6.969  7.039  7.521  8.121  9.094  9.889 
 9.970  9.063  8.175  7.697  7.176  7.218  7.245  7.611  8.220  8.902 10.043 
 9.949  8.962  8.298  7.743  7.297  7.074  7.019  7.633  8.195  9.035 10.099 
 9.979  9.268  8.198  7.540  7.237  6.976  7.220  7.639  8.206  9.052  9.803 
 9.914  9.056  8.283  7.659  7.218  7.073  7.266  7.450  8.089  9.188 10.066 
 9.819  9.123  8.096  7.492  7.245  7.187  7.150  7.706  8.296  9.195  9.998 
10.252  8.912  8.252  7.713  7.238  7.217  7.181  7.647  8.102  9.110 10.012 
10.075  8.934  8.463  7.539  6.994  7.063  7.229  7.512  8.406  9.045  9.941 
10.219  8.980  8.243  7.694  7.172  7.015  6.986  7.712  8.312  9.172  9.888 
 9.894  9.154  8.156  7.592  7.122  7.127  7.044  7.622  8.344  9.149 10.021 
 9.869  8.977  8.311  7.692  7.046  7.051  7.356  7.541  8.110  9.083  9.813 
10.095  8.843  8.204  7.762  7.280  6.967  7.167  7.662  8.315  9.157  9.836 
 9.908  8.899  8.254  7.376  7.271  7.258  7.214  7.346  8.276  8.931 10.078 
10.187  8.909  8.237  7.653  6.974  7.024  7.267  7.663  8.238  9.046 10.106 
 9.976  9.021  8.142  7.617  7.131  7.088  7.205  7.402  8.048  8.799 10.009 
 9.967  8.912  8.129  7.517  7.086  7.107  7.173  7.576  8.239  8.985  9.970 
 9.899  9.044  8.323  7.700  7.253  7.276  7.132  7.596  8.391  9.199  9.972 
10.112  9.165  8.104  7.580  7.121  7.272  7.181  7.665  8.160  9.071  9.914 
 9.992  9.054  8.205  7.771  7.315  7.147  7.276  7.730  8.389  9.134 10.021 
 9.957  9.106  8.225  7.609  7.160  7.067  7.112  7.417  8.120  9.172 10.010 
10.081  8.980  8.322  7.456  7.322  7.141  7.297  7.569  8.165  9.210 10.055 
10.106  9.156  8.442  7.608  7.189  7.058  7.133  7.506  8.376  9.104  9.983 
 9.928  9.032  8.088  7.621  7.417  7.101  7.191  7.655  8.277  9.035 10.040 
 9.895  9.102  8.091  7.650  7.270  7.250  7.184  7.524  8.200  9.118  9.939 
10.006  8.842  8.308  7.555  7.389  7.045  7.225  7.681  8.336  9.200 10.104 
 9.979  9.100  8.197  7.612  7.148  7.162  7.180  7.574  8.261  9.009  9.918 
 9.911  8.921  8.166  7.694  7.205  7.011  7.327  7.603  8.260  9.061 10.103 
10.181  9.106  8.255  7.626  7.115  7.072  7.128  7.550  8.093  8.786  9.967 
10.197  8.998  8.303  7.733  7.256  7.075  7.319  7.611  8.379  9.095  9.981 
10.133  9.099  8.266  7.868  7.326  7.005  7.120  7.597  8.278  9.167 10.072 
 9.963  9.110  8.406  7.432  7.231  7.125  7.347  7.682  8.236  8.961 10.168 
 9.984  8.962  8.248  7.655  7.245  6.866  7.243  7.594  8.328  9.117  9.988 
 9.834  9.132  8.251  7.798  7.285  7.113  7.337  7.481  8.145  9.019  9.784 
10.068  9.059  8.239  7.494  7.264  7.041  7.041  7.633  8.217  9.026 10.040 
 9.923  8.993  8.338  7.561  7.190  7.200  6.980  7.682  8.159  9.069 10.047 
 9.858  9.013  8.281  7.618  7.347  7.113  7.232  7.497  8.054  9.080 10.043 
10.007  9.026  8.203  7.664  7.110  6.813  7.159  7.389  8.161  9.098 10.073 
10.045  8.986  8.117  7.571  7.188  7.087  7.111  7.728  8.262  8.960  9.893 
10.022  8.925  8.209  7.551  7.397  6.933  7.258  7.513  8.186  8.993 10.086 
 9.990  8.924  8.244  7.625  7.277  7.219  7.223  7.608  8.474  9.137 10.129 
10.032  8.932  8.269  7.504  7.320  6.990  7.347  7.659  8.343  8.937  9.975 
 9.965  9.107  8.414  7.489  7.332  7.161  7.075  7.458  8.230  8.973  9.986 
10.056  9.139  8.196  7.582  7.226  7.054  7.145  7.738  8.141  8.841  9.928 
 9.947  9.102  8.312  7.508  7.072  7.295  7.022  7.420  8.253  9.029  9.913 
10.194  9.005  8.118  7.603  7.312  7.270  7.189  7.701  8.203  9.025  9.802 
10.103  9.048  8.154  7.584  7.264  7.118  7.058  7.574  8.231  9.062 10.057 
 9.924  8.986  8.126  7.558  7.282  7.076  7.311  7.645  8.276  8.970 10.125 
10.112  9.137  8.339  7.710  7.245  7.243  7.245  7.727  8.380  8.911  9.992 
 9.968  9.122  8.202  7.585  7.068  7.068  7.249  7.686  8.271  8.856  9.841 
10.004  9.111  8.129  7.746  7.146  7.144  7.194  7.704  8.381  9.110  9.969 
10.114  8.970  8.158  7.757  7.166  7.122  7.225  7.649  8.287  9.044  9.875 
 9.960  9.217  8.343  7.609  7.160  7.103  7.245  7.612  8.386  9.024  9.899 
10.175  9.046  8.237  7.526  7.071  7.073  7.307  7.762  8.203  9.126 10.063 
10.084  8.945  8.350  7.483  7.294  6.903  7.299  7.700  8.278  9.019 10.084 
10.004  9.065  8.152  7.575  7.244  7.044  7.191  7.496  8.226  8.927 10.038 
10.024  9.037  8.215  7.612  7.145  6.848  7.267  7.524  8.645  8.892 10.019 
10.048  9.073  8.259  7.484  7.409  7.119  7.095  7.513  8.285  8.898  9.964 
 9.836  9.144  8.309  7.507  7.008  7.288  7.284  7.722  8.259  9.090  9.972 
10.099  9.126  8.261  7.767  7.084  6.972  7.259  7.587  8.221  9.201 10.049 
10.106  9.128  8.357  7.753  7.105  7.095  7.181  7.552  8.395  8.957 10.099 
10.006  9.067  8.120  7.558  7.184  7.061  7.322  7.707  8.342  8.924  9.992 
 9.829  9.153  8.224  7.560  7.084  7.057  7.152  7.652  8.378  9.075 10.123 
10.048  9.157  8.180  7.639  7.176  7.120  7.345  7.566  8.300  9.081 10.169 
 9.980  9.210  8.299  7.530  7.177  6.939  7.274  7.603  8.462  9.076 10.065 
 9.867  8.804  8.277  7.713  7.277  7.078  7.309  7.575  8.268  8.935 10.249 
10.121  9.127  8.235  7.577  7.271  6.881  6.974  7.451  8.282  9.225  9.930 
 9.874  8.914  8.409  7.572  6.989  7.157  7.033  7.511  8.190  9.011 10.120 
 9.950  9.138  8.449  7.653  7.196  7.076  7.200  7.746  8.194  8.914  9.950 
10.072  9.177  8.103  7.620  7.415  6.979  7.239  7.550  8.411  9.020  9.774 
10.060  9.311  8.191  7.693  7.228  6.766  7.347  7.720  8.326  8.971 10.105 
10.190  9.125  8.149  7.487  7.103  7.123  7.247  7.631  7.986  9.111  9.925 
 9.893  9.053  8.248  7.520  7.245  7.244  7.181  7.658  8.321  8.998  9.899 
10.088  8.906  8.383  7.427  7.206  6.937  7.080  7.677  8.486  9.028 10.241 
10.175  9.066  8.156  7.566  6.950  7.090  7.217  7.426  8.189  8.966  9.934 
 9.958  9.017  8.260  7.702  7.162  7.135  7.164  7.646  8.270  9.210 10.042 
10.040  9.009  8.181  7.659  7.121  6.927  7.123  7.628  8.298  9.176  9.902 
 9.930  9.090  8.124  7.560  7.326  6.961  7.260  7.589  8.226  9.154 10.007 
 9.867  8.865  8.323  7.545  7.275  7.080  7.222  7.457  8.362  9.001  9.940 
 9.881  9.117  8.254  7.494  7.157  6.903  7.153  7.535  8.175  8.925  9.935 
10.007  9.290  8.183  7.517  7.244  6.981  7.408  7.664  8.012  9.075  9.976 
 9.912  9.045  8.371  7.548  7.281  7.111  7.187  7.624  8.362  9.137 10.054 
10.009  9.102  8.264  7.887  7.220  7.098  7.281  7.630  8.225  9.017 10.035 
10.259  9.091  8.270  7.635  7.243  7.090  7.389  7.706  8.161  9.141 10.056 
10.000  9.268  8.339  7.595  7.026  7.175  7.020  7.875  8.240  9.145 10.002 
 9.843  9.028  8.171  7.527  7.270  7.211  7.314  7.584  8.339  9.113 10.051 
 9.758  9.000  8.353  7.666  7.135  7.222  7.130  7.562  8.051  9.054  9.983 
 9.982  9.335  8.242  7.751  6.991  7.306  7.248  7.605  8.277  9.040 10.230 
 9.837  8.938  8.427  7.686  7.250  7.089  7.272  7.556  8.206  8.987  9.981 
 9.923  9.116  8.241  7.703  7.059  6.820  7.300  7.637  8.413  9.248 10.013 
 9.987  9.063  8.338  7.778  7.332  7.281  7.223  7.502  8.261  9.022 10.045 
10.053  9.169  8.149  7.756  7.274  7.228  7.250  7.701  8.210  8.990 10.013 
 9.936  9.027  8.253  7.664  7.293  7.055  7.068  7.587  8.264  9.040  9.958 
 9.907  8.997  8.270  7.483  7.091  7.148  7.151  7.513  8.332  8.987 10.175 
10.003  9.130  8.203  7.588  7.246  7.072  7.228  7.857  8.155  9.244 10.088 
10.133  9.022  8.367  7.889  7.235  7.096  7.142  7.758  8.288  9.143  9.953 
 9.827  8.999  8.218  7.595  7.167  6.943  6.951  7.617  8.111  9.175 10.045 
10.116  9.037  8.416  7.607  7.213  7.207  7.141  7.681  8.124  9.008  9.977 
10.021  8.978  8.208  7.704  7.254  7.117  7.213  7.640  8.259  9.236  9.899 
10.094  9.076  8.320  7.534  7.099  6.996  7.211  7.693  8.358  9.006  9.886 
10.038  9.111  8.254  7.598  7.156  7.206  7.364  7.518  8.297  9.045  9.990 
10.181  8.944  8.135  7.686  7.110  7.196  7.253  7.513  8.044  9.246 10.177 
 9.881  9.188  8.140  7.687  7.401  7.165  7.386  7.579  8.285  9.057 10.208 
 9.956  9.018  8.160  7.757  7.198  7.055  7.333  7.447  8.054  8.981 10.145 
10.080  9.110  8.232  7.663  7.285  7.082  7.209  7.629  8.251  9.023  9.888 
 9.967  8.971  8.349  7.746  7.222  7.280  7.146  7.555  8.166  9.121 10.026 
 9.882  9.090  8.331  7.496  7.151  7.080  7.339  7.734  8.310  9.101 10.265 
 9.892  8.968  8.253  7.793  7.122  7.098  7.301  7.754  8.313  9.103 10.008 
10.071  9.107  8.267  7.691  7.316  7.191  7.144  7.642  8.279  9.065 10.016 
10.094  8.982  8.207  7.424  7.001  7.168  7.295  7.663  8.148  9.152 10.045 
 9.953  9.092  8.336  7.613  7.135  7.080  7.302  7.434  8.291  8.999  9.991 
 9.949  9.049  8.361  7.555  7.177  7.038  7.370  7.435  8.071  8.814  9.986 
 9.979  8.961  8.354  7.628  7.317  6.787  7.259  7.746  8.148  9.003  9.972 
10.042  9.059  8.229  7.624  7.218  7.177  7.235  7.722  8.332  8.989  9.938 
 9.884  9.008  8.138  7.529  7.235  6.874  7.318  7.638  8.404  8.924  9.900 
 9.791  9.120  8.191  7.382  7.171  7.132  7.416  7.701  8.219  9.045 10.092 
 9.991  9.134  8.195  7.546  7.285  7.007  7.136  7.723  8.202  9.126  9.986 
10.116  8.922  8.239  7.676  7.253  7.159  7.163  7.594  8.317  9.142  9.801 
 9.970  9.177  8.223  7.714  6.923  7.048  7.137  7.542  8.163  9.219 10.125 
 9.924  9.002  8.271  7.688  7.314  7.058  7.278  7.602  8.244  9.112 10.034 
10.215  9.029  8.113  7.675  7.160  7.003  7.125  7.569  8.096  9.037  9.948 
 9.995  8.968  8.268  7.689  7.146  6.988  7.137  7.361  8.106  9.066  9.890 
 9.987  9.065  8.413  7.634  7.180  6.899  7.165  7.692  8.192  9.007 10.104 
10.123  9.018  8.162  7.533  7.183  6.944  7.403  7.708  8.162  9.157 10.043 
10.046  9.025  8.137  7.643  7.107  7.168  7.363  7.463  8.281  8.821  9.963 
10.046  9.264  8.240  7.544  7.030  7.269  7.252  7.571  8.337  9.101  9.897 
 9.801  9.097  8.380  7.484  7.219  7.013  7.216  7.644  8.126  9.182 10.013 
10.083  8.865  8.411  7.490  7.184  7.018  7.339  7.686  8.323  9.025  9.988 
 9.956  9.024  8.117  7.526  7.289  7.191  7.172  7.467  8.366  8.945 10.098 
 9.733  9.065  8.154  7.622  7.355  7.060  7.192  7.547  8.257  9.155  9.894 
 9.988  9.000  8.229  7.658  7.126  7.160  7.007  7.450  8.203  9.056  9.923 
10.112  9.004  8.301  7.640  7.149  7.109  7.163  7.761  8.275  9.066 10.067 
 9.961  9.025  8.090  7.699  7.147  7.080  7.129  7.504  8.382  9.148 10.227 
 9.963  8.917  8.235  7.785  7.184  6.988  7.264  7.696  8.157  9.118 10.088 
10.023  8.941  8.201  7.824  7.080  7.213  7.180  7.533  8.395  9.217  9.977 
 9.793  9.112  8.190  7.450  7.281  7.062  7.123  7.690  8.363  9.265 10.000 
10.088  8.885  8.143  7.589  7.306  7.104  7.216  7.681  8.212  8.897  9.893 
10.017  9.184  8.236  7.760  7.266  6.983  7.155  7.552  8.087  8.876  9.798 
 9.924  8.987  8.296  7.426  7.324  7.002  7.170  7.692  8.518  9.067 10.002 
10.001  9.028  8.290  7.680  7.226  6.993  7.245  7.735  8.421  8.996 10.104 
10.111  9.027  8.261  7.716  7.207  6.949  7.305  7.413  8.237  9.197 10.128 
10.055  9.157  8.245  7.542  7.181  6.975  7.195  7.706  8.269  8.957 10.090 
10.272  9.036  8.093  7.458  7.259  7.158  7.344  7.693  8.265  9.172 10.057 
 9.898  9.066  8.350  7.711  7.222  7.085  7.132  7.646  8.318  8.947 10.031 
 9.925  9.050  8.054  7.669  7.297  7.014  7.192  7.605  8.209  8.958 10.036 
 9.939  9.063  8.143  7.588  7.413  7.006  7.118  7.440  8.094  9.035  9.946 
 9.955  8.912  8.261  7.457  7.217  7.060  7.137  7.575  8.236  8.771 10.022 
 9.949  8.943  8.271  7.633  7.149  7.108  7.229  7.648  8.185  9.009 10.053 
 9.818  8.977  8.326  7.705  7.244  7.223  7.193  7.642  8.262  8.847 10.009 
10.112  9.021  8.147  7.667  7.379  7.035  7.143  7.620  8.075  9.058 10.053 
 9.891  8.998  8.283  7.551  7.193  7.248  7.360  7.594  8.197  8.836 10.072 
 9.970  9.061  8.203  7.540  7.199  7.096  7.192  7.537  8.312  9.060 10.019 
10.036  9.268  8.196  7.590  7.362  7.176  7.054  7.673  8.301  9.242  9.965 
 9.922  9.100  8.272  7.684  7.450  6.969  7.295  7.402  8.166  9.195  9.951 
 9.843  9.026  8.177  7.569  7.444  7.010  7.143  7.520  8.060  9.181 10.026 
 9.972  8.783  8.227  7.726  7.200  7.203  7.256  7.607  8.158  9.097  9.927 
 9.883  8.923  8.169  7.487  7.183  7.171  7.027  7.701  8.073  9.146  9.983 
 9.944  8.932  8.478  7.666  7.091  7.134  7.260  7.720  8.164  9.250 10.070 
10.141  9.082  8.206  7.459  7.158  6.934  7.257  7.696  8.058  9.040  9.989 
10.040  8.883  8.218  7.376  7.300  7.038  7.434  7.685  8.132  9.193 10.025 
10.099  8.901  8.206  7.540  7.189  7.057  7.145  7.770  8.358  9.010  9.918 
 9.912  9.033  8.053  7.551  7.313  7.133  7.209  7.660  8.265  8.939 10.240 
10.088  8.981  8.185  7.612  7.160  7.063  7.252  7.840  8.208  9.012  9.983 
 9.950  9.154  8.376  7.645  7.211  7.212  7.527  7.683  8.262  9.001 10.143 
10.067  9.152  8.189  7.600  7.107  7.074  7.131  7.509  8.275  8.903 10.045 
10.052  9.307  8.109  7.675  7.165  7.103  7.214  7.802  8.043  8.976  9.924 
 9.884  9.204  8.278  7.697  7.273  7.137  7.127  7.573  8.266  9.188 10.022 
10.057  8.912  8.320  7.523  7.319  7.127  7.202  7.723  8.128  9.193 10.157 
 9.957  9.039  8.314  7.514  7.326  7.127  7.148  7.586  8.240  9.082 10.097 
 9.992  9.089  8.294  7.501  7.232  6.923  7.209  7.404  8.375  9.139  9.887 
10.099  9.000  8.252  7.802  7.134  7.277  7.122  7.600  8.341  8.944  9.835 
10.153  8.915  8.297  7.688  7.158  7.171  7.254  7.564  8.276  8.902 10.067 
 9.964  9.085  8.161  7.451  7.080  7.336  7.369  7.425  8.251  9.000  9.862 
10.102  9.119  8.067  7.515  7.181  7.048  7.143  7.719  8.223  9.071 10.020 
 9.985  8.876  8.414  7.527  7.306  6.991  7.194  7.788  8.268  9.121  9.932 
10.054  9.139  8.171  7.455  7.322  7.188  7.179  7.585  8.211  9.092  9.902 
 9.862  9.145  8.213  7.545  7.232  7.282  7.192  7.605  8.087  9.163  9.928 
 9.972  9.046  8.115  7.502  7.262  7.160  6.994  7.613  8.097  8.960 10.054 
10.045  8.964  8.301  7.710  7.173  7.024  7.214  7.734  8.349  9.183 10.071 
 9.958  9.075  8.063  7.774  7.349  7.168  7.221  7.551  8.091  8.917 10.171 
 9.984  9.173  8.316  7.579  7.107  6.967  7.277  7.681  8.261  9.065  9.916 
10.167  9.140  8.176  7.402  7.224  7.083  7.152  7.425  8.236  9.098  9.821 
10.082  9.070  8.340  7.669  7.437  7.203  7.332  7.731  8.196  9.028  9.931 
10.107  8.915  8.326  7.563  7.302  6.898  7.323  7.460  8.216  8.980 10.016 
10.023  9.061  8.233  7.569  7.243  7.049  7.380  7.631  8.222  8.890 10.100 
 9.916  8.992  8.156  7.640  7.294  7.132  7.332  7.431  8.166  9.128  9.976 
 9.971  9.126  8.146  7.723  7.165  7.148  7.224  7.561  8.291  9.171  9.894 
10.110  9.189  8.211  7.640  7.337  7.104  7.362  7.531  8.383  8.956 10.050 
10.035  8.824  8.282  7.662  7.148  7.035  7.211  7.438  8.189  9.056  9.986 
 9.898  9.063  8.105  7.591  7.228  7.003  7.179  7.626  8.334  9.095 10.064 
 9.965  8.977  8.240  7.677  7.107  6.999  7.098  7.535  8.220  8.917  9.897 
 9.910  9.045  8.114  7.616  7.170  7.095  7.322  7.698  8.255  9.009  9.771 
 9.882  9.260  8.249  7.677  7.175  7.003  7.180  7.598  8.418  8.986  9.912 
 9.977  8.957  8.355  7.410  7.212  6.928  7.130  7.772  8.177  9.193 10.045 
10.118  9.063  8.178  7.677  7.261  7.137  7.196  7.510  8.417  9.032 10.257 
10.025  9.174  8.433  7.656  7.053  7.005  7.175  7.758  8.234  8.999  9.918 
 9.966  9.126  8.229  7.674  7.168  7.188  7.171  7.617  8.362  8.999  9.701 
10.030  9.036  8.336  7.630  7.210  7.140  7.234  7.671  8.285  9.280  9.983 
10.083  8.908  8.186  7.538  7.258  6.982  7.177  7.602  8.201  8.988  9.962 
 9.907  9.096  8.059  7.570  7.316  6.889  7.198  7.537  8.167  9.038 10.027 
 9.928  9.044  8.264  7.602  7.188  7.043  6.943  7.700  8.295  9.058 10.097 
 9.911  9.144  8.136  7.432  7.176  6.947  7.382  7.641  8.294  9.139 10.114 
10.021  9.004  8.245  7.668  7.076  7.176  7.141  7.746  8.311  9.012  9.934 
 9.865  8.939  8.308  7.804  7.361  7.157  7.174  7.586  8.317  9.130  9.823 
 9.936  8.915  8.278  7.742  7.251  7.071  6.991  7.449  8.286  8.982  9.883 
 9.972  8.984  8.228  7.540  7.299  7.098  7.147  7.777  8.228  9.293  9.920 
10.015  8.965  8.373  7.436  7.346  7.255  7.080  7.722  8.256  9.103 10.039 
10.038  8.992  8.485  7.579  7.076  7.144  7.233  7.534  8.134  8.988  9.975 
10.070  9.097  8.242  7.562  7.155  6.784  7.332  7.439  8.225  9.054 10.199 
10.053  9.121  8.263  7.733  7.323  7.176  7.275  7.574  8.412  8.968 10.107 
10.192  8.958  8.235  7.557  7.186  7.129  7.262  7.571  8.120  9.026 10.029 
10.121  9.057  8.199  7.586  7.291  7.112  7.250  7.781  8.181  8.940 10.080 
 9.986  9.208  8.212  7.696  7.169  7.003  7.201  7.722  8.205  9.046 10.058 
10.106  9.053  8.190  7.801  7.333  6.948  7.175  7.608  8.282  9.092  9.869 
10.074  8.795  8.289  7.763  7.188  7.145  7.013  7.650  8.316  9.031 10.002 
 9.903  9.308  8.173  7.546  7.176  7.038  7.241  7.558  8.182  9.086  9.942 
10.050  9.016  8.255  7.688  7.239  7.205  7.385  7.580  8.384  9.150  9.774 
 9.917  9.052  8.369  7.829  7.161  7.186  7.313  7.540  8.389  8.919  9.916 
 9.787  9.173  8.297  7.784  7.347  7.000  7.312  7.618  8.245  9.200  9.957 
 9.998  9.003  8.372  7.615  7.169  7.063  7.268  7.606  8.217  8.956 10.022 
 9.986  9.187  8.285  7.805  7.264  7.085  7.275  7.570  8.368  9.113 10.018 
 9.988  9.042  8.107  7.875  7.274  7.307  7.123  7.719  8.473  9.033 10.131 
 9.959  9.029  8.313  7.661  7.143  7.053  7.461  7.518  8.192  8.970 10.155 
 9.922  9.061  8.251  7.717  7.305  7.187  7.237  7.503  8.188  8.954 10.129 
 9.990  9.028  8.238  7.492  7.250  7.028  7.225  7.634  8.339  9.207  9.908 
 9.768  9.223  8.222  7.600  7.170  6.951  7.156  7.651  8.233  9.219  9.817 
 9.975  9.146  8.262  7.568  7.032  6.971  7.246  7.464  8.304  8.985  9.852 
10.175  9.159  8.053  7.484  7.043  6.967  7.176  7.604  8.195  8.880  9.968 
10.139  9.002  8.412  7.544  7.370  7.139  7.138  7.629  8.106  9.004 10.195 
 9.954  9.016  8.129  7.628  7.206  6.958  7.261  7.559  8.211  9.082  9.864 
10.110  9.101  8.324  7.643  7.272  7.183  7.122  7.624  8.452  9.037  9.990 
 9.910  9.149  8.333  7.444  7.080  7.241  7.121  7.443  8.345  8.896  9.963 
10.016  9.262  8.069  7.633  7.271  7.043  7.120  7.421  8.176  9.145  9.946 
 9.894  9.057  8.170  7.641  7.085  7.020  7.109  7.601  8.515  9.019  9.940 
10.138  9.014  8.212  7.724  7.286  7.006  7.295  7.668  8.285  9.108 10.046 
 9.947  9.086  8.238  7.571  7.172  7.075  7.309  7.716  8.269  9.006 10.066 
 9.964  8.989  8.187  7.638  7.120  7.136  7.314  7.701  8.352  9.085 10.028 
10.021  8.889  8.222  7.547  7.182  7.067  7.240  7.549  8.105  9.180 10.062 
10.060  9.160  8.363  7.546  7.218  6.840  7.174  7.713  8.173  8.882  9.956 
 9.972  9.070  8.233  7.767  7.134  7.192  7.276  7.702  8.197  9.042 10.009 
10.091  9.153  8.259  7.507  6.995  7.010  7.191  7.593  8.428  9.200  9.890 
 9.957  9.171  8.289  7.607  7.148  7.256  7.233  7.564  8.219  9.068 10.109 
10.006  9.119  8.127  7.820  7.161  7.087  7.366  7.569  8.287  9.206  9.856 
10.008  8.985  8.241  7.716  7.104  7.124  7.079  7.483  8.327  8.972 10.115 
10.044  9.138  8.130  7.564  7.180  7.228  7.297  7.537  8.221  8.901  9.965 
10.094  9.059  8.283  7.459  7.349  7.005  7.162  7.461  8.302  9.027 10.091 
10.111  9.032  8.359  7.742  7.033  7.196  7.203  7.642  8.363  9.085 10.005 
 9.797  8.993  8.243  7.479  7.188  6.895  7.351  7.656  8.286  9.090 10.014 
10.082  9.109  8.384  7.673  7.103  7.008  7.181  7.652  8.404  9.002 10.124 
10.096  9.046  8.237  7.675  7.174  7.087  7.314  7.758  8.381  9.049  9.886 
10.100  9.235  7.983  7.650  7.281  7.134  7.359  7.690  8.146  9.134 10.054 
10.060  9.053  8.483  7.635  7.174  7.078  7.101  7.561  8.126  9.169  9.993 
 9.946  9.157  8.120  7.612  7.318  7.212  7.291  7.582  8.285  9.070 10.161 
10.029  9.165  8.150  7.441  7.263  7.092  7.169  7.478  8.296  9.259  9.975 
 9.878  9.086  8.282  7.691  7.314  7.037  7.451  7.756  8.296  9.149  9.938 
 9.840  8.937  8.316  7.694  7.269  7.133  7.219  7.837  8.134  9.091  9.919 
 9.953  9.164  8.225  7.606  7.205  7.031  7.202  7.405  8.227  8.632 10.003 
10.258  9.082  8.146  7.553  7.338  6.995  7.201  7.517  8.287  9.017  9.874 
 9.973  9.075  8.120  7.656  7.205  7.168  7.149  7.489  8.212  8.958 10.077 
 9.964  9.138  8.150  7.558  7.323  7.098  7.175  7.627  8.145  8.904  9.876 
10.109  8.921  8.224  7.637  7.194  7.067  7.228  7.628  8.161  9.120  9.952 
 9.902  9.047  8.383  7.488  7.367  7.015  7.069  7.698  8.129  9.006  9.911 
10.078  9.038  8.385  7.551  7.102  6.929  7.326  7.710  8.230  8.932  9.961 
10.154  9.079  8.361  7.723  7.077  7.163  6.914  7.678  8.101  9.002 10.025 
 9.966  9.192  8.387  7.485  7.207  7.026  7.178  7.728  8.136  9.198 10.060 
 9.933  9.060  8.278  7.488  7.134  7.192  7.103  7.637  8.226  9.182 10.016 
 9.894  8.985  8.339  7.505  7.083  7.132  7.323  7.507  8.248  9.171  9.993 
 9.927  8.956  8.400  7.607  7.262  7.089  7.152  7.532  8.230  8.976 10.116 
10.019  8.934  8.250  7.694  7.257  7.133  7.050  7.609  8.236  8.966  9.994 
10.048  9.093  8.381  7.591  7.134  7.090  7.401  7.523  8.295  9.055 10.114 
10.168  8.938  8.229  7.497  7.107  7.111  7.359  7.668  8.355  9.061 10.005 
 9.946  9.125  8.188  7.501  7.370  7.104  7.177  7.504  8.270  8.912  9.931 
10.103  8.946  8.193  7.579  7.309  7.280  7.188  7.400  8.301  9.146 10.059 
10.001  9.023  8.184  7.657  7.190  7.144  7.124  7.629  8.495  9.090  9.968 
10.035  9.132  8.349  7.710  7.088  7.146  7.295  7.597  8.298  9.050 10.070 
10.051  8.867  8.213  7.815  7.095  6.962  7.286  7.472  8.205  8.994 10.098 
 9.800  9.088  8.379  7.556  7.287  7.188  7.256  7.630  8.223  9.024  9.918 
 9.867  9.370  8.328  7.677  7.129  7.048  7.112  7.676  8.238  8.845  9.850 
 9.812  8.967  8.137  7.684  7.077  7.107  7.211  7.639  7.980  9.087 10.043 
10.026  8.734  8.337  7.550  7.102  7.014  7.113  7.755  8.277  9.107  9.900 
10.006  9.137  8.363  7.631  7.073  7.014  7.204  7.571  8.281  9.024 10.149 
10.021  9.087  8.169  7.622  7.159  7.062  7.206  7.806  8.164  9.037  9.936 
10.010  9.003  8.064  7.475  7.192  7.224  7.259  7.653  8.341  9.057 10.101 
10.017  9.138  8.331  7.680  7.415  7.009  7.460  7.576  8.328  9.080  9.970 
10.195  9.095  8.309  7.562  7.203  7.024  7.353  7.496  8.188  8.934 10.116 
 9.857  8.946  8.218  7.625  7.316  7.118  7.054  7.584  8.197  9.028 10.068 
 9.984  9.086  8.107  7.540  7.226  7.230  7.273  7.683  8.177  9.184  9.926 
 9.963  9.109  8.145  7.617  7.279  7.167  7.199  7.612  8.288  8.999 10.054 
 9.931  9.017  8.282  7.556  7.349  7.151  7.306  7.799  8.194  9.089  9.928 
 9.983  9.133  8.209  7.590  7.333  6.979  7.218  7.511  8.221  8.973  9.770 
10.065  9.019  8.293  7.695  7.043  7.034  7.283  7.512  8.274  8.919  9.998 
 9.887  8.948  8.291  7.342  7.165  6.982  7.314  7.535  8.070  9.125  9.987 
10.008  9.255  8.252  7.714  7.281  7.161  7.118  7.505  8.096  9.219 10.042 
10.208  9.095  8.265  7.577  7.156  7.242  7.082  7.791  8.029  9.040  9.920 
10.008  9.186  8.408  7.796  7.200  6.917  7.233  7.638  8.293  9.035  9.935 
10.068  8.997  8.460  7.432  7.176  7.147  7.114  7.701  8.320  9.170 10.028 
10.016  9.054  8.282  7.525  7.423  7.095  7.123  7.624  8.228  9.057 10.023 
 9.915  8.969  8.078  7.409  7.192  7.009  7.180  7.752  8.205  8.992  9.889 
 9.908  8.883  8.431  7.532  7.375  7.023  7.190  7.686  8.079  8.910  9.984 
 9.950  9.279  8.029  7.649  7.117  7.183  7.334  7.626  8.172  8.904  9.823 
10.039  8.965  8.334  7.708  7.270  7.085  7.252  7.647  8.257  8.990  9.889 
 9.950  9.151  8.254  7.622  7.154  7.050  7.280  7.628  8.174  9.041 10.133 
 9.936  8.853  8.147  7.730  7.200  7.027  7.264  7.608  8.343  9.087 10.057 
 9.899  8.998  8.189  7.705  7.274  7.073  7.257  7.605  8.336  8.991  9.983 
10.130  8.955  8.326  7.749  7.369  7.174  7.331  7.604  8.131  8.985  9.985 
10.031  9.000  8.332  7.765  7.310  7.049  7.072  7.456  8.159  8.874  9.953 
10.080  9.112  8.227  7.509  7.188  6.889  7.147  7.694  8.216  8.982  9.995 
10.182  8.946  8.147  7.577  7.065  7.037  7.134  7.542  8.312  9.035  9.979 
10.158  9.047  8.241  7.641  7.141  7.070  7.147  7.599  8.339  9.104  9.886 
 9.888  9.131  8.329  7.669  7.244  7.070  7.310  7.702  8.354  9.019 10.001 
 9.945  9.026  8.129  7.556  7.250  6.907  7.084  7.596  8.354  9.016  9.915 
 9.922  9.015  8.471  7.762  7.207  7.182  7.325  7.703  8.391  8.961  9.771 
 9.912  9.126  8.059  7.743  7.293  6.885  7.197  7.482  8.290  8.901  9.983 
10.084  9.105  8.112  7.454  7.281  6.975  7.160  7.584  8.240  8.952  9.852 
10.031  9.004  8.141  7.708  7.315  7.313  7.244  7.600  8.188  9.032 10.006 
 9.988  9.119  8.141  7.694  7.188  7.054  7.150  7.500  8.187  9.034 10.055 
 9.861  9.087  8.193  7.691  7.307  7.034  7.213  7.694  8.334  8.966 10.062 
 9.972  9.237  8.082  7.667  7.130  7.005  7.245  7.479  8.115  8.983  9.867 
10.038  9.068  8.233  7.658  7.261  6.943  7.327  7.573  8.306  9.126 10.013 
10.047  9.064  8.090  7.542  7.294  7.144  7.120  7.565  8.080  8.880 10.123 
10.243  8.828  8.341  7.481  7.362  7.160  7.142  7.563  8.086  8.995 10.197 
 9.943  9.163  8.413  7.564  7.350  7.082  7.128  7.497  8.223  9.047  9.728 
10.152  8.972  8.138  7.765  7.164  7.195  7.230  7.612  8.333  8.996 10.010 
 9.964  9.072  8.335  7.639  7.274  6.862  7.136  7.680  8.204  9.075  9.982 
 9.893  9.043  8.188  7.525  7.238  7.090  7.188  7.514  8.296  9.014 10.028 
10.011  9.069  8.276  7.559  7.254  6.932  7.214  7.589  8.295  9.183 10.047 
 9.928  9.137  8.198  7.738  7.293  7.126  7.257  7.450  8.182  9.154 10.041 
10.134  8.879  8.141  7.681  7.218  6.889  7.124  7.556  8.395  9.247  9.986 
10.056  9.081  8.316  7.349  7.195  6.894  7.283  7.613  8.421  9.161  9.918 
10.141  9.093  8.403  7.498  7.103  7.177  7.467  7.622  8.234  9.170  9.916 
 9.948  8.966  8.276  7.637  7.240  7.081  7.158  7.583  8.182  9.088  9.969 
10.073  9.203  8.279  7.852  7.197  7.137  7.326  7.672  8.336  9.118 10.288 
 9.922  9.125  8.251  7.456  7.185  7.087  6.994  7.747  8.069  9.019 10.170 
10.055  9.311  8.343  7.568  7.287  7.011  7.284  7.633  8.309  8.986 10.092 
 9.937  9.170  8.129  7.513  7.291  7.142  7.339  7.623  8.265  8.993 10.022 
 9.925  9.117  8.238  7.418  7.391  7.099  7.325  7.745  8.130  9.135 10.023 
10.091  8.895  8.393  7.447  7.322  7.027  7.212  7.596  8.350  9.007  9.937 
10.068  9.185  8.300  7.444  7.092  7.156  7.169  7.677  8.313  8.881 10.104 
 9.991  9.027  8.274  7.598  7.145  6.970  7.043  7.604  8.333  8.947  9.958 
 9.950  9.309  8.325  7.670  7.292  7.283  7.262  7.559  8.230  9.156  9.882 
 9.840  9.141  8.153  7.881  7.123  7.026  7.223  7.370  8.442  9.026  9.950 
 9.893  9.072  8.294  7.500  7.192  7.112  7.254  7.633  8.354  9.043  9.862 
10.052  8.924  8.255  7.612  7.126  7.086  7.056  7.596  8.198  9.159  9.847 
10.004  8.991  8.168  7.683  7.025  7.136  7.268  7.413  8.211  9.240 10.141 
10.123  9.190  8.464  7.771  7.093  6.826  7.297  7.780  8.142  9.001 10.065 
10.139  9.142  8.344  7.681  7.230  7.141  7.167  7.561  8.313  8.818 10.102 
10.084  9.066  8.211  7.685  7.271  7.081  7.184  7.849  8.162  9.056 10.156 
 9.919  9.184  7.974  7.563  7.123  6.880  7.301  7.439  8.342  9.097 10.021 
10.053  8.973  8.440  7.583  7.139  6.944  7.164  7.500  8.256  9.107  9.997 
 9.914  8.998  8.315  7.589  7.369  7.083  7.158  7.427  8.154  9.034 10.005 
 9.875  9.008  8.258  7.610  7.315  7.255  7.270  7.657  8.269  9.141 10.205 
 9.802  9.199  7.998  7.759  7.296  7.193  7.203  7.567  8.176  8.964 10.030 
 9.895  9.155  8.143  7.707  7.150  6.832  7.232  7.754  8.037  9.109  9.937 
10.021  9.068  8.117  7.624  6.960  7.098  7.151  7.591  8.225  9.016 10.029 
10.096  9.057  8.331  7.768  7.161  6.964  7.300  7.666  8.219  9.166  9.973 
 9.652  9.073  8.137  7.837  7.135  6.989  7.103  7.714  8.330  9.081 10.049 
10.002  9.071  8.332  7.543  7.370  6.990  7.304  7.646  8.072  9.041 10.071 
 9.883  9.173  8.105  7.429  7.335  7.169  7.221  7.759  8.280  9.146  9.896 
10.042  8.935  8.238  7.489  7.344  7.147  7.191  7.501  8.307  8.981 10.266 
10.159  9.170  8.215  7.536  7.359  7.123  7.200  7.618  8.189  8.897 10.000 
10.081  9.069  8.189  7.721  7.234  6.961  7.079  7.715  8.141  9.045 10.156 
 9.979  8.960  8.254  7.566  7.438  6.940  7.187  7.609  8.336  9.040  9.880 
 9.724  8.995  8.441  7.724  7.231  7.105  7.264  7.542  8.248  9.062  9.996 
10.014  8.883  8.379  7.500  7.086  7.052  7.184  7.603  8.143  8.879 10.141 
 9.910  8.979  8.342  7.599  7.234  7.130  7.275  7.699  8.286  9.295  9.898 
10.097  9.244  8.109  7.631  7.306  7.077  7.324  7.428  8.149  9.175  9.895 
 9.964  8.746  8.285  7.379  7.065  7.165  7.280  7.642  8.319  9.017  9.845 
10.045  9.043  8.289  7.446  7.170  7.237  7.121  7.466  8.215  8.943 10.022 
 9.898  9.074  8.171  7.704  7.094  6.908  7.123  7.772  8.221  9.262 10.275 
 9.920  9.089  8.282  7.408  7.245  7.091  7.172  7.612  8.258  8.925  9.989 
 9.902  9.047  8.245  7.458  7.298  6.888  7.235  7.509  8.088  8.986 10.166 
 9.948  9.087  8.289  7.693  7.418  7.254  7.313  7.607  8.372  8.849 10.056 
 9.879  9.203  8.107  7.648  7.227  7.020  7.217  7.640  8.276  9.068 10.182 
10.033  9.140  8.239  7.549  7.078  7.027  7.039  7.557  8.146  9.061  9.919 
10.034  8.992  7.987  7.702  7.132  6.990  7.024  7.561  8.215  9.081 10.030 
10.075  9.085  8.272  7.733  7.102  7.130  6.946  7.667  8.228  8.862 10.084 
 9.922  9.110  8.113  7.612  7.103  7.036  7.192  7.691  8.223  9.220 10.047 
10.067  9.231  8.270  7.661  7.318  7.066  7.190  7.660  8.133  8.915  9.893 
 9.856  9.060  8.333  7.714  7.060  7.312  7.282  7.693  8.250  8.965 10.026 
 9.942  8.972  8.103  7.717  7.301  7.066  7.264  7.750  8.332  9.123  9.882 
 9.892  9.105  8.272  7.678  7.057  6.837  7.008  7.687  8.144  8.989  9.991 
 9.947  8.961  8.214  7.435  7.306  7.024  7.066  7.753  8.369  8.882  9.977 
 9.992  9.221  8.277  7.696  7.150  7.075  7.257  7.524  8.419  9.148  9.808 
10.061  9.207  8.233  7.556  7.139  7.195  7.265  7.656  8.133  9.233 10.032 
 9.977  9.059  8.306  7.631  7.192  7.188  7.193  7.411  8.133  8.858  9.997 
10.096  8.986  8.161  7.661  7.230  7.325  7.260  7.688  8.182  9.161  9.904 
 9.836  9.275  8.263  7.836  7.272  6.916  7.139  7.622  8.282  8.954  9.944 
10.099  9.067  8.187  7.647  7.283  7.242  7.178  7.590  8.415  9.059 10.075 
 9.887  9.167  8.150  7.858  7.404  6.933  7.050  7.780  8.291  8.804  9.735 
 9.863  9.108  8.238  7.618  7.305  7.241  7.182  7.665  8.300  9.036  9.819 
 9.977  9.041  8.335  7.815  7.289  6.977  7.276  7.588  8.225  9.076  9.962 
 9.982  9.178  8.377  7.617  7.258  7.027  7.154  7.704  8.191  8.956 10.114 
 9.986  9.033  8.168  7.581  7.068  7.041  7.162  7.653  8.362  9.165  9.981 
10.015  9.003  8.188  7.679  7.045  6.956  7.057  7.395  8.447  8.988 10.131 
10.121  8.993  8.224  7.716  7.331  6.973  7.121  7.690  8.288  8.793 10.299 
10.012  8.994  8.196  7.730  7.253  7.239  7.157  7.875  8.380  8.942 10.061 
 9.952  9.065  8.368  7.609  7.300  7.012  7.095  7.538  8.288  8.899 10.126 
 9.910  8.986  8.228  7.579  7.177  7.204  7.303  7.491  8.118  9.164 10.095 
 9.951  9.147  8.379  7.701  7.207  6.962  7.136  7.606  8.356  9.014  9.966 
 9.958  8.930  8.142  7.632  7.362  7.123  7.317  7.586  8.127  9.129 10.019 
10.056  9.225  8.261  7.599  7.280  6.872  7.206  7.552  8.262  8.935 10.001 
 9.990  9.089  8.139  7.583  7.219  7.150  7.158  7.845  8.269  9.072 10.001 
 9.921  9.058  8.171  7.604  7.184  7.109  7.303  7.709  8.255  9.180 10.065 
10.133  9.087  8.444  7.650  7.365  7.120  7.287  7.604  8.242  9.041  9.982 
 9.810  9.184  8.072  7.550  7.230  7.054  7.267  7.515  8.082  9.024  9.859 
10.159  8.987  8.386  7.472  7.394  7.064  7.155  7.532  8.325  9.035 10.033 
 9.937  9.042  8.167  7.456  7.193  7.179  7.133  7.606  8.271  8.749 10.043 
10.085  9.011  8.168  7.681  7.124  6.877  7.060  7.574  8.271  9.119 10.183 
10.220  9.152  8.234  7.692  7.218  7.079  7.138  7.754  8.287  9.173  9.956 
10.082  9.024  8.328  7.679  7.383  7.080  7.150  7.461  8.314  9.055 10.016 
 9.977  9.255  8.224  7.451  7.263  6.935  7.285  7.606  8.203  8.912  9.931 
10.131  9.081  7.995  7.670  7.297  7.039  7.101  7.594  8.308  9.088  9.877 
 9.985  9.213  8.381  7.714  7.162  6.941  7.382  7.532  8.431  8.968  9.926 
 9.991  9.216  8.355  7.595  7.163  7.054  7.209  7.588  8.206  8.851  9.950 
 9.953  9.091  8.035  7.580  7.179  6.928  7.260  7.522  8.280  8.941  9.938 
 9.985  8.992  8.484  7.828  7.087  7.009  7.225  7.672  8.292  9.061  9.825 
 9.879  9.056  8.241  7.443  7.045  7.003  7.330  7.560  8.269  8.907 10.100 
 9.838  9.021  8.146  7.491  7.282  7.072  7.356  7.507  8.222  8.976 10.088 
 9.927  9.024  8.328  7.598  7.121  7.032  7.238  7.548  8.217  9.066  9.798 
10.126  9.143  8.187  7.579  7.278  7.120  7.218  7.585  8.163  9.257  9.769 
10.037  9.074  8.254  7.512  7.255  7.053  7.322  7.453  8.346  9.063  9.912 
10.235  8.995  8.414  7.489  7.190  7.103  7.239  7.688  8.282  9.023 10.067 
 9.902  9.094  8.189  7.590  7.238  7.113  7.196  7.565  8.223  9.159 10.000 
 9.878  9.124  8.236  7.587  7.141  7.225  7.262  7.422  8.290  9.076  9.990 
10.040  9.141  8.348  7.546  7.210  6.938  7.259  7.496  8.146  8.951 10.084 
10.081  9.151  8.330  7.691  7.258  7.066  7.210  7.658  8.273  9.088  9.823 
10.137  9.050  8.243  7.572  7.237  7.139  7.161  7.547  8.357  9.041  9.962 
 9.990  8.950  8.436  7.606  7.340  7.028  7.143  7.497  8.179  8.982 10.044 
10.054  9.057  8.306  7.603  7.242  7.073  7.308  7.599  8.263  9.119  9.879 
 9.870  9.421  8.365  7.602  7.238  7.205  7.189  7.672  8.342  9.162  9.800 
10.108  9.040  8.166  7.389  7.170  7.006  7.357  7.726  8.318  9.064  9.848 
10.040  8.989  8.341  7.610  7.234  7.092  7.335  7.663  8.200  9.206 10.110 
10.079  9.041  8.267  7.757  7.287  7.007  7.085  7.555  8.141  8.971  9.973 
10.007  9.043  8.172  7.597  7.171  7.036  7.218  7.627  8.201  9.057 10.158 
10.026  9.103  8.247  7.764  7.099  7.177  7.375  7.668  8.280  9.017 10.074 
 9.834  9.015  8.257  7.593  7.085  7.034  7.215  7.686  8.358  9.160 10.025 
10.013  9.085  8.096  7.644  7.320  7.090  7.226  7.606  8.099  9.094  9.915 
 9.968  9.102  8.173  7.679  7.253  7.083  7.200  7.406  8.228  9.121  9.822 
10.144  8.870  8.134  7.629  7.328  7.176  7.334  7.640  8.175  9.041 10.216 
10.183  9.073  8.315  7.587  7.201  7.129  7.301  7.495  8.132  8.927  9.906 
10.078  9.027  8.332  7.735  7.199  6.945  7.314  7.685  8.307  8.840  9.916 
10.124  9.169  8.202  7.540  7.436  7.037  7.162  7.556  8.263  9.037  9.902 
 9.951  9.166  8.391  7.741  7.304  7.089  7.238  7.653  8.407  8.914 10.231 
10.025  9.120  8.218  7.426  7.178  7.032  7.054  7.746  8.259  8.961 10.147 
10.119  9.188  8.018  7.602  7.299  6.998  7.266  7.716  8.306  8.997 10.000 
10.028  9.311  8.435  7.479  7.142  7.280  7.285  7.706  8.232  9.116 10.044 
10.009  8.941  8.185  7.782  7.192  6.968  7.255  7.728  8.290  9.187  9.707 
10.081  9.066  8.398  7.657  7.150  7.107  7.098  7.518  8.124  9.070  9.984 
 9.927  8.912  8.105  7.477  7.098  7.142  7.232  7.579  8.287  9.086 10.111 
10.152  9.206  8.308  7.534  7.234  7.041  7.367  7.608  8.321  9.178 10.239 
 9.944  9.044  8.127  7.523  7.234  7.182  7.143  7.670  8.256  8.917 10.099 
 9.838  8.948  8.426  7.664  7.217  7.148  7.313  7.590  8.272  8.945 10.115 
10.067  8.907  8.438  7.633  7.234  7.145  7.366  7.490  8.363  9.095  9.887 
10.197  9.160  8.313  7.537  7.236  7.004  7.243  7.538  8.428  9.065 10.056 
 9.820  9.134  8.192  7.737  7.226  6.940  7.234  7.608  8.095  9.154 10.184 
10.028  8.969  8.143  7.620  7.268  7.050  7.080  7.629  8.129  9.005  9.895 
10.054  9.073  8.063  7.412  7.097  6.947  7.160  7.625  8.337  8.931  9.928 
10.052  9.179  8.255  7.682  7.192  6.999  7.346  7.651  8.305  9.089 10.024 
 9.867  9.234  8.384  7.572  7.345  7.010  7.257  7.514  8.221  8.940  9.880 
 9.932  8.932  8.395  7.778  7.139  7.229  7.077  7.658  8.355  9.183  9.962 
 9.814  8.961  8.276  7.580  7.141  6.947  7.242  7.678  8.276  9.029  9.903 
 9.929  9.034  8.132  7.388  7.152  7.023  7.331  7.751  8.117  9.089  9.844 
 9.869  8.979  8.216  7.590  7.317  7.197  7.021  7.640  8.330  9.072  9.946 
10.030  8.979  8.309  7.714  7.310  7.205  7.282  7.721  8.225  9.063  9.897 
10.076  8.670  8.335  7.659  7.384  6.985  7.101  7.657  8.234  9.041 10.007 
 9.996  9.105  8.336  7.603  7.185  7.222  7.182  7.685  8.224  9.160 10.147 
 9.881  9.129  8.171  7.715  7.177  7.165  7.285  7.713  8.166  9.013  9.922 
10.006  9.276  8.091  7.554  7.280  7.127  7.230  7.789  8.185  9.050 10.039 
 9.896  9.302  8.157  7.749  7.193  7.092  7.251  7.782  8.133  9.118 10.084 
10.097  9.062  8.235  7.477  7.169  6.719  7.393  7.573  8.279  9.144  9.976 
10.006  9.039  8.056  7.647  7.055  7.086  7.390  7.545  8.368  9.285  9.853 
10.091  9.175  8.451  7.681  7.259  7.069  7.108  7.782  8.255  8.832  9.989 
10.105  9.134  8.192  7.683  7.351  6.958  7.156  7.648  8.408  8.844 10.096 
10.102  9.079  8.208  7.752  7.416  7.017  7.228  7.677  8.212  9.035  9.966 
10.016  9.067  8.186  7.695  7.253  7.309  7.079  7.583  8.446  9.210  9.999 
 9.921  9.032  8.103  7.504  7.293  6.928  7.259  7.721  8.053  8.885  9.902 
10.006  9.071  8.092  7.766  7.337  7.195  7.163  7.621  8.269  8.940  9.996 
10.135  9.071  8.088  7.608  7.081  7.165  7.331  7.532  8.315  8.973 10.000 
 9.995  8.956  8.296  7.575  7.215  7.052  7.023  7.834  8.123  8.836  9.956 
 9.847  9.208  8.299  7.516  7.198  7.087  7.276  7.502  8.217  9.037 10.004 
 9.829  9.092  8.160  7.495  7.114  6.988  7.211  7.520  8.399  9.073  9.864 
 9.947  9.047  8.125  7.665  7.380  6.996  7.226  7.714  8.243  8.996 10.078 
 9.988  9.197  8.293  7.911  7.291  7.145  7.084  7.855  8.284  8.882 10.034 
 9.985  9.055  8.215  7.679  7.310  7.066  7.138  7.663  8.353  9.204  9.849 
10.114  9.162  8.066  7.632  7.310  7.040  7.364  7.461  8.324  9.004 10.041 
 9.811  8.992  8.148  7.486  7.316  7.117  7.193  7.658  8.339  9.187  9.786 
 9.987  9.131  8.195  7.595  7.256  7.008  7.230  7.576  8.428  9.029 10.079 
 9.874  9.056  8.169  7.579  7.199  6.895  7.271  7.751  8.536  9.139  9.944 
 9.940  9.267  8.286  7.419  7.138  7.137  7.306  7.639  8.171  8.985  9.874 
10.009  9.224  8.371  7.482  7.317  7.020  7.303  7.614  8.106  8.944  9.948 
10.041  9.047  8.373  7.583  7.160  7.021  7.128  7.793  8.192  9.094  9.890 
10.122  9.036  8.249  7.678  7.166  7.101  7.100  7.821  8.169  8.847 10.120 
10.143  8.962  8.328  7.696  7.152  7.101  6.972  7.606  8.253  8.992 10.087 
 9.984  9.148  8.236  7.569  7.213  7.053  7.222  7.563  8.253  8.962  9.992 
10.074  9.071  8.309  7.642  7.123  6.992  7.357  7.577  8.425  9.056 10.091 
 9.963  8.926  8.218  7.646  7.262  7.108  7.104  7.475  8.076  9.004  9.909 
10.006  8.986  8.210  7.657  7.157  7.201  7.270  7.556  8.422  9.021  9.960 
10.101  9.087  8.443  7.496  7.438  6.828  6.999  7.504  8.302  8.943 10.026 
10.071  8.994  8.359  7.694  7.240  7.225  7.277  7.723  8.424  9.066  9.990 
 9.941  8.842  8.224  7.731  7.240  7.044  7.224  7.531  8.175  9.150 10.101 
10.174  8.920  8.195  7.646  7.215  7.036  7.201  7.655  8.200  8.869 10.028 
 9.933  9.310  8.193  7.704  7.369  6.968  7.330  7.681  8.206  8.956 10.082 
10.189  8.998  8.266  7.581  7.224  7.032  7.148  7.440  8.239  9.157  9.929 
10.085  9.149  8.261  7.694  7.106  6.952  7.192  7.680  8.226  9.003 10.078 
10.033  9.052  8.227  7.533  6.960  7.188  7.319  7.656  8.230  8.925 10.054 
10.061  9.086  8.316  7.717  7.174  7.029  7.332  7.537  8.242  9.072 10.158 
 9.936  9.177  8.164  7.572  7.185  7.017  7.236  7.565  8.056  8.929 10.038 
 9.969  9.077  8.178  7.661  7.198  7.037  7.230  7.691  8.167  9.086 10.035 
 9.894  8.976  8.261  7.605  7.237  7.138  7.207  7.459  8.103  9.025 10.236 
10.066  9.130  8.170  7.578  7.190  6.983  7.345  7.575  8.224  9.132 10.046 
10.054  8.897  8.141  7.585  7.117  7.210  7.234  7.570  8.098  9.170 10.277 
 9.927  9.022  8.322  7.622  7.285  7.004  7.176  7.384  8.252  9.098  9.974 
 9.774  9.187  8.366  7.665  7.169  7.096  7.140  7.400  8.371  9.093 10.095 
10.124  9.029  8.240  7.534  7.058  6.937  7.299  7.510  8.328  9.180 10.072 
10.175  9.153  8.307  7.592  7.400  7.076  7.219  7.440  8.475  9.027 10.060 
 9.845  9.141  8.161  7.608  7.137  7.086  7.329  7.531  8.245  8.995 10.126 
 9.997  9.024  8.184  7.475  7.144  6.823  7.247  7.471  8.421  9.087  9.875 
10.029  9.115  8.297  7.540  7.184  7.108  7.271  7.484  8.293  8.983  9.951 
 9.975  9.120  8.336  7.632  7.112  7.050  7.419  7.552  8.068  9.170  9.996 
 9.971  9.050  8.138  7.526  7.198  6.900  7.001  7.537  8.157  8.920 10.076 
10.067  9.059  8.297  7.428  7.172  6.865  7.181  7.643  8.058  8.981  9.887 
 9.893  9.001  8.361  7.523  7.227  7.006  7.217  7.541  8.183  9.074  9.919 
10.024  8.962  8.289  7.572  7.099  7.022  7.158  7.620  8.343  9.119  9.862 
 9.976  8.876  8.338  7.695  7.347  6.906  7.111  7.662  8.218  9.105  9.985 
10.019  8.846  8.203  7.517  7.267  7.202  7.258  7.700  8.463  9.105 10.202 
10.022  9.112  8.060  7.598  7.174  7.238  7.189  7.673  8.206  9.068 10.053 
10.080  8.915  8.318  7.542  7.286  7.102  7.184  7.777  8.219  8.998  9.819 
10.006  9.272  8.317  7.408  7.016  7.114  7.317  7.550  8.261  8.902  9.919 
 9.971  9.025  8.187  7.647  7.437  7.055  7.313  7.626  8.197  9.120 10.039 
10.157  9.079  8.140  7.511  7.170  7.040  7.197  7.635  8.146  9.222  9.927 
10.023  9.042  8.232  7.844  7.211  7.025  7.234  7.618  8.378  9.249  9.958 
10.196  9.137  8.344  7.738  7.073  6.980  7.209  7.605  8.203  9.164 10.089 
10.156  8.991  8.346  7.653  7.345  7.051  7.336  7.672  8.222  9.182 10.284 
 9.953  9.121  8.368  7.674  7.166  7.179  7.348  7.569  8.222  8.859 10.133 
10.001  9.243  8.141  7.876  7.008  6.864  7.262  7.772  8.299  8.917 10.072 
 9.861  9.062  8.497  7.664  7.162  7.060  7.316  7.670  8.194  9.050 10.093 
 9.919  9.170  8.179  7.526  7.119  7.252  7.363  7.647  8.298  8.865 10.091 
10.017  9.046  8.107  7.395  6.975  7.168  7.142  7.556  8.294  9.097  9.965 
 9.964  8.972  8.356  7.658  7.216  6.956  7.202  7.706  8.143  9.385  9.935 
 9.899  8.890  8.283  7.642  7.208  7.181  7.225  7.495  8.062  9.092  9.877 
 9.885  9.055  8.254  7.819  7.403  7.045  7.022  7.718  8.139  9.077  9.897 
10.023  9.194  8.397  7.641  7.224  7.155  7.248  7.633  8.407  9.192  9.937 
10.076  8.902  8.199  7.706  7.308  7.058  7.265  7.857  8.123  8.925 10.105 
 9.888  8.971  8.188  7.752  7.115  7.149  7.133  7.655  8.081  9.128  9.975 
 9.997  9.064  8.324  7.504  7.302  7.147  7.222  7.600  8.166  9.025  9.925 
10.011  9.082  8.167  7.511  7.253  7.068  6.994  7.658  8.226  8.937  9.975 
 9.978  9.045  8.212  7.695  7.238  7.108  6.949  7.565  8.254  9.071  9.995 
10.075  9.138  8.197  7.649  7.270  7.133  7.149  7.576  8.177  9.253  9.933 
10.061  8.899  8.172  7.701  7.278  7.079  7.412  7.804  8.297  9.143  9.888 
 9.968  8.940  8.401  7.567  6.973  7.147  7.158  7.623  8.274  9.103 10.041 
10.031  9.075  8.255  7.485  7.089  7.009  7.251  7.725  8.353  9.080  9.861 
 9.836  9.094  8.132  7.750  7.170  7.129  7.057  7.637  8.179  8.970  9.969 
 9.971  9.156  8.284  7.533  7.307  6.890  7.272  7.631  8.229  8.845 10.139 
 9.908  8.990  8.353  7.485  7.320  7.148  7.048  7.509  8.318  9.108 10.064 
 9.842  9.042  8.164  7.510  7.280  7.059  7.068  7.563  8.185  9.008  9.865 
10.006  8.988  8.142  7.745  7.278  7.160  7.366  7.414  8.196  8.892  9.974 
 9.875  9.132  8.222  7.569  7.034  7.005  7.128  7.552  8.273  9.229  9.900 
10.111  9.139  8.216  7.474  7.190  7.026  7.083  7.765  8.098  8.937 10.082 
10.089  8.941  8.189  7.446  7.118  6.943  7.017  7.628  8.265  9.200 10.056 
10.027  9.186  8.232  7.576  7.188  6.927  7.177  7.657  8.243  8.960 10.042 
 9.985  8.887  8.078  7.802  7.286  7.300  7.350  7.678  8.229  9.246 10.101 
 9.937  9.260  8.147  7.734  7.047  7.003  7.216  7.758  8.088  9.060  9.971 
10.004  9.192  8.130  7.725  7.113  7.078  7.044  7.700  8.176  9.096  9.988 
10.076  9.065  8.443  7.641  7.335  7.019  7.237  7.483  8.149  9.100 10.000 
 9.956  9.185  8.124  7.644  7.108  7.105  7.231  7.769  8.184  8.982 10.175 
 9.961  9.073  8.255  7.712  7.363  7.016  7.277  7.639  8.363  9.008  9.876 
 9.965  9.006  8.210  7.606  6.926  7.160  7.132  7.717  8.184  8.999 10.112 
10.034  9.055  8.247  7.431  7.339  7.211  7.136  7.749  8.183  9.085 10.150 
 9.838  8.960  8.115  7.575  7.246  7.128  7.151  7.635  8.252  9.101 10.130 
10.054  8.806  8.335  7.805  7.116  7.102  7.168  7.780  8.355  8.980 10.048 
10.024  9.036  8.189  7.608  7.324  7.273  7.409  7.593  8.308  8.966  9.957 
 9.986  9.143  8.066  7.834  7.172  6.937  7.243  7.554  8.322  9.120 10.032 
10.054  8.990  7.948  7.500  7.090  7.011  7.197  7.630  8.109  8.973  9.925 
 9.907  9.081  8.159  7.692  7.115  7.157  7.125  7.640  8.161  8.988  9.949 
 9.899  9.115  8.183  7.725  7.248  7.101  7.170  7.625  8.243  8.926  9.867 
10.053  9.070  8.162  7.694  7.217  7.102  7.087  7.695  8.309  8.919  9.983 
 9.952  9.040  8.282  7.684  7.208  7.089  7.200  7.798  8.144  9.102 10.084 
 9.987  9.183  8.148  7.547  7.264  6.983  7.158  7.725  8.029  9.070 10.121 
10.053  8.935  8.165  7.659  7.216  7.143  7.164  7.785  8.214  9.006 10.041 
 9.939  9.098  8.137  7.640  7.102  7.252  7.402  7.526  8.209  9.117  9.868 
 9.970  8.927  8.257  7.632  7.099  6.999  7.219  7.381  8.138  9.005 10.053 
10.092  9.027  8.266  7.572  7.159  7.086  7.264  7.741  8.409  8.928 10.044 
10.101  8.976  8.345  7.563  7.150  6.966  7.077  7.732  8.220  9.087  9.902 
10.147  8.953  8.209  7.485  7.339  6.996  7.407  7.650  8.226  9.131  9.929 
 9.793  8.981  8.109  7.586  7.207  7.275  7.324  7.567  8.033  9.014 10.083 
 9.924  8.884  8.213  7.584  7.170  7.114  7.173  7.699  8.352  9.108  9.912 
 9.824  9.124  8.146  7.739  7.283  7.145  7.265  7.541  8.322  9.159 10.267 
 9.997  8.957  8.288  7.597  7.382  6.987  7.299  7.775  8.209  9.059  9.767 
10.021  9.084  8.346  7.687  7.371  7.000  7.308  7.689  8.198  9.082  9.919 
 9.991  9.135  8.119  7.470  7.226  7.094  6.946  7.490  8.317  8.977  9.974 
10.053  9.120  8.265  7.588  7.261  7.123  7.144  7.632  8.248  8.883 10.022 
 9.917  8.967  8.064  7.803  7.012  7.130  7.186  7.663  8.082  9.222 10.017 
 9.873  9.015  8.246  7.511  7.064  7.109  7.382  7.590  8.180  8.976 10.044 
 9.889  9.239  8.380  7.507  7.199  7.130  7.159  7.630  8.242  8.991 10.118 
 9.832  9.184  8.323  7.689  7.335  6.997  7.292  7.585  8.202  9.125 10.114 
10.023  9.021  8.271  7.618  7.166  7.065  7.307  7.523  8.100  8.973  9.926 
 9.925  9.052  8.174  7.589  7.206  6.921  7.004  7.483  8.213  9.015 10.137 
 9.904  8.876  8.269  7.588  7.236  7.055  7.268  7.604  8.287  8.937 10.103 
10.019  8.884  8.202  7.652  7.155  7.234  7.193  7.350  8.190  8.981  9.932 
 9.975  9.061  8.326  7.558  7.276  6.989  7.208  7.585  8.129  9.024  9.813 
 9.953  9.070  8.230  7.517  7.180  6.944  7.136  7.536  8.271  9.182 10.156 
10.056  9.025  8.311  7.582  7.123  7.038  7.244  7.566  8.352  8.983  9.943 
10.165  9.035  8.370  7.527  7.249  7.035  7.261  7.718  8.218  8.971  9.875 
10.063  9.102  8.314  7.492  7.219  7.143  7.408  7.668  8.232  9.173 10.149 
 9.899  8.998  8.169  7.658  7.178  7.183  6.975  7.665  8.059  9.113  9.996 
10.193  9.291  8.238  7.669  7.064  7.120  7.313  7.655  8.239  8.985  9.944 
 9.909  9.116  8.270  7.642  7.182  7.051  7.227  7.580  8.316  8.983 10.089 
10.002  9.087  8.397  7.830  7.242  6.799  7.236  7.722  8.385  9.031  9.774 
 9.806  9.141  8.139  7.753  7.062  7.016  7.271  7.591  7.921  8.913 10.123 
 9.994  9.038  8.154  7.669  7.012  6.945  7.299  7.685  8.263  9.005  9.986 
10.240  8.865  8.429  7.601  7.251  7.045  7.268  7.600  8.465  9.117  9.855 
10.089  9.065  8.224  7.718  7.308  7.051  7.133  7.699  8.178  9.130 10.118 
 9.970  9.186  8.241  7.664  7.297  7.167  7.272  7.622  8.228  9.056  9.904 
 9.983  8.875  8.189  7.513  7.209  6.983  7.392  7.631  8.340  9.070  9.973 
10.171  8.949  8.432  7.692  7.363  6.968  7.295  7.515  8.309  9.099  9.967 
10.010  8.973  8.331  7.568  6.991  6.846  7.190  7.759  8.266  8.885 10.039 
10.101  8.921  8.198  7.605  7.322  7.076  7.107  7.767  8.235  9.146 10.008 
10.074  9.089  8.256  7.604  7.342  7.084  7.146  7.673  8.186  8.993 10.073 
10.006  9.076  8.185  7.773  7.104  6.997  7.139  7.556  8.254  9.016  9.938 
 9.931  9.091  8.282  7.471  7.378  7.085  7.197  7.606  8.311  9.117 10.193 
 9.794  8.920  8.234  7.631  7.067  7.052  7.158  7.536  8.100  9.154 10.164 
10.021  9.016  8.283  7.713  7.174  7.111  7.244  7.512  8.254  9.044 10.044 
 9.972  9.191  8.301  7.535  7.170  7.075  7.238  7.598  8.325  9.180 10.049 
10.059  9.163  8.377  7.513  7.259  7.006  7.139  7.515  8.333  9.222  9.862 
10.209  8.984  8.134  7.695  7.256  6.835  7.173  7.682  8.283  8.919 10.088 
10.185  9.135  8.174  7.653  7.241  7.013  7.344  7.599  8.290  9.081 10.032 
 9.953  9.149  8.166  7.693  7.446  6.926  7.149  7.504  8.185  8.909 10.006 
 9.874  9.136  8.180  7.653  7.074  7.096  7.349  7.664  8.049  9.128  9.882 
10.023  8.994  8.411  7.557  7.260  6.989  7.101  7.745  8.258  9.075 10.072 
10.054  9.117  8.204  7.505  7.330  7.098  7.373  7.590  8.267  9.064 10.230 
 9.997  9.065  8.205  7.485  7.167  7.186  7.227  7.605  8.132  9.167  9.878 
 9.982  9.220  8.174  7.399  7.063  7.205  7.026  7.446  8.288  9.219  9.970 
 9.834  9.049  8.268  7.571  7.341  7.074  7.146  7.543  8.221  8.995  9.895 
10.088  9.024  8.365  7.521  7.188  7.121  7.213  7.803  8.497  9.040  9.941 
10.051  9.161  8.425  7.641  7.147  7.162  7.177  7.499  8.288  9.133 10.066 
 9.995  9.075  8.223  7.434  7.246  7.130  7.157  7.606  8.183  9.180 10.036 
10.174  9.235  8.132  7.630  7.186  7.165  7.160  7.782  8.280  9.099 10.017 
10.008  9.115  8.433  7.565  7.226  6.935  7.209  7.534  8.236  9.133 10.063 
10.024  9.075  8.253  7.576  7.147  7.089  7.172  7.572  8.247  8.890 10.089 
 9.916  8.865  8.267  7.676  7.414  7.140  7.141  7.614  8.234  9.014 10.081 
10.006  8.993  8.133  7.626  7.291  6.961  7.156  7.392  8.268  9.035 10.165 
 9.961  8.826  8.145  7.529  7.082  7.249  7.271  7.602  8.294  9.160 10.146 
10.105  9.116  8.285  7.685  7.017  7.168  7.201  7.541  8.176  9.059 10.056 
 9.820  8.862  8.117  7.636  7.160  7.160  7.261  7.612  8.369  8.923 10.057 
 9.965  8.987  8.087  7.573  7.050  7.223  7.219  7.507  8.222  8.896 10.015 
 9.978  9.135  8.293  7.526  7.114  6.732  7.213  7.797  8.173  9.046  9.971 
10.160  9.000  8.213  7.629  7.199  7.148  7.052  7.652  8.355  9.113 10.023 
10.133  9.117  8.351  7.663  7.043  6.871  7.107  7.554  8.244  9.140  9.977 
 9.960  9.179  8.264  7.686  7.259  7.133  7.370  7.711  8.441  9.101  9.895 
10.199  9.069  8.240  7.593  7.221  7.198  7.326  7.486  8.373  8.961 10.001 
 9.793  8.946  8.180  7.779  7.101  7.148  7.218  7.538  8.286  9.066 10.048 
 9.985  8.981  8.342  7.532  7.189  7.159  7.197  7.753  8.203  8.924 10.143 
10.154  9.056  8.368  7.559  7.154  7.101  7.075  7.799  8.247  9.114 10.115 
 9.981  9.158  8.201  7.743  7.127  7.018  7.312  7.519  8.323  9.082  9.947 
 9.880  8.996  8.084  7.786  7.184  7.041  7.130  7.502  8.108  8.939  9.995 
 9.783  8.975  8.231  7.677  7.395  7.195  7.321  7.741  8.049  9.213 10.036 
10.203  8.960  8.252  7.535  6.914  7.044  7.244  7.746  8.313  8.956 10.073 
