13.153 12.840 11.107  7.437  8.662  6.982  5.678  4.572  2.013  2.399 -0.291 
13.952 13.231 12.463  8.874  8.956  8.678  5.108  4.642  3.875 -0.163 -0.592 
13.806 14.166 12.132  9.843  8.980  7.676  4.867  4.299  2.524  1.012 -0.326 
16.637 11.720 12.102  9.699  6.459  7.387  5.645  5.892  0.529  3.065  0.999 
12.952 12.450 12.577 10.305  9.197  7.726  3.011  3.295  1.517  2.604  0.109 
12.739 12.110 11.441 11.187  9.075  8.032  5.810  2.840  2.034  0.668 -0.348 
13.922 13.171 14.426 10.648  9.943  7.418  6.914  4.475  3.097  0.599 -1.257 
14.655 11.315 11.295 10.215  8.237  5.773  5.861  3.110  1.799  0.625 -1.091 
13.764 12.608 11.742  9.005  9.409  8.926  7.439  4.729  2.238  1.345 -1.110 
15.072 12.146 11.149  9.960  7.761  6.063  6.025  5.304  2.157  1.121 -0.662 
13.338 11.803 11.248  9.339  9.887  6.561  6.839  3.578  3.069  0.655  0.664 
14.560 13.377  9.411 12.111  5.771  5.123  5.151  4.708  5.213  0.522 -1.590 
15.601 12.412 12.083  9.523  9.361  7.330  7.135  2.460  1.807  1.016 -0.246 
14.066 10.128 10.092  9.902 11.174  6.353  3.268  3.643  3.162  0.845  1.861 
15.137 11.994 12.274  9.525  9.855  7.468  4.513  3.066  1.859  2.454 -1.369 
14.954 13.250 12.229 11.767  9.278  7.835  9.079  6.339  2.521  2.323  1.260 
15.890 13.047 11.319  9.574  9.080  4.763  5.497  4.428  1.979  1.856  0.804 
14.369 13.164 10.875 10.975  9.600  7.178  4.485  4.172  3.170  0.216  0.822 
15.738 11.877 11.577 10.202  9.762  6.766  4.911  3.324  2.352  1.861  0.425 
15.207 12.221 10.330  9.381  8.896  6.940  6.531  4.730  2.414  2.384 -0.476 
15.812 11.432 10.255  9.377  7.876  8.202  4.918  5.423  1.600  1.194  2.379 
13.724 12.767 11.414 10.521  7.734  7.728  6.779  7.101  2.482  0.610  0.000 
14.042 14.181 12.631  9.235  9.479  6.569  5.159  5.731  4.351  0.625  1.271 
14.805 13.655 10.910 10.149  8.080  7.189  7.170  2.240  3.407  1.048  0.912 
13.832 11.661 12.353  9.364  6.965  5.533  5.219  5.491  5.019 -0.526 -0.118 
15.398 13.862 10.993  9.073  8.713  6.007  6.278  4.501  4.132  1.384  0.230 
13.811 12.571 10.955  8.580  6.668  7.384  6.522  4.795  2.999  1.076  0.142 
13.260 12.575 10.574  8.798  9.028  6.606  6.176  4.566  1.670  0.655 -0.415 
13.011 14.190 12.103  7.955  8.293  5.479  5.226  3.556  3.275  0.393  0.374 
13.575 14.675 12.223  9.464 10.100  7.303  5.188  4.536  2.815  0.642  0.626 
13.265 11.785 11.695  8.307  9.251  6.770  6.342  4.351  2.561  1.381  0.765 
16.557 13.300 11.228 10.026  8.150  7.174  2.878  5.831  3.831  2.661 -0.437 
13.561 12.746 11.980  9.784  8.840  5.615  4.500  4.788  2.038  1.906  0.343 
15.071 14.277 12.562 11.782  6.445  6.811  4.573  4.659  1.719  2.501  0.403 
13.650 13.171 11.400  9.394  7.630  6.382  6.963  7.027  2.952  1.006  0.704 
14.518 13.139 11.682  9.303  9.018  7.172  3.760  4.680  3.050  1.589  0.831 
13.488 10.981 10.015  9.990  8.229  6.540  4.064  3.702  1.577  0.289  0.828 
15.237 14.740 10.028  9.102  7.455  6.423  5.421  5.789  3.139  1.404  0.108 
14.409 12.610 10.785 11.236  8.312  8.094  6.722  3.165  2.729  1.306  0.018 
16.649 13.117 11.221  9.827  7.965  6.918  5.705  3.083  4.107  2.849 -0.871 
15.171 13.826 12.648  9.822  8.061  6.974  6.964  7.356  4.098  1.023  1.010 
15.179 11.958 10.191  9.741 10.121  6.979  4.347  2.374  3.768  1.012 -0.934 
13.607 15.045 11.449  9.358  7.558  6.945  5.030  3.811  1.972  0.677  0.223 
13.209 10.758 13.208  9.139  9.435  7.507  5.288  6.236  3.982  1.485  0.255 
14.383 12.398 12.415  9.997  8.846  7.286  8.289  2.660  2.016  1.655 -1.937 
13.547 12.686 11.314  8.257  8.579  6.097  7.534  2.922  4.428  0.210 -0.020 
13.748 13.039 12.096 12.070  8.952  6.640  5.682  2.912  0.943  1.313  0.566 
14.909 12.855 11.300 10.208 10.235  6.564  4.931  3.797  2.510  0.100 -1.780 
14.363 13.684 10.217  9.532  7.990  8.098  7.106  5.607  3.978  1.399 -1.234 
14.027 13.486 12.466 10.804  7.665  6.387  5.128  3.618  2.690  2.021 -0.603 
13.638 12.526 11.448  9.126  9.528  7.631  7.115  2.751  2.385  2.735  0.532 
13.322 10.956 12.622  9.192  8.736  7.062  3.536  4.292  1.986  2.436 -0.443 
15.334 13.558 10.419  9.552  6.517  7.786  5.078  3.152  1.409  0.996 -0.852 
13.945 12.615  9.473  8.687  8.945  6.900  5.309  3.517  1.752  0.104 -0.566 
13.935 12.649 11.258  9.957  9.426  7.929  6.225  3.657  3.971 -0.012 -0.019 
13.764 11.078  9.562  8.611  7.128  6.723  5.939  3.452  3.520  0.856  0.196 
14.970 12.503 11.852  7.650  8.061  8.223  5.660  2.874  2.579  0.538 -1.739 
17.408 13.738 10.668  9.481  7.978  6.807  4.520  5.333  2.245  2.188 -0.005 
14.570 13.641 10.529  9.156  9.087  6.706  5.778  4.103  3.227  1.197  0.747 
13.280 12.208 10.656 10.168  9.165  8.195  5.990  4.176  2.640  4.012 -0.321 
13.185 11.740 12.743 11.264  8.100  8.791  6.119  5.098  4.117  0.859  1.179 
15.815 13.278 10.301  9.301  7.232  3.993  5.467  3.518  1.961 -0.926  0.111 
13.389 12.728 13.835  9.446  9.281  9.022  5.760  2.686  5.016 -0.146  1.206 
12.894 13.140 11.317 11.240  8.950  7.426  4.830  3.249  1.306  0.661 -0.326 
15.233 12.701 13.188  9.799  9.376  7.730  4.788  5.751  2.643  1.230  1.951 
15.381 12.281 10.192 10.448  6.375  7.323  5.268  5.888  2.250  1.260 -0.513 
17.029 11.371 13.062 10.320  9.456  9.222  3.728  4.848  3.166  1.432  0.501 
14.085 13.903 10.985  9.573  7.951  7.955  4.766  5.015  2.222  1.519  1.153 
12.936 12.959 10.148  9.130  7.800  6.987  5.830  2.879  3.636  0.642  0.469 
14.817 11.323 10.702 11.387  7.464  9.531  4.886  4.510  2.154  1.630 -1.273 
15.242 13.953 10.927 10.072  7.191  5.926  6.836  3.158  3.269  1.843  1.176 
13.799 14.794  9.855  9.303  7.612  6.083  7.588  4.635  3.239  1.289 -0.055 
13.379 13.340 11.307  9.536  9.019  7.574  5.526  4.389  1.856  3.365 -1.743 
12.697 11.443 13.321 10.627  6.819  7.723  5.617  4.492  2.560  1.616  0.546 
14.353 12.338 13.132 10.475  7.920  5.453  6.595  2.306  3.590  0.122  0.579 
13.174 11.798 11.734  9.798  8.276  5.080  5.781  4.260  4.818  1.603  1.028 
14.236 13.858 12.562 10.729  9.596  7.054  6.162  4.137  4.684  1.086  0.643 
13.524 15.004 11.726 12.114  8.550  6.853  4.853  3.187  2.662 -1.126 -0.402 
12.498 13.130 12.596  9.746  9.179  6.496  5.903  4.853  1.921  2.747  1.981 
15.377 14.452  8.961 11.791  8.664  7.037  5.350  3.774  2.308  2.191  0.710 
15.136 12.343 12.831  9.840  8.183  5.450  3.743  3.691  2.602  1.176  0.334 
11.355 13.046 11.633 10.233  8.453  7.558  4.281  4.858  3.273  1.314 -1.857 
15.572 12.834 10.874  8.959  6.966  6.294  5.947  5.157  4.901  1.232  0.428 
15.360 12.660 10.742  8.006  6.867  5.790  6.117  3.673  2.509  0.646  0.125 
15.472 12.415 10.983  9.577 10.461  6.930  4.257  4.955  2.545  1.401  0.313 
12.476 13.592 11.473 10.011  9.413  6.779  7.993  4.673  1.281  2.427  1.642 
13.762 13.031  8.544  9.807 10.004  6.930  4.248  4.782  2.669  1.974  0.101 
13.910 12.735 10.584  9.262  8.202  8.765  5.216  4.567  2.633  1.309  0.424 
14.350 11.769 11.369 10.057  8.362  7.291  7.424  3.306  2.167  1.224  0.577 
12.719 13.572 12.034  8.926  8.534  7.612  7.134  5.488  0.431  1.399 -0.739 
13.906 12.501 12.523 10.352  7.714  5.336  5.177  1.686  2.956  2.154  1.935 
14.992 11.842 11.147  9.901  9.014  7.717  4.644  4.107  1.862  1.564  1.288 
14.582 12.533  9.186 10.371  9.818  7.159  7.071  3.280  3.229 -0.348  1.119 
14.860 12.052 11.989 10.272  7.632  7.386  6.279  4.846  4.209  0.559 -0.150 
14.120 13.148  9.697  9.117  9.997  5.653  6.099  3.074  2.837  2.128  0.457 
14.554 13.533 12.496  9.882  9.216  7.012  5.905  3.514  3.687  2.186  2.024 
14.840 13.118  9.274 10.805  9.984  7.944  6.033  3.420  4.460  2.979 -0.239 
13.931 13.180 12.206 11.125  8.603  5.246  5.776  5.242  1.599  0.597  1.855 
14.367 13.747 11.038 11.811  7.277  6.373  7.325  4.381  2.859  1.824 -0.729 
16.059 13.018  9.322  9.876  9.322  6.916  5.987  3.730  2.457  0.210 -1.150 
13.092 11.468 10.204 10.737  8.843  6.100  5.687  5.122  2.903  0.847  0.512 
14.673 12.667 10.602 10.279  8.174  5.865  7.467  5.204  4.282  1.204  0.190 
13.877 11.114 12.754 11.538  9.024  6.288  7.292  3.498  3.383  1.248  1.755 
15.856 11.970 11.559 11.150  9.649  5.742  6.066  4.568  3.859  1.661  0.393 
14.501 12.870 12.605  8.755  8.176  7.587  4.549  3.666  3.125 -0.359 -0.241 
14.325 12.806 11.087  9.346  8.462  7.799  5.936  2.734  2.479  1.992  0.142 
13.052 13.411 11.300  8.726  9.361  7.978  5.073  3.178  3.669  0.961 -0.099 
14.461 11.464 10.415 11.090  7.537  6.278  7.049  6.372  1.489  1.835  0.035 
10.990 13.934 12.641 10.880  9.082  6.885  5.872  3.851  2.527  2.164  0.100 
14.795 12.797 12.157 10.402  8.332  6.964  5.731  4.022  3.700  2.532  1.422 
15.131 12.258 12.396  8.349  9.393  5.499  5.056  6.061  4.318  1.615 -0.298 
12.341 13.340 11.399  9.552  7.879  5.965  5.575  4.106  3.548  2.239  0.173 
13.800 12.415 11.992 11.640  9.718  5.778  4.779  4.074  3.244  1.192 -0.235 
14.321 13.015 10.955 10.261  8.341  7.645  4.918  2.442  3.346  1.853 -1.383 
11.793 12.578 12.324  9.993  9.882  8.491  4.095  5.319  2.784  1.687 -0.587 
14.243 14.808 11.730  9.812  7.716  7.886  7.107  4.564  4.497  1.038 -0.329 
12.169 11.626 10.345 10.269  9.140  7.026  4.597  6.272  2.617  1.182 -1.594 
14.250 13.037 10.945 10.102  6.723  6.337  6.317  4.714  1.187  2.539 -0.160 
11.860 13.123 13.350 10.262  7.307  6.374  7.894  3.873  2.255  1.905 -0.721 
16.071 13.961  9.299  8.729  7.686  4.678  6.470  4.063  3.143  1.428 -0.115 
13.591 11.744  9.608  8.792  9.510  6.958  4.665  5.386  1.431  2.042 -1.088 
12.898 11.829 10.732  8.644  7.323  6.118  5.979  2.648  4.546  2.280  1.962 
13.349 11.846 11.100  8.307  6.743  6.238  4.624  4.513  3.759  1.682 -0.587 
14.997 12.118 10.163 10.453  8.516  9.002  5.712  1.996  2.417  1.567  0.169 
15.073 13.590 12.316  9.419  8.134  5.582  5.408  2.921  4.985  0.770 -0.474 
13.841  9.788 13.293  7.875  6.738  5.433  5.429  3.345  2.442  0.287 -0.982 
14.682 11.247 11.264  9.466  6.063  7.558  6.241  4.491  2.642  0.593  0.654 
15.312 13.391 10.863  9.094  7.712  8.119  4.034  4.122  3.571  2.526  0.536 
15.809 10.927 11.207  9.610  9.870  7.424  6.307  5.425  2.836  1.064  1.037 
14.251 14.566 12.995  9.011  8.388  7.943  5.663  5.818  4.041  1.055  0.070 
13.937 13.132 12.369 10.079  7.981  8.413  5.837  2.937  3.348 -0.042  0.212 
14.384 12.719 12.690 10.017 10.293  6.709  7.675  4.078  2.330  1.523 -0.712 
11.626 12.443 10.255 10.992  7.490  5.423  5.126  6.296  1.636  0.965 -2.209 
15.775 13.647 10.882  7.717  8.194  7.420  5.492  3.303  2.159  0.103  0.736 
14.712 10.234 12.242 10.130  8.634  6.526  4.748  3.264  3.119  1.856  1.123 
12.649 12.707 12.489 11.389  8.159  7.532  4.436  3.320  1.893  1.485  1.668 
14.819 14.395 10.828  9.948 10.455  6.929  5.696  3.075  0.711  1.534 -1.068 
13.843 13.254  9.476  9.023  6.928  8.665  5.630  4.830  2.528  1.977  0.781 
15.296 12.565 12.967 10.805  8.833  5.732  5.246  6.299  1.831  2.357 -0.235 
13.996 12.484  9.562  9.294  9.286  7.128  5.881  4.746  2.671 -0.662  0.421 
15.208  9.866 10.244 11.138  7.863  7.501  4.974  5.917  3.198  0.953  1.099 
12.653 13.784 12.236 10.630  6.359  7.283  4.994  4.247 -0.305  1.568  1.669 
13.936 12.224  9.696  9.537  9.543  4.637  4.554  4.833  3.599  1.012  1.659 
15.364 13.207 10.476  8.353  8.031  8.356  4.090  2.851  2.085  1.838 -0.408 
13.225 12.560 11.737  9.781  6.561  7.337  5.984  4.250  3.657 -0.125  0.506 
13.723 13.414 12.125 12.767  9.048  6.617  6.728  4.417  2.010 -1.635 -1.747 
16.154 11.862 12.659  9.387  8.808  8.186  6.871  3.455  2.344  1.252 -0.184 
13.401 10.616 10.461 10.593  8.011  8.722  6.541  6.357  0.934  1.132 -0.242 
14.286 12.913 11.179  9.481  9.753  6.296  7.143  3.799  2.154  1.314  0.962 
14.229 11.812 10.496 10.521  8.654  7.734  6.589  5.155  2.557  2.584 -0.245 
14.434 14.054 10.875 10.182  7.876  5.189  7.366  3.138  3.514  0.750 -0.364 
14.284 12.257 11.016  8.507  9.361  7.884  5.512  4.878  2.587  1.798 -0.022 
15.148 12.905  9.860 10.309  8.419  4.645  6.914  5.454  3.190  0.357  1.199 
14.979 12.519 10.870  9.591 11.814  6.559  5.038  5.564  3.539  0.523 -0.425 
13.456 12.323 12.412  9.254  7.526  4.930  5.300  6.043  1.322  3.833 -2.610 
15.705 11.990 11.426 11.296  8.110  6.238  6.333  3.734  2.069  0.500 -0.126 
15.702 13.009 10.806 11.079  6.793  7.912  5.285  6.485  3.176 -0.140  0.283 
14.227 13.647 12.150  8.390 10.233  7.213  5.013  1.888  2.042  3.540 -0.133 
14.727 13.401 10.495  9.851  8.671  8.336  4.637  4.014  2.501  1.264 -0.245 
14.277 11.339 12.789  8.908  5.820  6.493  4.451  2.810  2.157  1.089  2.368 
14.138 12.864 12.399  8.672  9.044  6.475  6.060  4.389  3.531  0.672 -1.950 
15.379 12.092 11.004 10.510  9.026  9.796  6.478  4.342  2.123 -0.548  0.095 
14.161 13.176 12.319 10.636  8.932  7.618  6.161  5.172  4.308  1.907 -0.196 
16.168 13.446 11.631  9.179  9.156  8.456  5.482  4.834  1.960  1.165  0.030 
15.135 11.763 11.511 12.462  8.876  7.035  5.642  2.984  3.678  1.127  0.481 
13.814 12.972 11.160 10.884  9.152  6.653  4.847  4.251  4.063  1.050  1.411 
12.914 12.613 11.103  9.458  9.253  7.458  4.851  4.774  3.292  2.194 -0.359 
13.418 13.373 10.871  9.948  8.715  6.631  5.186  3.964  2.431  0.906  0.496 
14.068 13.377 12.059 10.229  8.751  8.574  6.233  5.215  2.366  1.854 -0.462 
13.332 12.167 10.697  9.529  6.772  7.675  5.744  4.226  2.407  2.380 -0.381 
12.454 13.533 11.968  9.902  8.294  5.982  3.445  3.149  4.318  0.269  0.596 
13.324 14.460 10.107 11.290  7.792  5.916  5.279  4.061  1.185  1.059 -1.080 
13.482 13.485 13.605 11.033  9.171  7.113  6.121  5.238  2.699  0.937 -0.481 
14.541 13.532 10.917 10.163  9.289  6.555  5.911  5.014  1.540 -0.221 -0.972 
13.425 12.620 12.136  9.504  6.941  7.169  5.015  4.625  2.746  2.185 -0.579 
13.868 11.606 11.962  9.197  9.082  8.030  4.925  5.153  2.538  2.131  0.175 
13.724 12.246 10.034  9.304  6.794  7.109  5.941  5.465  2.552  0.129  0.858 
12.969 12.290  9.716 11.948  9.688  7.992  5.520  2.435  2.070  0.070  0.766 
14.447 12.659 12.071 10.538 10.257  6.531  5.379  6.810  0.759  0.970 -0.372 
14.315 12.662 11.692  8.342  8.296  8.409  6.104  4.158  3.879  0.284  0.842 
13.495 11.103 10.880 11.247  9.507  6.605  5.389  5.303  2.203  1.298 -0.489 
13.609 14.001 10.751  9.335  8.211  7.358  6.263  5.341  3.789  0.387  0.369 
15.136 13.336 12.248 10.593  8.376  6.920  7.559  4.260  2.822  2.078  2.271 
14.397 13.465 12.698  8.674  8.521  7.054  5.579  5.043  3.819  1.513 -1.387 
16.097 12.734 12.231 10.424  9.758  7.029  5.943  5.359  2.954  1.464  1.842 
14.374 12.863 10.985 10.514  8.766  7.420  4.613  3.878  3.398  2.230  1.713 
14.050 13.204  9.689 11.674  8.514  7.334  6.459  3.900  1.249  1.823 -1.336 
13.501 13.022 12.795 11.040  7.050  6.184  5.134  5.381  2.083  1.724  0.921 
13.324 11.886 12.952  9.559 11.307  8.236  4.928  3.677  3.687 -0.811 -1.712 
15.492 13.417 11.561  9.444  7.476  7.349  6.165  4.104  1.889 -0.538 -0.539 
13.923 11.827 13.037  9.661  8.688  5.744  5.926  2.854  2.988  2.569  1.326 
13.245 12.884 12.023  7.687  9.756  6.711  4.596  3.930  1.914  0.391 -0.402 
15.175 14.715 10.789 10.684  8.366  9.609  4.988  6.045  2.747  0.341 -1.333 
14.533 13.245 11.666 10.424  9.150  5.723  5.316  5.396  2.142  1.734  0.467 
15.511 12.096  9.604  9.499  9.668  6.165  6.792  5.284  1.309  1.769  0.772 
14.946 14.230 11.071 13.036 10.037  7.425  4.863  3.122  2.453  1.045  0.115 
13.300 11.007 12.668  9.564  8.422  6.843  5.710  4.294  3.743  0.474  0.379 
14.591 11.493 10.670 12.376  9.811  6.757  4.790  3.682  2.379  0.711 -1.118 
14.461 11.712  9.441  9.521  8.984  7.573  6.352  4.228  2.264  3.498  1.403 
13.445 12.567 12.278  9.586  9.576  7.431  4.960  2.655  2.499  1.390  0.118 
13.292 12.678 12.086  8.839  8.248  5.376  5.283  3.936  3.881  1.803 -0.828 
13.024 11.615 10.901 11.719  6.412  7.188  4.714  5.803  2.510  1.785 -0.363 
14.077 13.432 10.194  9.709  8.258  7.114  4.709  3.523  4.654  2.304  0.718 
14.500 10.478 11.904  9.874  9.118  6.506  8.099  3.744  2.423  1.603 -1.371 
13.962 11.169 11.837 10.545 10.011  6.148  5.833  5.141  4.803  0.198  0.801 
15.584 12.259 10.941  9.561  8.514  6.567  5.578  4.188  2.955 -0.038  1.294 
14.222 11.507 11.896  9.406  9.027  7.879  5.352  3.757  3.288  0.417  0.339 
13.438 12.472 13.256 10.671  9.026  7.289  3.618  4.464  2.327 -0.499  0.898 
13.741 12.975 11.720 10.353  8.904  6.991  5.855  4.861  2.219  1.144 -0.642 
15.418 15.128 12.117  9.964  8.723  8.001  9.071  2.545  4.658  2.325  0.259 
14.778 12.721 13.111  9.959  8.302  7.101  5.415  5.020  2.113  1.771  1.394 
14.679 13.132  9.499  6.865  9.538  6.180  3.636  4.465  2.989  0.510 -0.288 
13.538 15.511 10.709 10.285  6.937  6.241  5.526  5.015  2.988  2.602  1.098 
14.260 11.650 10.877 10.430  9.044  7.441  4.501  3.743  3.155  1.657 -1.390 
13.699 13.600 12.754 10.034  8.782  7.015  6.763  3.431  2.102  1.750 -0.360 
13.317 12.664 12.888  9.415  8.255  7.119  4.917  3.418  3.772  1.824  0.135 
15.801 12.742 10.784 10.739  9.015  8.444  5.006  4.144  2.839  1.364 -2.037 
14.506 12.359 12.123  8.616  9.538  7.490  6.659  5.153  1.719  2.371 -1.138 
15.307 12.700 12.024 10.299  8.795  7.864  6.523  3.596  3.584 -0.536  1.727 
14.330 11.612 11.043  8.655  8.429  7.070  5.399  3.913  2.656  2.914 -0.503 
13.951 13.189 10.828 10.029  8.549  6.853  5.507  4.941  2.502  1.823 -0.945 
13.305 11.704 11.283 10.336  8.382  6.405  6.144  6.967  3.727  2.368 -0.270 
13.735 11.936 11.435 10.540  9.191  6.427  5.041  3.624  3.447  0.867  0.360 
14.543 13.380  9.950 10.916 10.103  6.755  5.753  4.740  2.867  1.412  0.540 
14.428 14.007 12.889  9.997 10.654  6.038  7.556  4.200  2.776  2.581 -0.068 
14.392 11.657 11.685 10.668  7.697  8.671  4.454  4.099  0.654 -0.260  1.409 
14.991 11.435  9.498 10.600  9.160  5.975  7.874  3.317  2.932  0.844  1.353 
14.964 13.063 10.590  8.134  8.254  7.929  5.550  4.387  3.669  0.794  0.213 
15.577 11.868  9.684  9.366  8.184  6.917  5.401  2.994  1.685  2.253  0.435 
13.815 13.463 13.293  8.229 10.230  7.523  3.822  6.228  2.555  0.929  0.025 
13.957 13.644 12.165  9.310  7.269  7.257  5.018  5.684  3.321  0.362 -1.721 
15.342 13.404 11.193  9.975  8.672  6.614  7.975  4.142  3.078  0.970 -0.462 
14.072 12.456 12.292  8.218  7.299  7.339  6.069  5.192  1.795  1.090  0.398 
13.695 12.487  9.252 10.582  8.657  4.835  5.391  5.376  3.509  1.819  0.521 
13.880 12.060 11.608  8.871  8.675  7.428  4.774  4.750  2.409  0.019 -1.682 
14.849 13.514 10.202  7.635  9.743  5.125  6.747  3.316  4.301  1.080 -0.053 
13.844 10.500  9.996  8.892  8.499  6.816  6.132  2.510  2.136  2.317  0.566 
14.400 12.508  9.229  8.576  8.744  6.735  7.778  3.610  4.419  1.322  0.952 
13.688 11.828 12.679  8.682  7.682  7.530  5.645  5.695  3.577  1.652  0.353 
16.205 12.039 11.797 10.366  9.343  8.413  6.729  2.595  2.555  1.328  0.893 
13.684 12.962 11.952 10.611  7.876  5.976  6.353  4.128  1.811  0.383  0.375 
16.042 12.271 11.231  8.499  8.190  9.587  6.358  5.796  2.837  1.228 -1.886 
14.074 11.690  9.592  8.790  8.513  6.772  5.886  3.088  4.160  2.672  0.045 
13.726 11.517 12.083  9.574  9.757  7.067  6.528  5.169  4.105  1.535  0.119 
14.797 12.943 10.361 10.260  6.677  8.158  4.692  6.457  3.012  1.014 -0.935 
15.024 12.226 11.978  8.982  8.242  7.626  3.252  3.374  3.327  0.661  0.485 
12.716 11.650  9.947 10.864  8.497  6.934  6.855  3.518  3.413  0.283 -1.017 
15.110 11.933 10.206 11.528  7.355  8.446  4.398  3.661  1.873 -0.600  0.615 
12.228 10.992  9.767  9.982  9.322  7.763  3.733  3.934  4.549  2.431 -0.048 
15.256 13.024 11.541 10.344  6.731  6.713  7.058  5.005  1.768  1.227  0.192 
13.316 13.187  9.224  9.929  7.786  7.238  5.627  2.366  3.026  1.774 -0.593 
13.287 13.396 11.551 10.447  6.261  6.982  6.071  5.139  1.743  0.206  0.398 
14.591 12.317 12.588  9.843  8.998  8.123  5.847  6.342  1.486  2.481  0.961 
13.573 13.190  8.765 11.161  7.576  8.319  4.741  5.557  2.286  1.270 -0.812 
14.477 12.621 10.604 11.899  9.430  7.441  7.016  2.965  4.464 -1.801  0.089 
12.760 11.780 10.977 10.150  8.249  6.207  7.486  3.998  3.142  1.071  0.477 
12.982 13.885 12.421  9.898  8.527  9.145  6.701  3.723  3.269  2.344 -0.504 
13.865 13.705 10.897 12.210  8.601  6.908  3.565  4.007  2.752 -0.328  0.357 
14.452 11.753 11.842  7.736 10.460  6.304  5.562  3.165  1.141  2.710 -0.088 
15.285 14.055 10.883 10.737  7.876  6.241  5.116  2.336  2.112  2.572  2.430 
16.558 12.897 11.354 11.202  7.769  7.541  5.215  4.373  2.552  1.747  0.205 
13.825 12.507 10.686  8.102  9.111  6.275  2.888  5.579  3.822  2.499  0.981 
13.722 12.893 11.169  9.986  8.044  5.735  6.196  4.869  2.268  0.065  0.418 
12.068 11.236 11.588  9.822  8.875  6.880  4.779  5.519  1.109  2.530 -0.169 
13.575 13.525 11.207  9.286  9.867  8.767  5.505  3.621  2.493  3.084 -0.171 
14.446 11.940 11.308  9.750 10.549  8.045  6.707  3.006  4.098  0.594  0.364 
13.683 12.626 13.206  9.987  8.715  4.872  5.285  3.900  3.558  0.202  0.200 
11.536 11.272 11.809 10.432 10.442  6.713  4.482  4.732  1.053  1.915  1.763 
14.493 11.589 11.920 10.280  8.196  8.259  4.851  4.444  2.334 -0.784 -0.813 
14.157 12.481 10.664  8.218 10.319  7.755  5.588  3.115  1.345  0.144  1.597 
15.566 12.622 11.317  8.980  7.262  7.311  6.300  3.201  2.113  0.788  0.152 
13.679 13.059 12.154  8.213  9.034  7.487  6.330  4.484  2.793  1.758 -1.027 
14.899 12.123  9.912  8.734  8.842  8.205  6.216  4.259  2.802  0.697  0.505 
12.816 12.870  9.655  8.244  8.869  7.551  6.472  5.454  2.401  2.357  0.067 
15.301 14.879 12.217 11.002  8.041  8.001  6.982  4.092  2.846  0.270 -0.411 
15.517 13.695 11.519  9.891  7.533  4.476  7.712  3.997  2.036  2.005  1.463 
13.871 12.376 12.168  9.520  8.517  5.642  4.657  4.080  2.735  1.487 -1.024 
14.730 11.376 11.025  9.426  9.911  7.182  3.695  4.491  1.908  0.329  0.597 
14.662 12.295 13.330  9.074  8.513  6.048  5.470  3.439  3.941  1.546  0.696 
15.769 14.318 12.520 10.221  8.674  7.149  6.620  3.857  1.592 -0.213  1.037 
14.393 11.608 12.004 11.402  8.358  7.419  4.873  5.230  1.337  1.375 -0.994 
14.943 12.192 11.546  9.174  8.654  7.189  3.728  5.147  2.495  2.572 -1.218 
14.253 12.798 12.533 10.323  8.575  7.481  5.519  4.951  2.572  2.825  0.142 
11.644 12.601 10.816 10.683  9.605  6.710  6.419  4.063  3.387  1.606 -0.653 
14.059 12.321 11.611 11.185  7.246  6.801  6.991  5.681  3.594  0.570 -2.683 
13.904 12.414 10.617 11.932  9.498 10.227  4.889  3.296  1.696  1.242 -1.030 
16.061 13.775 11.237 10.434  7.584  7.525  5.308  4.696  4.147  5.522 -1.320 
14.106 12.493 12.177  9.443  8.729  8.231  5.430  3.515  2.858  1.328  0.157 
13.705 14.214 11.605  9.721  8.244  7.335  6.946  5.208  1.799  2.526  0.368 
15.052 11.087 12.219 10.378  8.223  6.330  5.206  3.951  2.141  2.891 -1.147 
14.646 13.388 11.015  9.838  8.566  8.431  5.345  3.682  2.528  2.130  2.375 
15.204 13.326 12.654  9.413  8.232  7.279  5.125  4.622  3.656  1.256  1.395 
14.703 11.777  9.896 12.005  7.212  6.037  6.744  5.261  2.569  1.664 -1.142 
11.586 12.388 11.522  8.081  9.119  6.744  5.847  3.866  2.600  2.533 -1.112 
14.408 12.949 10.175 11.381  8.749  8.418  4.959  4.034  3.587  1.167 -0.682 
14.656 12.552 12.521 10.428  6.554  8.363  5.462  5.638  2.168  3.633 -1.559 
13.769 11.991 11.312  8.718  8.711  7.449  5.627  2.713  2.715  2.473  0.369 
16.464 13.121 12.141 10.565 11.316  6.394  8.449  5.554  4.256 -0.022  0.390 
14.275 12.185 10.399 10.838  7.737  7.523  5.909  3.853  2.693  0.697 -0.156 
13.006 12.953 11.628 10.949  8.269  7.869  6.438  4.855  3.463  3.232  1.780 
14.400 13.859 11.304  9.661  8.496  6.670  4.903  3.927  4.145  1.486 -1.266 
14.231 12.538 10.199 10.297  8.260  8.561  5.967  2.934  1.170  1.435  0.684 
15.380 13.425 11.842  9.208  9.206  6.545  6.098  4.520  2.526  1.251  0.143 
12.915 12.709 11.235  8.762  8.117  7.211  5.801  3.927  1.272  1.129  1.350 
15.876 13.236 12.696  9.792  8.550  5.516  5.531  4.811  3.165  1.453 -0.532 
13.634 12.986 11.346  8.813  7.419  6.678  4.630  4.028  1.902  0.735 -1.321 
15.306 12.385 13.038 10.643  7.928  7.818  4.323  2.261  2.504  2.362  1.180 
14.016 11.336 11.309 10.651  8.879  8.170  6.499  3.720  2.830  2.195  0.368 
14.219 15.004 13.007 10.128  9.168  7.634  4.639  4.699  0.692  1.022 -0.216 
12.821 12.969 11.375 10.109  6.927  9.374  6.094  5.197  4.121  0.803 -0.379 
13.170 13.333  9.846 10.615  8.211  6.873  5.342  4.501  2.737  1.398 -0.668 
16.866 12.070 10.857 10.081  6.474  9.240  5.859  2.991  1.981  2.214  0.385 
14.884 13.241 10.875 11.728 10.363  6.933  7.456  2.432  3.010  1.699 -0.103 
14.871  8.809 10.166  9.482 10.373  5.676  6.055  3.652  4.180  2.898  1.161 
14.076 13.902 11.908  9.543  9.452  7.168  6.148  3.124  4.242  1.888  1.934 
15.250 12.359 11.537  9.211  9.090  5.919  5.871  3.805  4.285  0.795  1.171 
12.983 14.056  9.783 10.256  7.980  7.252  4.151  3.834  2.584  3.690 -3.193 
14.206 13.469 10.277  9.775  9.552  8.166  6.009  4.432  2.322  1.651 -0.220 
14.321 12.175 10.364  9.720 10.989  9.409  5.590  4.600  4.559  0.705  1.328 
15.268 11.936 11.182 10.721 11.594  9.593  5.154  3.989  3.168  1.777  1.154 
13.633 11.102 10.817  7.595  8.595  8.162  5.455  2.870  2.523  1.633 -0.048 
13.215 13.312 11.776 10.135  8.239  7.324  4.986  5.219  3.528  1.091 -0.088 
15.402 11.731 11.126 10.681  8.581  6.790  4.598  4.797  3.704  1.881 -1.230 
13.904 13.800 10.335  9.111  8.971  6.520  5.200  2.684  2.858  1.843 -1.107 
13.685 13.218 12.674 11.870  9.554  6.403  6.980  4.940  3.244  0.916  0.240 
13.947 13.033 11.060  9.472  7.158  7.359  6.078  5.242  1.380  0.533  0.728 
15.771 13.745 10.231  8.490  8.304  6.210  7.646  4.152  4.248  0.803  0.462 
12.397 13.998 10.823 11.125  8.717  7.944  6.630  4.365  1.058  3.761 -2.288 
13.902 13.506 13.049 10.439 10.046  7.198  4.018  5.357  1.962  2.415 -0.296 
13.986 12.693 11.370 11.587  8.617  6.507  4.812  5.411  2.829  1.715 -0.330 
14.139 12.687 10.107  8.405  9.115  6.707  4.732  2.969  1.589  1.938 -1.544 
13.922 13.845 11.701  9.280  8.599  8.185  5.928  4.110  4.251  1.523  1.234 
14.505 11.257 12.740 10.511  7.849  6.741  7.366  5.120  2.385  1.955  0.667 
14.497 13.332  9.733  9.597  9.924  7.710  5.649  6.656  2.976  1.869  0.717 
15.246 13.040 10.793  9.833  7.972  7.682  4.298  4.222  4.185  1.576 -0.922 
13.946 12.974 10.435 11.045  8.631  6.395  7.380  3.978  3.846  2.882  1.074 
15.101 12.883 12.016 10.584  6.668  9.613  6.058  4.779  2.302  0.352  0.577 
15.234 13.229 12.010  8.311  7.640  5.583  5.019  2.302  3.068 -0.313 -1.057 
13.643 12.604 13.547  9.182  8.709  6.072  5.494  4.959  3.006  1.219  2.233 
12.989 12.431 13.206 10.943  8.956  6.052  6.612  3.896  3.206  0.974  0.937 
13.594 13.532  8.954  9.517  7.921  6.508  7.758  4.322  2.498  1.696  0.541 
14.562 12.234 11.299  9.803  9.285  7.552  4.273  4.047  3.412  1.822 -0.228 
13.347 13.544 10.405 10.576  8.247  7.904  6.672  4.338  3.114  1.359  0.003 
13.979 11.911 12.060  9.176  9.329  6.898  4.857  4.551  3.375  1.705 -0.697 
13.220 13.088 10.034  9.153  6.531  9.016  6.731  5.065  2.721  1.233  1.135 
13.073 11.713 11.167 11.767  8.057  7.227  6.714  3.800  1.716  0.350  0.255 
16.355 12.541 12.101  9.860  9.288  6.941  4.706  4.269  4.375  0.673  1.138 
16.132 14.593 10.416  9.520  8.188  7.007  5.299  3.859  3.322  3.132  0.537 
14.623 12.592 11.849  9.883  7.846  5.213  6.647  5.580  3.895  0.871  1.052 
13.889 13.482 11.993  9.961  7.450  4.948  5.524  5.320  2.962  1.089  1.744 
14.008 13.091 10.421  8.555  9.460  7.922  5.548  3.936  3.472  2.094  1.425 
14.343 11.690 11.033 10.050  9.501  6.327  4.838  5.476  1.043  0.884  0.970 
14.295 13.259 15.265 10.060 10.361  7.872  5.244  4.784  3.986  1.208  0.828 
15.393 12.515 11.391  8.342 10.264  7.205  5.920  4.561  3.386 -0.421  1.063 
15.885 12.904 11.158 10.084 10.249  8.139  5.553  4.632  3.159  0.576 -1.201 
12.922 13.072 11.776 10.378  9.566  7.297  5.837  4.076  2.676  0.787  0.208 
15.479 11.923 12.274 10.031  6.439  9.005  5.616  5.095  3.073  1.816  0.724 
13.887 11.553 10.149 10.081  8.119  7.132  6.796  6.391  3.004  0.646 -1.071 
15.508 12.973 11.879 10.552  7.578  6.034  4.457  4.721  2.330  2.012  0.149 
13.945 11.027 11.534 10.448  9.747  6.870  4.963  3.329  4.231  1.467 -0.897 
13.145 12.341 10.531 11.061  8.225  8.584  6.315  4.375  2.360  2.281 -0.906 
13.405 13.009 10.461  7.680  8.838  7.548  3.930  3.501  2.991  0.291 -1.394 
13.351 14.395 11.560 10.370  9.105  7.044  6.867  3.617  2.458  2.188  1.205 
12.977 12.644 10.310 10.104 10.227  6.052  7.350  4.770  3.278  1.197 -0.542 
15.245 12.267 11.621  9.921  8.986  5.898  5.348  5.428  2.551  1.643 -0.752 
13.940 12.899 11.745 10.056  8.622  6.565  4.114  3.913  3.787  1.779  0.130 
15.319 14.215 11.229 10.276  8.457  7.224  6.638  2.720  1.531  3.792  1.489 
12.890 10.941 11.436  9.546  8.397  5.461  5.455  5.234  1.903  0.666  0.760 
13.356 12.361 11.186 11.971  9.546  5.826  5.658  5.841  3.096  0.713  0.808 
14.769 13.887 10.595 11.528  8.194  6.724  5.929  5.006  4.507  0.722 -0.064 
14.544 13.084  9.352 12.158  8.356  7.169  5.878  4.744  4.134  0.485 -0.106 
13.844 11.016 11.485 10.665  7.268  7.783  4.878  4.789  4.751  1.843  0.277 
13.833 11.711 11.883 10.435  9.553  8.929  7.122  6.042  1.963  1.753  1.222 
13.927 12.319 11.870  8.393  9.249  7.704  6.168  2.830  3.136  1.103 -0.451 
14.173 13.500 11.167 10.691  8.296  6.799  4.778  3.930  3.211  1.775 -0.474 
14.210 11.212 10.874  9.737  8.579  7.225  6.760  6.016  2.829  0.867  1.087 
15.204 13.481 11.537  9.812  5.865  8.798  6.431  2.909  4.368 -0.070  1.426 
14.371 13.770 10.333 11.033  7.178  7.704  5.254  4.471  3.611  2.082 -0.262 
13.828 12.872 11.618 10.661  9.186  5.993  7.065  3.244  4.898  1.040 -0.332 
15.269 13.280 10.099  9.760  9.017  5.880  5.101  4.064  2.607 -0.273  0.309 
14.678 12.112 13.006 10.013  7.383  6.799  6.460  4.214  1.078  0.242  0.175 
13.209 12.863  9.566  9.397  6.155  6.109  6.333  5.922  2.897  3.068 -0.220 
13.981 11.638 11.035  9.426  9.271  7.098  4.578  3.765  3.034  0.062 -0.807 
14.260 13.977 10.180  9.428  9.703  7.813  6.788  3.755  2.582 -0.546  0.740 
13.525 11.890 11.738  8.707  8.249  7.418  5.015  4.146  4.963  1.492  0.246 
13.475 12.885 12.161  8.653  9.612  6.820  6.109  4.980  3.127  3.044  1.302 
14.507 14.648 10.261 10.103  7.237  9.134  5.249  3.022  2.635  0.359 -0.645 
13.521 13.078 14.226 10.546  9.019  4.654  6.492  2.930  3.392  1.911  0.831 
15.811 11.636 10.562  9.146  8.691  7.233  3.463  5.591  0.390  2.930 -0.183 
15.939 12.068 12.541 10.161  8.202  7.553  6.031  3.466  2.558  3.061 -0.079 
14.630 13.707 10.044  9.066  9.464  6.511  5.125  4.504  2.427  0.158  1.585 
14.079 13.042  9.665  9.075  8.525  4.109  6.997  4.466  1.720  0.518 -0.258 
15.141 14.453 10.246  9.540  8.256  6.997  5.428  5.926  2.122  0.023  0.902 
14.923 12.163 10.985 11.123  8.142  6.460  6.755  3.374  2.385  1.362 -0.252 
13.311 12.420 10.404  8.912  7.883  8.189  4.564  4.441  1.759  0.278  0.202 
11.077 12.636 13.027 11.175  9.211  6.245  7.139  4.321  4.623  2.117 -2.392 
15.617 12.812 10.054 10.530  8.720  5.531  5.448  4.378  2.121  2.735  1.218 
16.217 14.052 11.271  8.169  8.235  7.816  7.061  3.528  3.157  1.659  0.132 
13.507 12.865 11.337 10.285  8.909  6.470  6.979  3.659  5.042  0.018  1.252 
15.530 10.876 10.883  9.858  8.286  5.851  4.875  3.519  3.548  1.996 -0.262 
15.522 12.501 13.850 10.820  9.235  6.845  6.385  2.855  2.301  0.862 -1.335 
14.994 12.063  9.142  9.652  8.105  7.518  6.857  4.108  1.692 -0.890  0.224 
13.614 13.066 10.617  9.210  7.781  5.019  3.068  3.910  2.892  1.609  1.009 
14.492 11.234 12.110  9.287  9.263  6.750  6.304  3.605  2.058  3.454  0.243 
14.809 12.252 13.107 12.080  9.841  7.963  5.416  3.259  4.119  1.399 -0.620 
14.151 12.273 11.796  8.116  7.046  6.390  4.975  3.843  1.482  1.647 -0.823 
13.086 12.638 11.373 10.884  7.420  7.361  5.023  5.395  4.255  1.733 -0.362 
13.916 12.060 10.867 10.897  8.575  6.487  6.295  4.045  4.449  0.883 -1.774 
13.899 12.146 10.120  8.520  8.968  7.281  5.727  5.873  2.477  0.618  0.704 
12.991 13.521 10.137  9.291  6.599  8.458  5.663  5.650  3.373  1.012  0.412 
14.303 12.053 11.001 10.499  7.753  7.559  4.670  5.802  2.804  2.777  1.064 
16.516 13.878 11.677 10.091  7.941  7.921  3.843  4.255  3.975  0.763  0.840 
14.402 12.846 11.833  8.620  7.018  5.694  6.788  5.204  2.688  2.860 -0.364 
12.356 11.984 11.057 11.227  7.265  7.667  4.479  4.012  3.414  1.097 -0.899 
15.334 11.422 13.205 10.565  9.745  6.585  3.452  4.416  1.921  1.637 -0.025 
14.832 14.876 11.155  9.600  7.945  8.325  5.807  3.082  4.331  0.956  0.262 
14.324 13.170 11.417 11.573  6.681  7.190  6.555  3.279  1.170 -0.645  0.685 
14.195 12.114 12.219 10.012  8.148  4.278  5.897  7.136  4.246  2.778 -0.415 
14.149 12.946 11.697 11.359  9.065  7.350  5.044  3.023  4.271  1.625  0.609 
13.993 12.384 11.569 10.258  8.872  7.956  6.888  4.385  2.825  1.835 -1.097 
13.495 12.631  9.305  9.029  9.497  6.956  6.623  5.969  3.601  2.356 -0.619 
13.852 13.501 10.223  8.001  8.722  7.560  5.271  2.766  2.081 -0.557 -0.546 
14.645 14.676 11.927  7.954  8.348  6.269  5.563  3.464  4.432  2.852  0.334 
13.623 11.603 11.154  9.773  9.027  7.839  5.786  4.657  2.377  0.523 -1.619 
14.999 11.953 11.713  7.725  7.413  9.148  5.932  4.130  0.506 -0.656  1.011 
15.579 12.668 12.363  7.514  8.736  8.360  6.107  3.650  3.032  1.878  0.132 
13.363 13.426 11.423 10.575  6.837  5.709  4.112  6.742  3.234  2.847  2.242 
13.808 11.609 11.454 11.687  9.999  7.451  6.442  3.808  2.940  0.943 -0.173 
15.365 12.215 11.613 10.090  5.532  7.261  6.118  3.036  3.389  1.774  0.399 
11.015 12.086 10.944 10.472  9.130  8.477  5.193  3.269  0.759  0.748 -2.331 
14.185 12.903 11.576  9.204  8.709  7.090  6.049  5.976  4.054 -0.154 -0.567 
13.034 13.180 10.521  9.955  8.161  7.012  6.485  4.280  3.444  0.521  2.866 
14.667 14.087 11.552  9.320  8.200  5.266  5.439  6.144  2.339  1.035  0.752 
13.238 12.430 10.773  9.808  7.140  8.136  6.659  3.430  4.141  1.524  1.634 
14.401 11.905 11.854 10.371  7.467  9.214  5.370  5.519  3.628  2.652  0.944 
13.748 12.040 12.433  8.775  8.082  5.286  5.817  2.209  1.943  3.457 -0.165 
12.217 12.925 11.774  9.586  8.040  7.648  5.448  3.099  1.473  0.683  0.785 
15.001 12.160 10.440  9.436  7.596  7.585  4.493  4.694  3.556  1.176 -3.761 
14.216 13.237 12.055 11.687  9.688  7.458  4.214  2.952  3.375  2.106 -1.623 
13.486 12.827 10.820 10.094  7.879  7.872  7.067  2.728  3.268  1.937 -0.564 
14.402 13.842 10.255 10.152  7.006  7.378  4.512  3.620  2.352  1.680 -0.241 
14.773 13.429 10.295  9.985  9.671  7.242  4.491  3.228  3.335 -0.956  1.416 
14.755 12.245 12.313  9.831 10.547  7.040  5.275  2.927  1.697  1.159  1.286 
15.937 12.254 11.886 11.136  9.954  5.791  6.282  3.495  3.144  0.266  1.238 
12.767 13.652 11.290  8.181  8.976  8.509  5.133  3.706  2.901  1.606 -1.250 
15.248 12.165 12.357 10.463  9.130  7.768  5.775  4.874  2.633  0.365 -0.277 
16.321 12.300 13.318 10.375  8.664  6.857  5.261  3.782  0.238  0.579 -0.197 
13.134 12.802 11.185  8.477  7.242  7.173  6.909  2.470  1.972  0.420 -0.788 
15.560 11.756 11.481 10.014  9.117  8.043  6.283  3.363  3.217  1.188 -0.856 
12.302 10.036 11.293 10.645  8.866  9.082  5.083  4.364  3.097  1.144  0.940 
15.598 14.854 11.866 10.684  8.648  7.630  5.241  6.520  2.805  0.836  2.193 
14.329 12.080 13.231 11.310  7.908  6.765  7.050  3.928  3.235  1.179  1.309 
15.671 13.218 11.117  9.371  8.485  8.265  6.195  3.036  3.025  0.093  0.009 
13.670 12.831 10.584 10.410  8.166  7.360  6.199  4.905  1.732  0.098  1.010 
15.102 12.305 10.338  9.593  9.280  8.957  8.372  3.713  3.720  1.946 -0.984 
13.546 12.295 12.793 10.203  7.973  8.989  6.718  3.493  3.170  1.032  0.022 
11.904 12.022 10.908  9.484  9.657  8.845  6.825  4.712  2.812  0.559 -0.876 
13.464 13.330 11.067 10.774  9.510  6.678  6.199  5.318  2.631 -0.129  1.495 
12.749 11.940 10.666  8.807  8.581  7.152  5.049  6.131  4.363  1.459 -1.570 
14.236 14.603 10.468 11.186  8.775  7.789  5.802  3.838  1.228  0.903 -1.276 
14.137 12.142  8.684 12.404  7.776  7.031  6.742  4.247  0.958  1.919  0.367 
14.617 11.173 12.516  8.785  9.664  8.247  3.801  4.101  4.322  1.341  1.013 
14.371 12.819 11.884  9.960  9.555  8.003  6.965  4.282  1.465  0.958  1.188 
12.922 14.823 13.137  9.164  9.138  5.906  5.416  4.200  2.405  2.536  0.785 
13.141 13.742 13.058 11.196  8.376  4.881  4.391  3.430  2.360  1.543 -0.074 
14.040 10.767 12.802  9.369  9.561  7.994  5.297  4.971  2.699  1.687  0.171 
14.509 14.527 12.272 10.966 10.059  6.436  5.819  3.547  4.165  2.305 -0.249 
16.294 13.533 10.911  9.251  8.022  5.542  5.202  4.180  2.504  1.630 -2.798 
16.579 13.729 11.104 11.304  7.080  6.271  7.484  3.731  3.610  1.295  1.133 
14.070 14.533 11.671 10.848  9.469  5.342  7.340  4.193  1.565  1.542 -1.108 
13.744 13.287  9.896  9.223  9.515  8.133  5.215  3.772  2.553  0.370 -0.767 
13.664 11.772 11.612  9.517  7.681  6.972  6.501  4.429  3.797  2.039  0.906 
12.891 11.760 12.194  9.875  9.301  7.195  6.280  3.024  3.775  0.510  1.112 
13.454 12.688 10.992  8.358  8.766  7.679  7.641  3.742  3.816  2.066  0.661 
13.868 13.511  9.721  8.221  7.344  8.463  6.652  4.645  2.563  1.648  0.261 
14.768 12.807 12.095  8.815  7.316  7.226  5.440  3.888  1.978  2.334 -1.520 
12.902 13.431 10.704 12.748  7.739  6.724  6.071  3.124  2.313  1.463 -0.358 
13.099 13.543 10.438  9.956  7.177  7.465  4.962  4.394  4.360  2.414 -1.642 
15.476 13.355  9.717 10.114  7.507  7.633  6.129  4.617  4.896  1.423  1.804 
12.868 11.376 11.856  9.954  7.627  5.643  5.726  5.809  3.818  1.649 -0.675 
16.394 13.297 12.563 10.345  8.600  7.379  5.685  3.537  3.645  2.391 -1.035 
14.930 13.024 11.587  9.621  9.537  6.390  6.183  3.209  3.690  1.252 -0.572 
14.455 13.268  9.032 11.620  9.559  9.066  5.953  2.302  1.570 -0.520 -0.293 
13.499 14.043 11.868  9.029  6.684  6.153  4.998  3.682  3.550  2.033 -0.117 
14.525 11.387  9.803 11.090  8.630  6.320  4.144  6.659  2.295  1.523 -0.213 
13.138 13.777 10.525  8.424  9.030  7.579  5.446  5.226  2.312  1.586 -1.027 
14.422 12.126 11.693  9.579 10.139  6.867  6.960  5.740  4.213  1.695 -0.213 
15.449 13.352 12.001  9.731  7.879  6.061  6.527  5.530  4.616  1.259  1.638 
14.892 14.029 12.071 13.257  8.726  9.411  4.407  4.621  3.828  0.184 -0.555 
14.954 13.523 10.220  8.390  7.380  7.073  6.158  5.702  2.542  0.138  0.650 
15.549 13.388 11.352 10.479 10.066  6.593  6.713  5.421  2.845  1.445 -0.584 
13.522 11.126 11.567  8.759  6.812  7.187  5.466  5.206  1.544  0.986 -0.403 
14.711 11.225 10.924 12.107  8.907  5.993  4.801  3.689  1.763  2.230 -0.710 
14.781 12.841 10.595  9.425  8.102  5.720  4.537  2.998  3.298  2.526 -0.506 
13.937 13.849  9.928  8.066 10.464  5.439  5.573  3.695  3.472  1.304 -1.300 
14.280 13.101 12.106 10.818  9.742  7.500  5.831  2.469  3.028  2.267 -1.389 
14.693 12.867 11.824 10.017  8.383  5.960  4.811  5.473  3.523  3.225 -1.298 
12.843 12.396 12.061 10.750  8.213  5.559  5.269  3.725  3.028 -0.115 -1.430 
14.899 13.513 12.926 10.722  7.113  5.351  5.138  2.733  0.530 -0.467  0.394 
15.082 13.287 10.261  9.460  8.869  6.754  6.050  4.102  3.523  1.818  0.115 
16.675 12.291 10.106  9.938  7.973  5.412  6.698  4.108  5.465 -0.431 -0.505 
13.492 12.970 10.439  8.798  7.428  8.280  5.973  5.054  2.795  0.767 -1.102 
13.640 15.531 11.390 10.890  7.919  5.143  6.288  4.938  3.868  1.642 -2.376 
13.716 11.231 11.890  9.553  9.928  6.975  5.657  4.640  5.279  1.378 -0.491 
13.711 13.412 10.109 11.135  9.659  6.949  6.357  4.660  4.473  1.264  0.231 
14.357 13.347 12.523  9.422  8.021  5.148  6.954  6.304  2.420  2.766  0.702 
13.024 12.495 11.667 11.813  8.647  6.305  6.397  3.948  0.922  1.777 -1.771 
14.140 13.113 10.999  9.289  9.463  7.080  3.576  4.347  3.379 -1.222 -0.556 
14.038 13.310 12.238  9.177  9.199  8.241  5.519  4.879  2.780  1.037  0.429 
15.915 12.478 10.245  9.551  9.084  7.665  6.398  3.293  1.998  0.301 -0.693 
12.439 14.545 12.635 10.051  8.386  5.450  5.152  4.253  3.153 -0.643  2.059 
14.898 12.584 13.720 11.421  8.476  7.621  5.727  5.541  3.528  1.994 -1.712 
14.367 12.331 12.096  9.981  8.616  5.667  6.202  3.351  2.856  2.272 -0.318 
13.499 11.171 10.068  9.112  8.051  5.919  4.661  4.324  4.804  1.350  1.476 
15.254 12.297 11.457 10.537  8.191  7.713  5.752  3.686  4.215 -0.159 -0.070 
15.212 12.149 12.065  9.417  8.540  6.679  5.778  4.360  3.414  0.828  1.039 
13.289 11.784 11.507  9.927  9.989  9.012  6.969  3.315  1.758 -0.312  1.065 
13.094 13.129 11.877 10.266  8.840  6.961  6.688  3.929  4.051  1.621  0.027 
13.440 12.808 11.696 12.253  8.446  7.470  6.266  4.468  2.314  1.036  0.285 
13.136 13.977 11.139  9.977  7.704  6.544  6.356  4.671  5.153  0.842  0.848 
13.389 12.457 10.923 10.146  8.312  6.997  7.029  3.719  3.234  3.309  1.731 
13.127 11.666 12.436  8.731  9.577  6.153  5.869  4.805  0.809  1.940 -0.611 
15.905  9.776 13.374  8.420  9.288  5.952  7.215  4.493  2.711  1.836 -0.453 
14.910 12.174 12.548  8.973  7.817  7.186  5.053  3.978  3.172 -0.448 -1.131 
14.093 12.983 11.306 10.084  6.889  7.698  5.850  2.436  1.731  1.173  0.018 
14.819 12.095 10.488  8.454  8.943  6.069  4.522  2.944  2.958  0.890  1.078 
15.224 13.590  9.432  9.874  8.125  7.440  6.338  3.701  2.791  1.242  0.248 
12.611 13.140 10.624  9.836  9.581  7.436  6.677  5.229  3.618  0.326  0.271 
14.101 11.619 10.320 11.180  9.673  6.852  6.117  3.776  2.204  1.504  0.589 
16.481 10.548  9.930 10.194  6.761  5.408  4.417  3.883  2.278  1.754  0.928 
12.489 11.427 13.885 10.528  8.872  6.150  6.334  5.472  1.134  2.552  1.050 
14.292 13.801 12.490  8.933  8.615  6.371  5.329  4.677  3.915  0.061 -1.285 
14.392 14.034 10.179 10.029  6.608  6.098  4.196  5.599  1.072  0.647  1.027 
15.006 12.535 11.899  9.707  8.195  7.373  5.739  4.093  2.563 -0.305 -2.800 
12.800 11.283 11.415  9.712  9.250  7.117  6.398  5.149  1.267  1.309 -0.105 
14.037 13.069 10.805  8.680  7.781  7.813  6.509  4.629  1.292 -0.291 -0.068 
12.734 12.247 10.205  9.914  8.963  8.106  6.596  2.885  3.784  1.599  0.640 
16.263 12.743 11.683 10.046  8.812  6.944  6.187  4.484  3.252  3.022  0.681 
13.251 12.952 11.038  8.497  9.497  7.860  6.072  3.330  2.758  0.843 -0.061 
15.502 11.461 11.287 10.727  7.317  5.358  5.988  3.624  2.555  1.707  0.386 
13.590 12.112 11.451  9.600  8.699  8.545  6.667  1.791  3.669  2.480  1.859 
13.583 13.983 11.312 10.367  9.550  7.166  6.092  3.312  2.615  0.468 -2.035 
14.242 11.324  9.281 11.058  6.560  7.430  6.056  7.408  3.246  1.567 -1.467 
14.776 11.918 12.155 10.627  8.219  6.403  4.007  3.230  3.309  1.990  0.355 
12.948 13.960 12.606 10.577  8.794  8.285  4.837  2.919  0.906  1.056 -0.325 
15.433 11.003 11.148 10.945  8.209  5.686  4.518  4.809  2.633  1.882  0.626 
14.775 11.340 12.175  8.742  8.958  6.630  7.870  3.250  2.499  1.117  0.026 
15.188 12.520 11.588 11.238  9.715  5.449  5.315  5.515  2.722  3.390  0.128 
13.970 11.314 12.476  9.008  8.695  6.084  5.655  5.973  2.057  2.299 -0.574 
13.775 13.156 10.758  9.421  8.654  7.004  6.802  5.814  5.269  2.091  0.398 
15.995 13.715 10.745 11.367  9.454  8.625  5.732  5.327  2.834  1.875 -0.078 
14.576 11.383 11.380  9.769  9.550  6.664  5.828  5.881  3.735  2.278 -1.332 
15.719 13.505 11.704  8.609  9.323  7.787  4.669  5.244  3.192  0.648 -0.437 
14.034 12.243 10.909 11.085  9.436  7.593  6.730  3.707  1.899  1.836 -1.117 
15.570 11.365 11.309 10.607  8.678  8.353  6.896  3.441  3.424  0.689 -0.181 
14.961 13.429 12.678 11.060  6.582  7.023  4.785  5.529  2.551 -1.078  1.100 
14.289 11.447 12.720  9.761  6.851  7.190  6.580  4.077  2.477  1.618 -1.542 
15.351 12.601 11.770 10.355  8.825  5.560  6.324  4.698  2.361  1.436 -0.161 
12.661 13.830 10.413  9.163  8.552  6.803  3.616  4.001  4.555  1.524  0.758 
14.181 11.076 10.244  9.178  8.465  7.592  6.586  4.926  2.832  0.234  1.323 
14.003 12.860 11.044  9.321  7.658  6.114  5.304  4.382  3.386  1.835  0.811 
12.579 12.643 11.176  8.807 10.421  6.291  4.404  3.843  2.776  1.726 -0.686 
14.033 13.467 12.862  9.805  9.643  6.454  6.320  4.720  2.261  3.259 -0.420 
15.427 12.027 12.215  9.119  9.646  9.096  5.368  6.021  3.047  0.108  1.051 
15.467 12.914 10.159 10.048  7.740  7.741  8.049  4.681  1.613 -0.136  0.599 
13.956 12.037 11.986 10.545  6.271  6.465  4.518  5.362  2.237  0.355  1.068 
14.520 11.721 11.083  8.896  7.811  8.053  5.241  3.825  3.373  1.756  0.158 
14.865 12.867 13.496 10.326  8.291  6.724  4.476  3.280  2.831  0.183 -0.274 
15.542 13.288 12.424 11.495  8.053  8.205  7.242  4.538  1.587  0.477 -1.941 
13.593 11.951 10.396  9.833  8.707  8.587  6.556  5.235  1.504  0.665  0.450 
13.552 11.692  9.863  9.223  9.630  6.556  3.452  2.493  1.282  1.561 -0.477 
14.297 12.714 10.918  9.287  8.624  7.747  6.087  6.658  2.261  1.360 -0.679 
13.831 14.699 12.159  9.649  8.049  5.386  4.160  2.603  2.106  1.441  0.090 
15.330 12.040 10.313 10.471  9.661  5.910  6.156  3.623  2.681  2.950 -0.337 
13.728 13.219 10.163  9.803  8.966  6.296  6.038  6.234  3.254  2.246  0.114 
14.934 13.063 11.979  9.020 10.377  7.147  5.665  4.653  3.017  1.517  0.624 
13.777 11.985 11.625  9.470  8.257  7.429  6.585  4.453  1.732  0.121  0.818 
13.842 13.393 11.025 11.257  8.555  5.807  6.676  4.505  0.851  1.140 -1.710 
14.772 13.835 13.102  7.977  7.326  5.995  5.575  6.999  2.669  2.043  0.416 
15.044 12.816  9.071  9.503  7.022  8.399  5.214  3.784  2.186  1.307 -1.016 
14.481 13.389 11.178  9.430  8.459  7.792  6.110  3.673  2.155  1.429 -1.002 
14.591 12.836 11.005 10.947  8.569  7.164  6.545  4.455  3.823  1.972 -1.898 
13.030 11.643 11.605 10.525  8.739  6.014  6.774  5.870  2.769  0.997  0.012 
13.417 11.894 12.754 11.563  8.700  8.271  4.945  4.028  3.168  3.297 -0.918 
14.402 13.075 12.583 10.368  9.342  7.730  4.144  6.367  3.798  1.328 -0.982 
14.380 12.404 12.604  9.369  8.188  8.150  5.493  4.199  3.296  1.999  0.268 
14.808 13.778 11.073 12.851  8.202  8.954  6.092  3.185  0.975  2.810  0.188 
12.510 11.862 11.962 10.988  6.652  5.594  6.316  2.239  1.219  1.428 -0.967 
15.122 10.925 12.242 10.482  8.792  8.190  5.074  4.782  1.015 -0.265  0.558 
15.722 13.741 11.054 11.305  9.489  4.933  5.027  5.553  1.734  0.511 -0.010 
14.184 13.838 13.038  9.179  8.335  8.498  4.121  4.309  2.362  1.348 -0.608 
13.490 12.454 12.616 10.549  9.166  6.339  6.962  2.834  2.992  0.625 -0.439 
15.494 12.549 11.435  9.471  8.269  6.275  7.178  5.215  1.673  0.600 -0.337 
14.936 12.123 10.679  8.719  7.180  9.038  5.931  4.729  1.758  0.175  0.419 
13.400 13.119 12.682  9.146  8.994  6.279  5.413  2.705  2.950  1.219 -0.679 
14.884 11.575 12.375 10.058  9.167  5.875  3.449  4.537  3.915  0.117  0.113 
15.282 12.528 11.644 11.212  8.399  8.548  6.019  3.452  2.466  1.846  0.135 
13.736 13.799  9.818  8.551  8.638  6.729  6.293  4.006  4.957  2.464 -0.096 
15.287 12.197 12.288  9.230  6.510  8.024  5.323  4.993  1.173  2.308  0.361 
15.008 11.954  9.952 10.528  8.656  7.669  4.483  3.364  2.908  0.492 -0.733 
15.096 12.960 11.750 10.905  7.478  5.791  3.772  4.159  4.488  3.057 -0.180 
14.137 13.016 12.788 10.233  9.418  7.078  6.328  4.954  2.556  1.364 -0.609 
13.973 11.039 11.294  9.455  8.101  6.956  6.772  3.986  3.239  2.180  0.183 
15.375 11.708 11.163 11.113  7.054  8.812  5.992  3.272  3.482  0.786 -0.326 
14.743 13.010 12.171  9.800  7.464  7.645  6.024  4.601  2.784  2.882  0.197 
15.625 12.356 12.363 11.449  8.719  7.175  5.499  3.135  3.132  0.510 -0.230 
16.868 13.293 11.503  9.618  8.610  6.264  3.584  4.554  2.642  1.263  0.226 
13.565 10.190 11.006  9.238  8.960  8.140  6.825  4.401  2.076  0.615  0.304 
14.603 13.847 12.227  8.234 10.342  7.078  5.753  4.039  3.190  1.175 -0.834 
14.323 13.061  9.889 10.999  9.871  8.334  4.524  4.916  3.345 -0.792 -0.688 
13.299 11.997 11.899 10.834  7.520  8.005  5.104  3.611  4.229  1.100 -0.020 
14.259 12.332 12.318 10.318 10.370  7.842  7.200  4.595  2.691  1.023  0.658 
13.928 10.362 12.881 10.102  9.513  7.025  4.925  5.810  4.344  1.008 -1.419 
14.530 10.557 11.519  8.786  9.593  7.778  5.482  4.206  1.216  2.849 -0.078 
16.031 11.650 11.434 10.363  9.561  5.178  5.752  5.332  2.734  0.721 -0.611 
14.435 13.729  9.277  9.849  7.792  8.905  7.086  5.045  1.472  2.312  0.533 
14.331 13.421 10.958 10.216  7.664  9.096  5.683  2.362  2.594  0.893  0.529 
12.578 12.958 11.257 10.623  9.292  6.645  4.012  4.534  3.732  3.831  0.122 
13.373 12.489 11.762  7.566  9.397  7.223  7.273  4.896  2.796 -0.250 -1.420 
14.946 11.991 12.937 11.428  7.355  8.783  4.293  3.535  1.831  2.131 -0.738 
11.557 13.641 10.259  9.149  7.970  8.493  4.899  5.370  2.688  2.780  0.449 
13.368 12.968 12.041 10.718  8.862  5.428  5.122  3.824  3.057  2.651  0.516 
14.362 13.060 11.742 11.135  8.650  7.087  5.044  4.895  3.823 -0.994  0.388 
14.482 12.395 12.380 10.871  8.725  6.173  5.625  3.977  3.458  0.178  1.093 
14.348 12.696 11.110  9.279  8.714  7.896  5.789  3.387  4.062 -0.475 -1.024 
15.611 12.548 11.618  8.529  8.453  6.638  5.951  3.119  1.376  0.117  0.026 
14.336 11.750 11.295 12.243  9.554  7.670  6.738  4.423  4.427  2.046 -0.783 
14.897 12.152 12.023  9.675  6.767  6.829  6.171  4.274  1.241  3.134 -0.556 
12.368 12.019 11.348 10.018 10.101  8.242  6.440  4.014  4.949  1.892 -1.063 
14.736 12.922 10.647  8.975  8.626  5.329  4.777  2.644  1.580  1.534  0.264 
14.535 12.391 11.184 10.663 11.049  7.326  6.651  6.005  3.388  0.592 -0.388 
13.921 14.769  9.603 10.115  9.318  5.105  4.718  3.230  2.300  0.714 -0.243 
14.448 13.443 10.400  8.154  7.862  7.409  6.535  6.161  3.205  2.436  0.094 
14.092 11.555 11.604  9.445  8.810  7.780  7.607  4.323  1.980  1.011 -0.974 
14.746 12.614 11.884  9.645  9.329  7.202  4.938  5.191  3.045  0.671 -0.381 
13.129 12.069 11.044 10.979  8.961  6.789  6.132  5.167  3.008  0.882 -0.294 
12.949 12.406 10.806 11.184  7.426  7.295  5.401  3.757  3.456  0.610  0.046 
14.765 15.203 12.471 11.984  8.500  7.163  8.109  3.338  2.341  1.223  1.308 
14.163 13.346 11.152  9.909  9.695  7.808  5.856  2.487  2.695 -0.272 -0.573 
13.839 11.630 12.163 10.350 10.463  8.538  6.084  2.492  2.428  1.242 -0.933 
14.582 14.206 10.524  9.682  7.992  9.302  5.991  5.289  3.305  1.889  1.240 
13.536 12.935 11.311 10.354  7.841  7.243  6.009  3.958  1.613  0.034  0.481 
11.974 14.149 11.365 10.717  8.081  8.365  5.360  4.092  2.118  1.049  1.887 
14.325 12.960 11.270  8.679  9.229  7.133  6.844  4.497  3.098  2.086  0.002 
15.044 13.721 12.483 11.186  8.736  8.731  3.547  4.230  3.283  0.287  0.119 
12.356 14.087 10.702  7.957  8.902  5.585  4.392  3.157  1.938  3.253  0.364 
14.817 12.533 11.260  8.731  7.974  7.231  3.860  4.366  3.011  1.528 -1.008 
13.926 14.606 11.378 10.194  9.566  7.854  3.719  4.025  2.158  1.874  0.044 
14.894 12.759 13.035 11.545  7.454  8.842  4.678  4.162  2.918  2.795  1.527 
14.967  9.597 12.541  7.915  8.995  7.424  4.539  3.766  1.059  2.100 -1.143 
14.342 11.517 11.254 12.836  8.116  6.743  5.258  3.210  2.664  1.642  1.180 
14.470 12.325 10.513 10.642  8.994  8.365  5.709  2.165  2.728  1.475  2.176 
13.613 13.427 11.712 11.106 12.065  7.639  5.823  4.463  1.813  1.141  0.754 
14.046 14.140 12.823 11.158  7.889  7.702  6.161  3.991  2.642  1.797 -0.050 
14.133 13.829 10.348  8.679  8.503  7.897  4.904  5.104  3.601  0.666  0.526 
13.162 13.430 11.866  8.721  7.369  6.164  5.643  5.647  3.026  0.161 -2.514 
15.402 14.105 11.241  8.831  9.325  8.109  4.941  3.572  2.643 -0.248  0.463 
13.673 11.460 11.447  9.210  9.523  5.414  7.062  4.835  3.307  1.311 -0.576 
14.503 12.386 11.007  9.150  8.011  8.234  5.084  4.740  1.815  1.669 -1.629 
13.249 11.561 11.067 11.014  9.097  7.571  4.606  4.442  3.394  2.603  0.563 
12.056 12.727 11.125  7.432 11.128  5.731  8.512  4.702  2.970  0.736 -1.887 
13.704 12.212 11.858  9.805  9.337  7.227  5.915  3.436  3.487  1.128  0.514 
13.645 13.967  9.421  9.858  7.755  9.655  5.372  5.375  3.575  0.420  0.488 
15.054 12.579  9.148 10.532  8.990  9.534  5.936  4.977  1.907  1.396 -0.120 
13.478 13.685 11.734 11.147  9.709  6.986  4.509  3.218  4.405 -0.774 -0.369 
13.605 15.051 10.951 11.238 10.064  7.249  6.015  3.202  2.979  0.616 -1.504 
13.964  9.940 10.341  9.925  9.821  7.537  6.408  4.572  1.898  1.806  1.740 
14.851 12.176 13.158 10.388  9.840  4.157  5.321  3.355  3.004  1.127  0.096 
14.910 10.701 12.367 11.182  7.049  7.983  5.939  3.158  2.778 -0.404  1.309 
13.571 13.297 10.661  9.684  7.781  7.559  5.727  4.839  2.247  1.151  0.065 
13.402 12.323 11.726  9.445  9.736  6.999  6.507  3.774  5.150  2.601  0.489 
13.433 12.455 11.551  9.190 10.926  7.154  6.723  3.296  1.559  1.897 -1.185 
14.535 13.493 10.726  8.988 10.444  7.916  5.994  4.952  1.612 -0.808 -0.343 
15.612 12.809 11.554 10.309  8.216  6.910  5.447  4.361  2.447  1.675  0.545 
14.404 13.095 11.351 10.661  9.286  7.098  4.643  3.032  2.904  0.338  0.376 
14.530 13.653 12.299  9.254  7.897  5.694  5.830  4.144  0.988  0.670 -1.095 
13.728 11.603 10.863 11.322  6.926  7.632  6.109  5.235  3.419  0.560  0.134 
14.631 12.951 10.055  9.417  9.216  8.311  5.480  4.015  1.071  2.355 -0.316 
14.127 13.109 11.378 10.399 10.876  8.117  4.622  4.872  2.294  1.900  0.130 
13.504 12.564 10.942 10.749  7.185  7.548  6.296  4.704  3.447  3.608 -0.113 
12.840 11.315 10.690  9.901  8.592  8.064  4.894  4.045  3.007  4.558  0.014 
15.316 12.955 11.339  9.618  7.494  7.271  6.703  5.685  3.760  2.092 -0.480 
14.854 14.684 12.822  9.246  8.334  7.615  6.103  5.131  3.044  3.064 -0.893 
13.372 12.816 10.149  7.773  7.621  7.527  5.204  3.403  3.459  1.729 -0.387 
14.987 13.443 11.128  8.664  6.896  9.513  7.546  4.573  3.388  0.741  1.122 
15.341 12.706 11.405  8.528  9.113  9.520  5.095  6.006  3.230  0.141  0.623 
13.999 14.107 12.013 10.439  8.980  6.577  7.634  5.073  3.482  0.975 -0.402 
13.573 12.805 10.398  9.943  8.793  6.282  4.787  6.131  3.464  1.926 -0.123 
12.734 11.967 12.404  8.160  9.331  7.523  6.042  5.556  3.634  1.713  0.826 
13.963 14.496 12.172 11.704 10.197  8.347  5.598  2.431  2.064  2.444  3.104 
15.630 11.131 12.506 10.199  8.102  7.427  5.400  4.674  2.888  1.896 -0.164 
13.588 12.279 11.305 11.620  9.019  7.225  6.150  3.117  2.920  1.273  1.210 
14.134 12.961 11.590 10.368  9.873  7.081  5.873  2.166  3.324  3.650 -0.059 
14.108 13.033 11.087  7.498  9.229  5.262  6.821  4.835  3.338  1.850 -0.378 
15.914 12.753 12.273 10.330  7.932  5.755  7.006  3.403  2.961  1.199  0.460 
13.910 12.214 11.986 10.629  8.571  7.324  4.813  6.434  3.094 -0.813 -0.643 
13.532 11.951 10.381 11.544  8.608  7.336  5.914  6.685  2.439  0.899 -1.382 
14.369 14.496 11.649 11.085  7.590  6.235  6.720  4.865  1.989  0.063  1.392 
14.336 14.369 11.875 10.616  9.441  7.102  6.890  3.563  2.586  1.869 -0.301 
12.730 13.041 12.788  9.558 10.262  7.086  5.977  6.741  3.195  1.893 -1.084 
13.598 11.882 10.056  7.788  8.090  8.429  5.907  3.867  3.724  2.663  0.720 
12.446 13.388  9.120 10.358  9.101  8.213  5.191  3.722  4.138 -0.492  0.408 
14.052 12.699 10.782  9.404  9.065  8.566  7.725  2.302  3.976  1.074  0.592 
13.420 12.934 11.420  9.001  7.632  6.734  5.402  3.350  2.915  0.640  2.336 
12.680 12.396 11.653  8.670  8.651  5.913  5.522  5.064  0.936  3.592  2.561 
14.553 12.402 11.440 10.029  8.600  5.805  5.991  5.280  3.402  2.082 -1.365 
13.199 10.753 10.678  7.965  8.183  6.992  5.597  4.739  3.147  2.277  0.614 
12.978 11.467 10.632 10.940  8.358  7.021  6.080  4.729  3.038  2.418  1.555 
14.846 12.011 10.337  9.995  8.335  7.668  7.427  5.001  3.074  2.175 -1.757 
13.258 12.063 12.886 11.054  9.320  7.798  5.541  5.971  2.685  2.265  0.044 
12.228 12.778 10.573 11.017  9.444  6.990  4.755  5.975  3.554  1.712  1.363 
14.447 12.519 10.818  9.697  7.788  6.276  4.981  4.651  2.338  0.532 -0.118 
12.840 14.207 11.790  9.811  8.990  7.470  5.759  3.175  2.350  0.123  1.486 
15.591 11.024 11.105  9.216  9.142  5.701  5.341  4.024  2.088 -0.250 -0.742 
14.245 12.955 10.122 11.757  7.404  4.819  4.503  3.474  3.384  1.264  0.594 
13.300 12.712 11.872  8.913  8.232  6.208  6.172  4.858  2.673  2.460  1.159 
13.496 13.008 10.448 10.852  7.061  7.144  4.307  4.166  2.906  2.209  0.702 
13.651 12.639 10.674 11.242  7.969  7.243  6.336  3.919  3.500  1.453  0.208 
14.169 12.431 10.374  8.882  8.601  5.696  5.933  3.740  2.725  0.993 -0.607 
13.913 14.282  9.987 10.714  8.584  6.724  6.400  5.294  3.878  0.880  1.322 
13.696 12.369 10.565 10.381  7.990  6.777  6.804  3.116  0.902  1.369 -0.086 
13.660 13.493 12.643 10.100  8.715  6.924  7.352  4.646  3.576  1.104  0.962 
13.835 10.968 10.037 10.198  7.867  6.823  6.318  5.536  4.277  1.729 -0.263 
15.791 13.551 12.400  9.590  9.858  7.363  5.382  5.133  3.743  2.889 -1.084 
14.239 12.083 12.041 10.011  6.906  7.156  5.408  2.390  2.697  2.390  1.401 
14.042 12.025 12.752 10.505  8.739  8.342  5.722  2.358  2.995  2.115  1.326 
13.338 13.606 12.410 10.967  7.488  7.183  6.965  4.580  4.172  0.598 -0.597 
13.274 13.246 11.870 10.691  7.803  7.767  5.732  4.668  2.348  1.726 -0.411 
15.213 12.577 11.372 10.782  8.827  9.389  6.456  3.024  3.294  1.304 -0.028 
14.216 13.658 11.866 10.790  5.071  7.004  5.614  4.087  1.551  0.104  0.615 
15.605 10.819 11.608  7.884  8.847  8.817  5.441  5.344  3.289  2.211  1.755 
11.906 13.371 12.261  9.835  6.778  8.169  5.852  5.047  1.511  0.210 -1.243 
14.049 13.172 11.229 11.115  7.938  7.782  7.298  3.882  2.181 -0.324 -0.824 
13.361 13.060 12.092  9.036 10.368  6.192  6.102  3.453  3.412  0.592 -0.517 
14.432 14.222 10.676  9.114  8.348  6.506  6.179  3.652  1.256  0.944 -1.180 
13.992 12.418 11.506  8.478  7.637  6.762  7.494  2.036  2.266  1.860  0.665 
13.990 13.225 11.270 11.009  9.115  6.705  5.727  4.099  1.199  1.604  0.329 
14.241 14.441 10.054  8.630  7.293  7.719  5.070  5.466  3.714  1.324 -0.789 
12.897 15.251 12.125  8.012 10.481  8.111  3.919  3.123  2.370  2.015 -0.186 
14.190 13.891 11.026  9.695  9.270  5.985  5.883  3.630  2.094  0.077  0.364 
13.670 12.760 11.205  9.462  7.946  7.929  5.863  2.636  3.701  1.619  0.818 
14.433 12.897 12.334  9.536  7.534  6.929  5.149  3.017  1.933  0.107 -1.102 
14.494 13.176 12.566  8.072  8.548  8.427  3.978  4.347  2.576 -0.330 -0.516 
13.721 14.429 11.090  8.858 10.182  7.476  6.055  5.311  2.445  3.409  0.165 
12.570 12.460 10.748  8.604  8.231  7.081  4.906  4.143  3.911  0.883  1.255 
13.101 11.740 10.354  8.907  9.308  7.249  6.249  4.677  2.709  0.980  0.601 
14.816 14.296 10.700 10.384  9.189  6.431  3.916  1.769  4.824  2.542 -1.110 
12.044 13.729 10.812  8.110  7.599  6.925  4.859  1.896  1.958  1.091  0.504 
14.151 11.659 11.018  9.301  8.325  7.192  5.706  4.218  1.528  2.089  0.051 
12.153 12.856 11.539  8.805  8.988  8.697  6.393  4.831  0.340 -0.557 -1.424 
11.431 13.964 11.720 10.338  8.536  6.321  6.213  5.055  3.476  2.050 -0.027 
12.902 13.020 11.112  9.029  9.198  6.827  4.760  4.231  3.729  1.608 -0.457 
14.210 11.152  8.828  9.399  7.999  8.267  5.218  3.717  3.814  1.675 -0.053 
14.607 12.879  9.712  9.631  8.888  8.634  4.503  4.452  4.511  2.254 -0.459 
12.674 11.054 10.406  9.577  8.289  6.803  4.519  4.463  4.059  0.411 -0.914 
13.581 15.376 11.231 10.027  7.976  7.148  5.534  1.555  0.860  0.588 -2.185 
13.949 12.923 11.279  9.777  9.058  4.431  5.793  4.540  3.484  2.491 -0.308 
12.402 13.474  9.659  9.047  8.152  5.667  4.989  3.407  2.041  1.450 -0.810 
13.355 11.255 13.379 11.885  8.244  6.523  5.679  5.306  4.887  2.463 -0.778 
13.836 11.396 10.349 11.286  8.955  6.795  7.121  3.853  2.583  0.000  1.575 
14.597 13.291 10.282 10.367  8.452  7.470  4.860  3.244  1.041  1.967  0.549 
15.018 11.698 12.567  9.297  7.800  8.333  7.279  3.618  1.872  1.475  0.168 
15.306 11.984  9.111  9.446  7.200  7.324  6.097  3.517  4.373 -0.409 -0.548 
13.642 12.984 11.588  8.781  8.813  6.948  6.789  5.433  1.198  2.034  1.001 
14.910 12.262 10.656  9.176 10.427  8.509  5.292  4.327  2.501  1.740 -0.052 
14.719 11.120  9.898  9.991  7.934  4.736  6.456  5.975  4.282  1.957 -0.805 
16.068 12.454 10.971  9.664  8.818  6.359  5.715  5.170  3.420  1.583 -1.405 
14.763 12.773 11.463  9.604  9.447  8.345  5.522  3.625  4.571  0.482 -1.897 
14.678 10.892  9.312  9.540  7.963  7.795  7.439  2.930  4.167  0.669  0.509 
12.766 13.393 10.273  8.646  6.849  6.467  7.020  6.425  3.680  0.297  1.474 
14.965 12.410 12.834 10.491  8.208  4.922  6.477  2.883  1.568  1.064  1.247 
15.149 13.868 10.815  8.504  8.809  8.084  5.804  2.680  3.602  1.537 -0.136 
13.581 13.221 10.588 10.925  8.591  8.480  4.770  4.719  0.663  2.699 -1.423 
13.155 12.711 11.131 10.093 10.057  6.953  3.984  4.936  2.293  1.559  0.175 
14.680 14.131 12.013 11.445  9.906  7.174  4.364  5.815  3.067  2.509 -0.273 
15.000 13.618  9.823 10.038  9.289  8.025  5.379  4.823  1.192 -0.152  0.690 
13.152 14.535 10.621 11.448  8.947  8.351  4.848  4.583  0.880 -0.163  0.999 
14.388 15.331 11.134  8.557  8.732  6.452  5.066  5.035  3.480  0.416  0.475 
13.649 12.644 11.001 10.498  7.272  7.192  5.417  5.982  3.711  2.367  1.251 
14.826 11.782 11.658 11.200  8.862  6.421  5.712  3.116  2.355 -0.197 -1.304 
14.115 11.027 10.479 11.401  8.655  7.340  3.935  3.631  1.515  1.810 -0.526 
14.247 13.334 12.733  8.626  9.410  7.003  5.392  3.859  3.612  2.162 -0.491 
12.917 13.081 10.350 10.297  7.115  5.085  4.746  4.395  2.760  1.634 -0.150 
15.589 12.959 10.954 10.303  8.182  7.282  3.840  3.296  4.252  1.880 -1.387 
15.000 14.172 11.864  8.722  8.167  5.756  4.019  2.312  2.914  1.028 -1.015 
13.127 13.490 11.522 10.198  9.011  7.743  6.130  3.115  2.968  0.914  0.065 
13.889 12.278  9.221  9.821  9.234  5.993  6.112  3.653  2.519  1.421 -1.311 
13.322 13.215 12.745 11.756  7.079  4.229  6.067  3.051  3.921  2.067  0.485 
14.409 13.141 10.778  9.605  9.949  8.142  7.052  3.962  0.989  1.539 -0.046 
13.043 12.958 10.980  8.645  7.913  5.726  5.677  5.724  3.176  1.261  0.538 
14.741 12.590 11.414  9.565  7.244  6.103  4.123  4.555  4.550  2.586 -2.894 
14.949 13.307 12.060  9.220  7.110  7.047  4.963  3.011  2.940  2.102 -0.116 
13.153 12.130 12.520  8.697  8.973  6.238  5.909  6.070  5.535  3.338 -0.332 
13.835 13.300 11.773  8.696  8.865  6.823  6.307  5.150  1.719  1.673  0.384 
14.865 13.002 12.357  8.990  8.025  7.672  6.368  4.147  1.556  1.087 -0.886 
14.756 12.549  9.408  9.180  9.717  7.239  5.799  4.067  2.381  0.099 -0.743 
13.246 13.619 10.790  8.680  8.217  4.748  4.000  3.114  1.492  1.525 -0.262 
13.948 12.095 10.816 10.339  7.004  7.346  5.187  4.500  3.710  1.479 -0.783 
15.047 14.459  9.132 10.443 10.367  7.711  6.187  4.098  1.645  2.036  0.352 
14.239 14.102 10.720  9.619  8.680  6.479  4.574  2.876  2.487  1.913 -0.483 
12.579 12.475 11.400  9.701  7.781  6.622  7.423  2.944  4.395  1.660 -1.965 
15.324 13.446 10.688 11.434  8.482  8.254  7.291  3.693  2.528  0.348 -0.084 
12.243 13.608 12.897  9.269  8.709  7.306  6.009  2.272  2.557  1.573 -1.440 
15.012 13.804 10.825 11.800  9.784  8.515  6.652  4.882  1.668  0.914 -0.845 
12.825 14.634  9.981  9.585  8.944  6.938  5.153  3.417  2.292  1.488 -0.108 
14.050 14.449 11.637  9.120  9.372  4.671  5.105  5.260  3.125  1.544  0.852 
14.379 11.671 10.613  9.887  8.131  6.815  5.188  4.625  1.782  1.282 -0.887 
13.431 11.157 11.132  9.917  7.357  6.557  7.094  5.000  2.490  0.800  0.486 
13.406 11.318 12.642  9.452  8.436  7.698  6.617  4.417  2.974  2.711  0.491 
12.133 13.021 11.772  9.088  8.101  6.546  6.439  4.486  3.381  0.273 -0.846 
14.799 11.076  8.707  8.918  5.826  6.149  5.082  3.163  1.879  1.330 -0.428 
15.173 13.076 10.115  8.761 10.268  5.829  5.392  4.599  3.285  3.406  0.308 
13.009 13.168 11.603  9.754 11.627  6.078  7.072  4.958  4.734  0.984 -0.575 
11.272 15.080 12.093  8.428  6.561  5.598  6.082  2.021  2.051  0.280 -0.770 
15.739 13.586 11.069  9.895  8.448  7.239  5.544  3.004  3.181  1.534  1.378 
13.630 13.500 13.212 10.721  8.340  6.614  6.623  4.304  2.294  1.186  1.752 
14.828 11.190 10.801 10.903  8.722  6.091  5.063  4.458  1.290  3.542 -0.760 
14.174 12.936  9.965 10.219  7.352  7.077  6.682  4.864  1.422  2.571 -1.827 
11.547 11.346 10.323  9.974  7.233  7.580  6.504  5.039  4.418  2.338  1.026 
13.663 13.565 11.915  9.840  7.088  6.246  5.137  5.302  0.977  2.465  0.131 
13.359 14.308 11.279  9.417  7.682  6.682  4.690  3.999  3.162  2.175  0.330 
15.226 12.041 10.836 10.912  8.622  7.851  6.292  3.243  1.616  3.765  0.758 
12.968 11.725 10.380  8.225  8.972  4.822  4.378  5.702  2.142  2.582 -0.034 
14.222 13.035 12.445 10.610  8.878  8.462  6.231  2.788  3.818  0.871 -1.283 
14.095 13.446 10.842  9.888  8.561  8.073  6.172  3.714  3.262  2.039  1.297 
14.582 12.987 11.791 10.448  8.437  8.329  6.595  6.514  2.855  2.065  0.329 
14.771 12.599 11.613  9.787  9.057  5.526  5.798  3.572  2.009  2.070 -1.283 
14.112 12.564  9.447  7.817  9.162  8.884  5.159  3.928  1.970  0.989 -0.364 
13.508 12.409 11.674  9.760  8.616  6.088  6.380  4.235  1.020  1.368  1.770 
13.672 13.747 11.570  9.898  6.911  7.177  4.565  5.308 -0.444 -0.118 -0.560 
13.954 13.050 11.877 10.228  8.844  8.689  5.991  4.467  1.980  1.770  0.316 
15.914 12.823 11.448 10.137  9.599  4.774  4.545  5.203  1.814  1.769  0.465 
15.804 14.800 12.360 10.738  8.452  8.505  4.026  4.463  2.208  0.946  1.215 
14.523 12.601 11.678 10.132  8.147  8.716  4.407  3.188  2.609  2.082  1.176 
13.415 12.566 12.242 11.499  8.009  6.603  4.691  3.901  2.085  1.144 -0.552 
13.664 13.061 11.831 10.688  7.528  7.418  5.965  5.150  3.849  1.679  0.467 
13.670 12.840 13.508  9.295  8.242  8.017  5.602  4.887  3.227  1.237 -1.437 
13.383 12.510 10.730 11.377  8.068  8.195  5.879  3.707  3.448  0.717  0.057 
14.303 12.653 11.785 11.274  8.934  6.704  5.583  5.371  2.363  0.663 -1.775 
15.583 12.273  8.383 10.336  8.374  5.600  5.965  4.209  2.102  1.657 -0.449 
14.317 13.280 12.143  9.989  7.028  7.641  5.300  5.221  2.998 -0.425  0.460 
15.351 13.250 10.576 10.470  8.500  7.101  4.656  3.887  2.048  2.555 -0.419 
13.053 12.631 12.218  9.845  8.923  6.950  5.455  4.083  1.947  2.342  0.234 
13.973 10.403 10.549 11.171  7.716  6.661  3.337  4.606  2.935  0.221  0.531 
14.076 15.330 11.809 10.284  8.454  7.928  4.988  4.754  2.879  0.246  1.121 
13.978 12.315  9.772 10.233  7.970  7.517  6.077  3.711  0.813  2.602  1.520 
14.097 14.288 13.386  9.017  9.018  7.399  6.193  3.242  4.372  0.540  0.786 
13.620 11.672 10.754  9.124  7.864  6.008  4.795  3.482  3.699  2.719 -0.546 
13.813 11.700 11.727  9.422  9.224  6.239  6.539  4.106  1.758  1.216  1.118 
14.511 13.024 10.779 11.694  8.831  5.549  5.796  5.934  2.000  0.340 -0.453 
14.331 12.813 10.781  9.597  8.063  7.622  4.479  4.346  1.228  0.603 -0.118 
13.430 11.592 11.975  9.382  9.736  6.946  5.495  5.235  1.817  1.960 -1.904 
14.392 12.999 10.298 10.894  9.107  5.152  7.144  3.964  1.275  3.221  1.418 
15.131 13.605 10.289  7.971  7.924  6.273  7.145  1.985  4.285  3.322  0.613 
13.125 13.759 10.971 10.204  8.138  7.160  4.485  3.347  3.587 -0.200 -0.750 
16.696 12.571 12.297  8.562  9.574  7.480  5.689  5.063  2.372  1.727 -0.053 
14.460 12.194 11.124 10.886  8.411  7.078  7.039  4.877  4.043  1.007 -0.966 
14.341 12.605 10.974  9.916  8.637  7.458  6.304  3.258  3.834 -0.500  1.438 
14.494 13.314 11.441  8.360  9.497  9.338  5.405  2.802  1.024  2.184 -0.183 
14.903 11.655  9.397  9.451  7.471  7.845  4.721  4.123  1.639  1.722 -1.651 
13.485 12.920 11.485  9.773  9.088  7.344  6.136  4.045  3.492  1.354 -0.617 
15.360 12.875 10.789  9.952  9.063  7.072  7.923  4.712  4.258  1.228  2.190 
12.185 13.099 10.010 10.231  7.982  6.466  3.756  4.657  5.071  0.394  0.737 
14.380 13.963  9.278 10.701  9.005  7.513  5.544  4.694  3.085  1.765 -0.618 
13.610 13.106 11.804  8.397  8.414  6.229  7.923  2.595  1.529  2.648  0.503 
14.299 12.665 10.566 11.737  9.187  6.101  5.686  5.442  2.115  0.588 -0.726 
15.189 13.323 10.490  9.984  9.182  6.811  5.848  2.574  2.092  1.275  0.828 
15.089 13.356 12.076 10.736  9.154  6.273  6.713  5.308  0.831  0.848  1.035 
14.093 12.535 12.214  9.732  7.449  6.315  5.648  5.286  1.267 -0.049 -0.594 
12.927 12.032 10.618 11.935  9.386  7.680  5.267  4.708  1.381  1.086 -1.191 
14.857 13.709 12.693 10.972  7.909  6.335  7.606  4.303  4.512  1.425  0.239 
13.250 12.941 12.372 10.108 10.821  7.924  5.866  7.220  3.207  2.144 -2.739 
14.630 11.628  9.797 10.619  7.513  6.421  6.041  5.452  3.846  1.493  0.080 
14.579 12.968 11.295 10.914  8.928  9.419  5.071  4.970  2.654  1.907  0.492 
14.786 12.422 10.033 10.535  9.211  6.795  6.816  2.891  3.266  1.329  1.647 
13.177 12.123 12.325  9.205  7.660  6.657  4.655  3.030  2.078  1.613  1.627 
14.785 13.625 11.752 10.140  8.019  6.179  4.320  3.269  2.471  2.034 -0.042 
15.160 13.101 10.086 10.152  8.834  7.618  4.075  4.511  1.713  3.058  0.195 
13.453 12.877 11.852  9.149  7.995  6.618  5.604  1.965  4.228  2.279 -0.985 
11.682 12.131 12.209  8.618  9.125  7.363  5.086  2.741  4.107  1.585  1.201 
14.602 11.502 11.288 10.136  7.816  5.742  8.106  5.405  1.654  1.574 -1.238 
13.631 11.254 12.665 10.419  7.552  7.173  7.740  4.598  2.698  2.094  2.041 
13.476 13.945 10.710  9.589  9.695  6.478  7.339  4.826  2.879  0.742 -0.194 
14.760 12.141 11.614  8.925  8.454  7.791  5.826  3.625  2.296  0.938  0.493 
13.988 13.559  9.931  8.805  9.490  8.723  6.547  3.440  1.067  3.302 -0.116 
13.963 14.048 13.676 10.940  9.520  5.074  2.921  2.920  3.111  2.372 -0.980 
13.986 11.303  9.894  9.610  9.532  7.920  4.304  5.675  4.581  1.013 -0.283 
12.828 11.403 11.406  9.973  7.321  7.049  4.785  4.780  4.157  0.065  0.988 
14.768 13.430 10.786 10.064  6.167  7.968  4.185  4.877  2.987  1.011  1.897 
15.105 11.868 13.457  8.088  8.348  7.330  6.017  2.277  4.507  1.306 -0.488 
14.038 12.764 10.257  7.899 11.147  8.124  4.236  5.914  2.767  0.229 -1.265 
13.793 13.007 11.578 10.023  7.796  7.218  4.291  5.022  3.022  0.053 -0.722 
13.618 11.262 12.348  9.017  7.941  8.298  8.570  1.822  3.191  0.267 -0.686 
13.912 13.112  9.468 10.841  9.561  4.986  4.240  3.961  2.288  2.776 -0.341 
14.494 12.760 11.137  8.408 10.531  6.457  5.015  3.728  1.975  1.601 -0.347 
13.045 12.429 11.050  9.059  6.554  9.033  5.450  2.988  3.937  0.695  0.819 
12.576 11.385 11.109 10.481  9.252  8.614  6.463  5.084  2.702  2.156  0.017 
12.681 11.774  9.516  9.755 10.047  5.815  6.067  2.552  3.619  1.088  1.708 
16.136 13.246 12.403  8.316  6.911  7.882  5.987  4.345  1.542  1.350 -0.327 
13.163 12.755 10.540  9.684  7.245  6.353  6.113  4.849  3.882  3.882 -2.434 
15.643 12.820 11.450  9.651  9.162  6.722  4.938  3.752  2.161  1.357 -1.426 
14.584 13.111 11.950 10.206  7.221  8.673  4.282  4.037  3.019  0.725  0.151 
14.226 12.819 11.261 10.904  8.950  6.269  6.238  4.216  4.419  0.262  0.573 
13.275 12.076 12.258 10.097  7.164  7.929  5.823  3.093  3.001  1.099  1.471 
14.919 12.161 11.404 11.004 10.436  7.625  5.385  2.568  2.313  2.254  0.994 
14.911 13.390 10.641  8.949 10.511  6.574  7.147  5.470  4.183  0.859  0.590 
12.956 11.701 12.060  9.171  9.657  7.123  5.909  4.720  1.596  2.163 -0.302 
13.845 14.468 13.275  9.155  6.677  7.908  5.910  3.150  3.905  0.212  1.209 
14.804 13.930 10.683 10.895  8.327  8.173  5.169  3.810  1.516  1.586 -1.129 
13.892 14.036 10.221  9.939  9.868  8.528  4.225  5.231  2.350  1.264 -0.100 
13.543 13.808 11.699  9.458  8.567  7.480  5.442  5.018  1.765 -0.109  0.532 
13.129 11.931 12.018 12.131 10.234  7.408  4.737  4.278  1.754  0.789  0.479 
15.484 13.042 11.940 10.604  9.505  6.644  5.765  4.490  4.034  0.783 -0.252 
14.359 13.370 10.999  9.904  9.535  6.058  5.025  4.365  3.146  0.795 -0.491 
13.724 10.432 12.130  8.291  7.879  6.343  6.916  3.757  2.651  2.265  1.580 
13.376 13.042 10.971  9.641  8.968  5.413  5.533  2.638  2.448  1.186 -0.313 
14.555 13.001 11.115  9.582  8.555  7.628  8.171  3.678  3.245 -0.233 -0.211 
14.150 13.314 10.050 10.028  7.204  6.779  6.561  3.379  2.110  1.556 -1.751 
14.566 13.711 10.900  9.354  7.976  5.085  6.063  5.084  2.285  0.867  1.202 
14.118 13.134 11.240  9.802  6.763  6.203  5.392  3.806  3.818  0.754 -1.579 
13.660 11.759 10.602  9.508  7.368  6.849  5.503  3.738  2.147  0.573  1.170 
14.655 12.999 11.507  9.542  8.473  6.274  6.971  1.975  2.041  0.968  0.223 
16.805 12.075 10.300  7.726  8.916  6.624  5.670  2.573  3.527  1.260  0.897 
12.342 11.553 10.983  9.005  8.537  7.700  2.781  5.925  3.404  0.920  0.476 
13.897 14.628 11.774  8.032  9.870  8.178  7.290  5.474  4.194  2.700  0.440 
15.404 12.977 12.951 10.035  9.240  7.994  8.639  3.921  2.262  0.774 -0.745 
15.426 12.649 11.423 11.697  9.021  7.312  5.736  3.829  3.358  2.652  0.976 
12.093 12.531 10.577 10.275  8.395  6.950  6.505  3.178  3.271  1.748  1.336 
12.698 13.143 11.876  9.825  8.737  7.094  4.878  5.708  3.618  1.678 -0.691 
14.176 14.004 10.583 10.884  8.839  8.292  5.976  3.990  2.834  0.678 -0.286 
14.072 11.659 10.621  9.156 10.613  8.403  6.104  5.407  4.566  2.732 -1.703 
13.756 14.412 11.204 10.546  9.059  7.052  5.940  4.889  2.557  1.178  1.458 
14.733 13.055 11.091  9.917  8.147  6.319  4.994  6.191  3.239  3.201  0.615 
13.935 12.525 11.199  9.837  9.220  6.188  4.983  3.084  2.573  0.571  0.525 
15.601 11.496 12.245  9.542  9.724  5.104  4.615  4.389  1.694  3.074 -2.290 
12.931 11.302  8.459 11.318  6.825  5.364  7.689  5.163  3.380  3.289 -1.368 
13.814 13.646 12.746 11.477  8.369  5.338  4.952  6.305  2.206  2.973 -1.106 
13.225 13.919  9.648  9.393  9.520  6.873  5.120  3.117  2.463  2.220  0.608 
13.516 11.357 10.989 10.537  9.157  6.770  4.497  3.620  2.635  1.752 -0.087 
15.908 13.054 12.861  8.907  7.637  6.479  7.278  4.216  1.573 -0.694  1.320 
11.760 12.473 12.807 10.578  8.302  6.888  4.935  4.229  3.860  1.060  0.063 
13.541 13.243 11.181 10.249  6.752  6.788  5.670  4.355  2.224  2.513 -2.977 
15.584 11.345 11.738  8.939  9.167  7.358  6.706  3.143  2.929  1.445 -0.876 
15.027 12.028  9.710 11.041  8.026  5.640  5.768  3.334  1.981  2.078  0.053 
14.526 14.859 13.032 10.104  7.615  8.561  5.747  3.658  2.488  0.601 -0.915 
14.123 13.330 10.697 11.247  8.322  7.644  6.042  3.871  3.647  1.210  1.995 
13.003 12.610 10.448  9.167  8.986  7.482  4.756  3.925  2.094  0.779  1.429 
15.585 13.044 11.227  9.874  7.952  7.114  5.214  5.291  2.825  2.085 -0.212 
14.762 12.373 11.635 11.204  8.667  5.432  5.163  4.354  2.168  2.338 -0.573 
13.537 12.218 12.052  7.942  8.269  7.397  6.022  4.987  1.694  1.878 -0.068 
15.075 12.789 11.611  7.681  8.704  7.467  5.574  5.264  2.632  0.439 -1.117 
14.263 14.321 13.077  9.688  7.867  8.322  5.790  4.699  2.916  0.770  0.242 
13.767 13.494 11.251 10.391  8.466  7.939  6.276  2.976  2.197  0.820 -0.081 
13.426 13.388 12.156 10.618  8.748  6.082  4.542  5.272  1.181  2.712 -0.280 
16.052 12.400 13.033  8.293  8.816  7.745  5.863  5.618  4.229  0.968 -1.756 
13.653 13.587 12.219  8.782  7.078  7.635  6.742  4.073  4.849  2.212  1.460 
14.077 13.602 11.006  8.346  7.991  8.228  5.621  5.078  3.150  0.655  0.233 
14.479 12.920 10.686  9.813  8.550  7.060  4.223  3.186  2.570  2.916 -1.764 
13.543 13.383 10.629 11.136  7.630  7.360  5.808  3.743  2.650  1.338 -0.083 
15.788 13.017  9.583  8.077  9.619  5.069  5.434  4.485  3.915  1.458 -0.344 
13.882 12.508 11.982  9.565  9.402  8.108  6.128  4.987  1.970  3.105  1.009 
13.587 13.368 11.180 10.666  8.807  6.742  6.459  5.040  3.070  1.357 -2.233 
13.227 13.050 11.162  7.939 10.343  6.701  7.182  4.061  2.228  1.689 -0.941 
13.938 13.853 12.626  9.508  7.004  7.437  4.318  4.287  3.852  0.587 -0.981 
14.250 13.045 11.265 10.218  9.016  7.565  5.620  5.645  2.813  0.723  0.346 
15.156 11.610 11.419  8.958  7.359  6.371  6.123  4.337  3.549  1.852  0.480 
14.029 12.777 12.855  9.530  7.859  6.069  6.709  5.939  2.026  1.925 -0.825 
14.348 13.180 12.273 10.035  9.182  6.590  6.181  4.179  3.282  1.695  0.801 
13.960 12.222 11.781  9.680  8.157  6.632  4.161  5.040  1.905  0.492  0.299 
13.631 13.132 10.990 10.458  9.263  7.333  5.680  6.630  3.123 -0.042  0.234 
16.547 12.500 11.513 10.236 10.900  6.662  5.749  4.901  3.857  0.420 -1.503 
15.403 11.607 10.463 10.716  9.677  8.015  6.254  5.616  2.655  1.312  0.116 
13.896 13.010 11.561 10.379  8.951  8.083  5.027  5.589  1.149  1.525 -1.647 
14.043 12.490 10.908 12.154  8.208  6.681  5.825  3.179  1.375  0.113  0.619 
14.841 12.333  9.303  8.095  8.400  6.258  5.640  3.145  3.202 -0.821  0.815 
14.933 11.944 11.371 10.281  7.860  5.261  6.529  3.038  1.643  1.767 -1.343 
14.175 15.150 12.490 11.211  8.273  6.606  5.793  4.164  0.837  0.753 -0.354 
15.263 12.947 10.403 10.974  7.431  7.033  7.221  2.915  2.107 -0.041 -0.011 
14.913 11.079  9.876  8.267  8.988  7.757  4.983  3.810  2.252  2.175 -1.524 
12.894 12.451 10.916  9.533  6.586  6.506  5.780  3.592  1.412  1.561 -0.528 
13.257 12.694 11.936  8.990  8.858  8.075  5.074  5.073  3.927  0.491 -1.297 
12.103 13.932 11.234  9.143  7.671  8.646  6.203  5.790  2.963  1.231 -0.060 
13.950 12.419 11.143  8.514  8.333  7.292  5.244  4.349  2.212  2.220  0.477 
15.679 12.949  8.790  9.997  9.616  5.871  7.040  5.487  3.604  1.318  1.507 
14.646 11.070 12.375 10.531  7.602  6.300  5.778  3.992  3.648  1.525 -0.284 
13.850 12.000 11.832 11.437  8.011  6.050  4.600  4.255  2.591  2.040 -1.299 
14.604 11.855 11.753 10.201  8.485  5.148  5.806  4.368  3.830  1.404  0.252 
12.361 12.836 12.272  8.957  8.604  7.180  5.226  3.620  3.555  1.084  0.557 
14.467 13.666 11.113 10.434  8.948  6.399  5.267  3.079  3.058  1.332 -3.706 
12.410 11.480 11.971  9.906  9.381  6.347  6.164  4.453  2.544  2.668  0.141 
13.841 13.988 12.298  9.111  8.707  6.775  4.502  3.595  2.313  1.379  0.502 
14.842 13.304 10.608 11.702  8.948  7.930  4.495  5.884  5.407  1.112 -0.170 
12.868  9.739 12.665  8.840  8.491  6.233  7.235  4.021  1.833  0.587 -0.581 
12.058 12.739  9.225  9.723  9.988  4.702  6.499  5.447  3.068  1.363  0.233 
14.903 12.552 10.197  9.885  8.240  5.864  4.040  5.439 -1.222  1.529  0.844 
15.339 12.531 10.675 10.964  9.911  5.219  6.268  3.485  1.523  1.529 -0.132 
14.937 13.368  9.087  9.852  9.744  7.400  5.744  5.643  3.013  1.301 -0.015 
13.732 14.578 12.546  7.322  8.274  4.703  7.128  3.736  1.952  1.666 -0.651 
15.372 11.113 10.203 10.144  8.075  6.993  6.066  3.487  4.255  0.831  0.938 
13.798 12.032 10.896 10.443  7.640  8.153  5.743  5.803  3.210 -0.424  0.763 
