14.115 12.818 11.294  9.910  8.433  7.113  5.642  4.251  2.804  1.434  0.007 
14.113 12.716 11.355  9.904  8.471  7.048  5.691  4.190  2.830  1.425 -0.002 
14.195 12.752 11.323  9.910  8.528  7.101  5.651  4.239  2.734  1.395  0.009 
14.156 12.713 11.375 10.037  8.478  7.049  5.653  4.214  2.821  1.419  0.015 
14.147 12.762 11.372  9.898  8.467  7.105  5.609  4.241  2.804  1.424 -0.015 
14.139 12.720 11.300  9.877  8.448  7.070  5.695  4.245  2.814  1.471 -0.016 
14.142 12.759 11.335  9.921  8.507  7.082  5.614  4.271  2.801  1.394 -0.001 
14.144 12.772 11.339  9.912  8.501  7.048  5.700  4.256  2.850  1.418 -0.008 
14.165 12.711 11.306  9.928  8.478  7.074  5.674  4.225  2.831  1.361  0.010 
14.098 12.707 11.315  9.884  8.496  7.137  5.642  4.246  2.853  1.358  0.039 
14.112 12.703 11.326  9.877  8.449  7.047  5.629  4.277  2.805  1.413  0.023 
14.127 12.717 11.268  9.906  8.509  7.102  5.620  4.211  2.803  1.363 -0.004 
14.110 12.664 11.267  9.887  8.470  7.069  5.671  4.240  2.854  1.405 -0.052 
14.151 12.749 11.327  9.900  8.493  7.053  5.676  4.282  2.836  1.444 -0.031 
14.137 12.734 11.341  9.876  8.468  7.070  5.707  4.224  2.803  1.420 -0.006 
14.178 12.753 11.335  9.947  8.498  7.057  5.644  4.287  2.842  1.431  0.064 
14.167 12.756 11.260  9.903  8.470  7.040  5.596  4.237  2.871  1.371 -0.012 
14.119 12.705 11.318  9.860  8.506  7.044  5.668  4.302  2.784  1.363  0.013 
14.143 12.695 11.299  9.857  8.515  7.099  5.701  4.223  2.832  1.397 -0.030 
14.132 12.720 11.321  9.909  8.570  7.085  5.646  4.278  2.871  1.435  0.018 
14.125 12.775 11.327  9.891  8.489  7.078  5.620  4.211  2.821  1.415 -0.010 
14.133 12.744 11.328  9.923  8.535  7.054  5.648  4.195  2.817  1.424  0.018 
14.129 12.725 11.304  9.876  8.465  7.031  5.619  4.245  2.771  1.400  0.025 
14.110 12.697 11.342  9.897  8.463  7.039  5.701  4.220  2.839  1.467 -0.039 
14.107 12.733 11.295  9.944  8.475  7.074  5.681  4.262  2.875  1.376  0.006 
14.174 12.764 11.334  9.892  8.482  7.051  5.660  4.213  2.824  1.432 -0.011 
14.085 12.662 11.328  9.934  8.484  7.035  5.664  4.184  2.878  1.397 -0.006 
14.136 12.769 11.308  9.870  8.468  7.077  5.649  4.247  2.851  1.413  0.051 
14.180 12.716 11.318  9.925  8.522  7.084  5.637  4.247  2.846  1.415  0.046 
14.123 12.751 11.265  9.895  8.465  7.073  5.625  4.253  2.843  1.475 -0.007 
14.183 12.754 11.277  9.895  8.510  7.046  5.620  4.249  2.808  1.408 -0.014 
14.188 12.741 11.284  9.861  8.593  7.054  5.676  4.262  2.881  1.427 -0.018 
14.116 12.727 11.315  9.972  8.494  7.114  5.683  4.310  2.864  1.466  0.022 
14.118 12.726 11.289  9.891  8.483  7.087  5.699  4.223  2.797  1.486  0.024 
14.158 12.733 11.310  9.845  8.463  7.092  5.564  4.242  2.874  1.438  0.015 
14.081 12.767 11.324  9.904  8.447  7.047  5.669  4.258  2.860  1.416 -0.019 
14.199 12.735 11.373  9.878  8.489  7.119  5.627  4.205  2.825  1.464  0.012 
14.138 12.688 11.350  9.859  8.479  7.000  5.687  4.303  2.855  1.449  0.015 
14.143 12.752 11.315  9.866  8.472  7.096  5.717  4.234  2.808  1.444 -0.000 
14.126 12.702 11.325  9.844  8.516  7.058  5.685  4.204  2.816  1.361 -0.022 
14.074 12.733 11.299  9.965  8.526  7.066  5.614  4.250  2.827  1.423 -0.062 
14.124 12.712 11.341  9.915  8.519  7.061  5.705  4.189  2.778  1.394  0.044 
14.175 12.759 11.304  9.872  8.513  7.027  5.679  4.263  2.826  1.404  0.020 
14.108 12.786 11.369  9.933  8.528  7.096  5.641  4.236  2.861  1.326 -0.046 
14.121 12.732 11.308  9.887  8.511  7.078  5.592  4.169  2.875  1.392 -0.040 
14.095 12.706 11.318  9.898  8.498  7.065  5.667  4.211  2.851  1.447  0.048 
14.186 12.719 11.283  9.968  8.525  7.079  5.718  4.292  2.800  1.413 -0.068 
14.124 12.716 11.343  9.970  8.467  7.096  5.634  4.238  2.800  1.460 -0.018 
14.152 12.725 11.321  9.883  8.525  7.070  5.628  4.175  2.816  1.401 -0.010 
14.182 12.762 11.373  9.860  8.447  7.014  5.661  4.257  2.837  1.419  0.043 
14.132 12.776 11.329  9.928  8.496  7.104  5.631  4.224  2.853  1.429 -0.090 
14.117 12.736 11.318  9.910  8.454  7.077  5.621  4.221  2.843  1.386  0.026 
14.182 12.763 11.274  9.914  8.456  7.129  5.625  4.280  2.885  1.417 -0.046 
14.155 12.717 11.336  9.922  8.533  7.079  5.667  4.252  2.828  1.368  0.039 
14.192 12.695 11.372  9.909  8.446  7.083  5.659  4.238  2.815  1.426 -0.027 
14.131 12.694 11.279  9.932  8.476  7.056  5.637  4.271  2.841  1.423  0.026 
14.126 12.739 11.317  9.941  8.472  7.037  5.613  4.207  2.889  1.472 -0.033 
14.136 12.710 11.349  9.877  8.462  7.042  5.696  4.260  2.861  1.396  0.026 
14.105 12.697 11.325  9.855  8.478  7.099  5.605  4.327  2.846  1.422 -0.032 
14.203 12.674 11.347  9.895  8.476  7.117  5.719  4.196  2.816  1.433 -0.008 
14.161 12.752 11.358  9.910  8.497  7.106  5.634  4.252  2.763  1.379 -0.072 
14.136 12.747 11.324  9.932  8.498  7.076  5.654  4.270  2.864  1.447 -0.021 
14.207 12.725 11.271  9.875  8.523  7.006  5.643  4.235  2.815  1.459  0.033 
14.192 12.696 11.309  9.877  8.492  7.117  5.652  4.279  2.820  1.403  0.040 
14.124 12.745 11.276  9.922  8.432  7.120  5.659  4.220  2.815  1.454  0.038 
14.252 12.675 11.319  9.886  8.473  7.090  5.607  4.279  2.879  1.391  0.012 
14.144 12.706 11.300  9.841  8.491  7.072  5.662  4.193  2.868  1.390  0.056 
14.110 12.800 11.307  9.938  8.547  7.117  5.696  4.245  2.808  1.451 -0.049 
14.167 12.717 11.296  9.906  8.476  7.036  5.670  4.216  2.840  1.401 -0.003 
14.185 12.700 11.295  9.916  8.543  7.030  5.649  4.249  2.827  1.421  0.015 
14.137 12.702 11.387  9.913  8.480  7.100  5.626  4.313  2.871  1.411 -0.101 
14.179 12.732 11.361  9.903  8.435  7.085  5.682  4.231  2.832  1.404 -0.031 
14.182 12.694 11.334  9.910  8.531  7.059  5.661  4.232  2.797  1.386 -0.059 
14.149 12.781 11.363  9.891  8.489  7.049  5.644  4.226  2.852  1.413 -0.001 
14.104 12.737 11.295  9.873  8.496  7.061  5.744  4.270  2.813  1.444 -0.001 
14.133 12.748 11.335  9.928  8.430  7.074  5.684  4.226  2.800  1.446 -0.009 
14.129 12.757 11.305  9.905  8.451  7.102  5.606  4.271  2.804  1.392 -0.013 
14.097 12.720 11.307  9.903  8.429  7.041  5.585  4.264  2.822  1.392  0.040 
14.141 12.724 11.394  9.869  8.484  7.098  5.653  4.270  2.799  1.392  0.014 
14.149 12.715 11.314  9.876  8.494  7.134  5.659  4.231  2.859  1.402 -0.006 
14.109 12.757 11.330  9.873  8.435  7.028  5.650  4.228  2.799  1.428  0.037 
14.116 12.679 11.224  9.948  8.485  7.052  5.581  4.274  2.861  1.440  0.046 
14.161 12.732 11.350  9.946  8.439  7.086  5.698  4.249  2.883  1.438 -0.036 
14.142 12.713 11.368  9.942  8.513  7.087  5.702  4.247  2.836  1.431 -0.013 
14.134 12.714 11.268  9.893  8.474  7.074  5.692  4.250  2.749  1.412  0.030 
14.143 12.730 11.267  9.938  8.501  7.018  5.648  4.255  2.861  1.449  0.044 
14.170 12.697 11.318  9.888  8.412  7.016  5.660  4.240  2.793  1.466  0.036 
14.145 12.689 11.303  9.906  8.500  7.080  5.660  4.211  2.883  1.320  0.035 
14.081 12.710 11.322  9.938  8.521  7.024  5.640  4.223  2.792  1.452 -0.047 
14.140 12.714 11.197  9.933  8.486  7.096  5.723  4.235  2.761  1.426  0.028 
14.185 12.678 11.314  9.928  8.467  7.038  5.671  4.282  2.835  1.391 -0.003 
14.136 12.754 11.316  9.882  8.509  7.107  5.614  4.232  2.847  1.426 -0.022 
14.132 12.716 11.317  9.926  8.471  7.101  5.654  4.211  2.820  1.447  0.037 
14.168 12.712 11.367  9.908  8.486  7.064  5.614  4.225  2.787  1.443  0.049 
14.148 12.742 11.306  9.870  8.483  7.072  5.705  4.190  2.829  1.378 -0.013 
14.142 12.727 11.273  9.833  8.508  7.065  5.648  4.276  2.819  1.398  0.008 
14.116 12.777 11.356  9.886  8.493  7.013  5.644  4.264  2.745  1.371  0.031 
14.181 12.755 11.345  9.954  8.491  7.093  5.655  4.237  2.828  1.407 -0.037 
14.138 12.750 11.339  9.873  8.436  7.139  5.656  4.269  2.828  1.450  0.038 
14.187 12.712 11.277  9.844  8.468  7.047  5.699  4.285  2.825  1.365 -0.012 
14.115 12.739 11.354  9.944  8.485  7.083  5.685  4.267  2.890  1.445  0.014 
14.131 12.755 11.324  9.942  8.511  7.041  5.691  4.294  2.858  1.368 -0.034 
14.170 12.736 11.299  9.923  8.483  7.051  5.692  4.249  2.819  1.431 -0.050 
14.145 12.703 11.372  9.941  8.488  7.097  5.610  4.245  2.851  1.399  0.025 
14.187 12.737 11.329  9.890  8.466  7.074  5.651  4.281  2.843  1.462 -0.003 
14.118 12.711 11.299  9.901  8.498  7.128  5.652  4.264  2.803  1.411 -0.003 
14.171 12.747 11.312  9.887  8.521  7.078  5.612  4.276  2.784  1.431 -0.074 
14.116 12.722 11.339  9.938  8.532  7.030  5.681  4.193  2.859  1.447 -0.024 
14.124 12.669 11.344  9.895  8.462  7.061  5.665  4.226  2.822  1.400 -0.025 
14.123 12.692 11.338  9.931  8.487  7.073  5.671  4.232  2.815  1.411  0.004 
14.177 12.692 11.297  9.917  8.530  7.116  5.660  4.255  2.838  1.353 -0.046 
14.128 12.661 11.284  9.902  8.458  7.081  5.688  4.249  2.828  1.435  0.037 
14.158 12.716 11.286  9.867  8.494  7.059  5.657  4.236  2.781  1.373  0.045 
14.122 12.770 11.295  9.919  8.481  7.101  5.667  4.257  2.794  1.385 -0.025 
14.143 12.691 11.279  9.937  8.475  7.100  5.676  4.224  2.842  1.416  0.039 
14.119 12.716 11.315  9.945  8.480  7.096  5.647  4.144  2.815  1.411 -0.008 
14.186 12.721 11.286  9.947  8.453  7.080  5.557  4.267  2.789  1.419 -0.023 
14.140 12.791 11.302  9.924  8.438  7.098  5.631  4.231  2.785  1.403  0.015 
14.145 12.745 11.320  9.872  8.469  7.101  5.687  4.221  2.837  1.420  0.054 
14.145 12.732 11.297  9.922  8.522  7.097  5.636  4.255  2.856  1.374 -0.065 
14.193 12.717 11.283  9.860  8.480  7.072  5.655  4.236  2.851  1.411 -0.034 
14.152 12.671 11.300  9.889  8.492  7.056  5.670  4.211  2.840  1.385  0.049 
14.096 12.736 11.297  9.907  8.505  7.052  5.649  4.208  2.854  1.443 -0.047 
14.136 12.732 11.336  9.852  8.413  7.023  5.696  4.193  2.883  1.403 -0.002 
14.101 12.711 11.279  9.899  8.471  7.078  5.597  4.251  2.837  1.358 -0.006 
14.112 12.739 11.255  9.957  8.500  7.129  5.639  4.251  2.789  1.426 -0.012 
14.109 12.757 11.276  9.902  8.505  7.047  5.686  4.234  2.810  1.408 -0.029 
14.165 12.746 11.301  9.888  8.522  7.074  5.665  4.266  2.788  1.401 -0.015 
14.124 12.744 11.284  9.890  8.480  7.009  5.683  4.242  2.840  1.415 -0.056 
14.153 12.703 11.323  9.914  8.521  7.096  5.623  4.234  2.853  1.463  0.002 
14.153 12.722 11.290  9.911  8.550  7.097  5.735  4.264  2.834  1.401 -0.009 
14.134 12.688 11.372  9.949  8.471  7.092  5.680  4.298  2.865  1.367  0.020 
14.119 12.719 11.308  9.929  8.447  7.127  5.684  4.266  2.820  1.407  0.007 
14.113 12.716 11.405  9.855  8.448  7.106  5.672  4.202  2.868  1.393 -0.032 
14.146 12.775 11.290  9.918  8.479  7.055  5.616  4.254  2.820  1.422 -0.023 
14.169 12.728 11.307  9.975  8.529  7.104  5.638  4.257  2.808  1.415  0.015 
14.176 12.746 11.308  9.888  8.498  7.095  5.643  4.309  2.796  1.393 -0.059 
14.185 12.699 11.266  9.890  8.497  7.047  5.676  4.249  2.835  1.384  0.011 
14.198 12.694 11.329  9.856  8.512  7.066  5.643  4.221  2.896  1.449 -0.001 
14.179 12.697 11.317  9.870  8.479  7.120  5.666  4.213  2.764  1.435  0.012 
14.206 12.700 11.299  9.852  8.520  7.049  5.611  4.314  2.816  1.407 -0.006 
14.160 12.775 11.300  9.888  8.491  7.060  5.699  4.223  2.798  1.405  0.075 
14.128 12.766 11.296  9.903  8.441  7.145  5.636  4.167  2.853  1.454  0.023 
14.126 12.753 11.302  9.943  8.446  7.042  5.610  4.318  2.800  1.401 -0.013 
14.135 12.679 11.319  9.872  8.520  7.105  5.641  4.258  2.802  1.415 -0.026 
14.107 12.720 11.280  9.862  8.445  7.065  5.584  4.227  2.824  1.376  0.000 
14.116 12.666 11.306  9.931  8.505  7.063  5.637  4.227  2.826  1.389 -0.009 
14.128 12.722 11.279  9.874  8.499  7.081  5.688  4.292  2.815  1.414 -0.051 
14.160 12.681 11.313  9.841  8.424  7.066  5.674  4.248  2.836  1.395  0.010 
14.137 12.758 11.336  9.932  8.482  7.072  5.729  4.297  2.855  1.443 -0.008 
14.148 12.707 11.345  9.884  8.527  6.988  5.674  4.177  2.849  1.437  0.011 
14.146 12.731 11.311  9.854  8.506  7.067  5.604  4.259  2.793  1.422  0.021 
14.137 12.787 11.279  9.906  8.470  7.087  5.688  4.264  2.880  1.398 -0.062 
14.269 12.757 11.354  9.870  8.499  7.003  5.696  4.263  2.833  1.371 -0.012 
14.130 12.720 11.343  9.895  8.493  7.124  5.667  4.267  2.830  1.395 -0.026 
14.132 12.753 11.315  9.911  8.453  7.063  5.691  4.260  2.821  1.428 -0.012 
14.184 12.711 11.307  9.934  8.507  7.066  5.652  4.250  2.850  1.406  0.014 
14.153 12.762 11.257  9.903  8.480  7.042  5.667  4.273  2.853  1.408  0.019 
14.173 12.767 11.310  9.882  8.539  7.080  5.689  4.270  2.838  1.396  0.002 
14.157 12.759 11.264  9.903  8.497  7.043  5.704  4.228  2.816  1.413 -0.038 
14.099 12.718 11.261  9.923  8.517  7.075  5.655  4.240  2.855  1.461 -0.050 
14.191 12.758 11.310  9.859  8.508  7.070  5.670  4.222  2.871  1.396  0.019 
14.110 12.717 11.327  9.921  8.475  7.094  5.653  4.221  2.806  1.384 -0.016 
14.112 12.776 11.307  9.899  8.422  7.059  5.674  4.217  2.839  1.422 -0.069 
14.105 12.705 11.318  9.893  8.427  6.972  5.687  4.242  2.796  1.381  0.042 
14.176 12.770 11.311  9.884  8.501  7.090  5.647  4.256  2.789  1.396  0.013 
14.116 12.721 11.283  9.901  8.495  6.991  5.649  4.259  2.817  1.427 -0.013 
14.174 12.686 11.287  9.888  8.500  7.043  5.702  4.172  2.846  1.413  0.009 
14.132 12.729 11.258  9.881  8.522  7.114  5.630  4.175  2.888  1.378  0.010 
14.086 12.720 11.350  9.905  8.466  7.050  5.680  4.262  2.761  1.444  0.031 
14.124 12.769 11.295  9.846  8.491  7.115  5.644  4.242  2.801  1.401 -0.060 
14.154 12.790 11.291  9.935  8.468  7.101  5.626  4.237  2.820  1.437 -0.022 
14.180 12.782 11.319  9.896  8.507  7.067  5.624  4.275  2.815  1.421  0.019 
14.137 12.727 11.377  9.940  8.446  7.095  5.628  4.226  2.825  1.425 -0.007 
14.150 12.712 11.334  9.973  8.491  7.057  5.600  4.237  2.856  1.419 -0.036 
14.144 12.756 11.291  9.912  8.440  7.081  5.640  4.227  2.751  1.397  0.024 
14.089 12.721 11.317  9.887  8.527  7.081  5.642  4.218  2.817  1.470 -0.003 
14.125 12.678 11.280  9.912  8.473  7.124  5.671  4.265  2.858  1.404 -0.018 
14.154 12.707 11.266  9.877  8.441  7.062  5.651  4.259  2.821  1.428  0.048 
14.132 12.692 11.322  9.930  8.474  7.072  5.700  4.277  2.858  1.420 -0.056 
14.156 12.792 11.289  9.939  8.479  7.101  5.643  4.201  2.876  1.429  0.050 
14.111 12.704 11.322  9.907  8.429  7.078  5.638  4.211  2.803  1.387 -0.024 
14.147 12.731 11.380  9.928  8.397  7.079  5.691  4.226  2.820  1.421 -0.004 
14.116 12.724 11.316  9.880  8.449  7.030  5.649  4.167  2.811  1.424  0.001 
14.140 12.734 11.235  9.887  8.478  7.060  5.621  4.237  2.832  1.435 -0.012 
14.209 12.764 11.287  9.943  8.491  7.025  5.624  4.239  2.844  1.458  0.036 
14.157 12.683 11.275  9.844  8.463  7.085  5.636  4.255  2.764  1.407 -0.015 
14.135 12.736 11.339  9.893  8.493  7.083  5.731  4.259  2.841  1.381  0.008 
14.139 12.745 11.297  9.913  8.530  7.081  5.661  4.237  2.771  1.422  0.071 
14.209 12.701 11.288  9.913  8.514  7.117  5.680  4.262  2.837  1.380 -0.029 
14.151 12.709 11.314  9.869  8.480  7.044  5.673  4.247  2.804  1.357 -0.011 
14.168 12.732 11.296  9.914  8.535  7.082  5.744  4.197  2.860  1.408  0.038 
14.084 12.743 11.285  9.953  8.436  7.081  5.694  4.252  2.773  1.389  0.049 
14.109 12.761 11.355  9.840  8.485  6.995  5.637  4.205  2.810  1.419 -0.042 
14.119 12.658 11.349  9.877  8.475  7.075  5.609  4.271  2.786  1.402 -0.015 
14.186 12.744 11.279  9.869  8.454  7.124  5.656  4.234  2.834  1.378 -0.033 
14.128 12.724 11.305  9.899  8.510  7.075  5.674  4.192  2.839  1.457 -0.007 
14.135 12.745 11.284  9.928  8.535  7.106  5.664  4.276  2.801  1.391 -0.021 
14.085 12.806 11.282  9.947  8.412  7.069  5.632  4.242  2.836  1.393  0.001 
14.215 12.717 11.355  9.921  8.441  7.089  5.674  4.259  2.833  1.466 -0.015 
14.136 12.699 11.300  9.876  8.428  7.027  5.634  4.247  2.790  1.402 -0.109 
14.157 12.683 11.362  9.885  8.459  7.064  5.653  4.164  2.832  1.393  0.025 
14.179 12.706 11.317  9.928  8.529  7.102  5.640  4.251  2.836  1.416  0.026 
14.124 12.764 11.255  9.869  8.476  7.106  5.676  4.213  2.817  1.389 -0.055 
14.119 12.706 11.292  9.881  8.482  7.028  5.664  4.230  2.808  1.388 -0.016 
14.147 12.734 11.304  9.939  8.470  7.118  5.618  4.254  2.892  1.420  0.014 
14.152 12.762 11.274  9.890  8.500  7.093  5.700  4.263  2.805  1.381 -0.004 
14.105 12.712 11.292  9.943  8.530  7.113  5.659  4.247  2.842  1.374  0.005 
14.140 12.751 11.314  9.910  8.458  7.129  5.686  4.245  2.833  1.393  0.042 
14.172 12.716 11.353  9.916  8.440  7.057  5.690  4.251  2.860  1.408 -0.005 
14.166 12.751 11.351  9.863  8.517  7.011  5.687  4.224  2.818  1.493  0.003 
14.062 12.762 11.364  9.883  8.484  7.050  5.566  4.233  2.851  1.471  0.006 
14.207 12.741 11.287  9.919  8.493  7.028  5.661  4.283  2.841  1.373  0.016 
14.076 12.774 11.374  9.863  8.486  7.113  5.665  4.205  2.855  1.346 -0.010 
14.136 12.682 11.357  9.882  8.491  7.055  5.702  4.278  2.777  1.353  0.011 
14.115 12.709 11.335  9.925  8.489  7.101  5.668  4.225  2.839  1.373  0.002 
14.139 12.702 11.346  9.878  8.538  7.107  5.674  4.229  2.795  1.406 -0.023 
14.132 12.712 11.324  9.873  8.516  7.084  5.595  4.208  2.807  1.412 -0.004 
14.157 12.728 11.342  9.905  8.479  7.074  5.673  4.268  2.847  1.386  0.052 
14.119 12.724 11.292  9.979  8.479  7.087  5.715  4.265  2.779  1.432  0.004 
14.134 12.708 11.301  9.898  8.508  7.138  5.656  4.259  2.766  1.417 -0.008 
14.106 12.700 11.267  9.920  8.480  7.054  5.661  4.192  2.809  1.393 -0.025 
14.173 12.734 11.311  9.890  8.484  7.062  5.636  4.272  2.839  1.439 -0.035 
14.148 12.688 11.263  9.893  8.482  7.108  5.663  4.254  2.826  1.435  0.048 
14.064 12.759 11.308  9.952  8.520  7.100  5.658  4.239  2.805  1.436 -0.004 
14.104 12.713 11.328  9.866  8.422  7.126  5.618  4.245  2.852  1.410 -0.032 
14.140 12.765 11.298  9.903  8.536  7.033  5.619  4.203  2.824  1.439  0.031 
14.128 12.678 11.289  9.963  8.481  7.114  5.662  4.260  2.814  1.431  0.008 
14.090 12.679 11.310  9.855  8.545  7.096  5.665  4.221  2.872  1.437 -0.026 
14.147 12.742 11.295  9.869  8.474  7.071  5.652  4.242  2.779  1.376  0.028 
14.118 12.781 11.356  9.959  8.467  7.062  5.693  4.245  2.817  1.434 -0.009 
14.161 12.716 11.310  9.874  8.442  7.121  5.750  4.246  2.828  1.405 -0.024 
14.143 12.715 11.323  9.874  8.503  7.049  5.643  4.228  2.812  1.392 -0.046 
14.160 12.709 11.396  9.919  8.485  7.094  5.699  4.262  2.866  1.430  0.043 
14.141 12.675 11.414  9.855  8.453  7.057  5.635  4.292  2.825  1.418 -0.041 
14.171 12.697 11.393  9.908  8.521  7.023  5.651  4.261  2.850  1.447 -0.061 
14.142 12.740 11.319  9.859  8.446  7.094  5.704  4.232  2.837  1.416 -0.023 
14.179 12.749 11.267  9.902  8.498  7.043  5.674  4.237  2.803  1.409  0.016 
14.075 12.751 11.338  9.915  8.464  7.023  5.642  4.252  2.878  1.440 -0.012 
14.124 12.737 11.286  9.923  8.442  7.054  5.621  4.264  2.816  1.399 -0.031 
14.128 12.694 11.347  9.916  8.487  7.050  5.690  4.195  2.880  1.460  0.034 
14.175 12.735 11.372  9.917  8.528  7.058  5.680  4.248  2.837  1.420  0.036 
14.146 12.764 11.322  9.879  8.492  7.056  5.651  4.208  2.871  1.410 -0.036 
14.165 12.744 11.352  9.972  8.487  7.094  5.624  4.265  2.774  1.373 -0.015 
14.157 12.708 11.298  9.837  8.513  7.085  5.700  4.297  2.781  1.377  0.033 
14.110 12.719 11.301  9.874  8.556  7.116  5.681  4.269  2.873  1.384 -0.039 
14.115 12.707 11.314  9.875  8.454  7.035  5.668  4.237  2.847  1.368 -0.046 
14.155 12.747 11.330  9.873  8.529  7.073  5.668  4.295  2.812  1.423  0.010 
14.154 12.715 11.311  9.886  8.409  7.056  5.650  4.249  2.817  1.368  0.030 
14.160 12.710 11.297  9.857  8.497  7.111  5.644  4.239  2.905  1.433  0.012 
14.122 12.707 11.291  9.927  8.521  7.110  5.655  4.201  2.788  1.396  0.086 
14.192 12.748 11.263  9.850  8.481  7.093  5.663  4.219  2.853  1.367  0.039 
14.118 12.715 11.359  9.884  8.503  7.077  5.667  4.253  2.797  1.436  0.002 
14.174 12.721 11.308  9.914  8.455  7.098  5.655  4.260  2.851  1.437 -0.013 
14.200 12.763 11.317  9.920  8.523  7.049  5.650  4.249  2.851  1.361 -0.057 
14.132 12.674 11.354  9.888  8.464  7.045  5.650  4.250  2.834  1.450 -0.003 
14.125 12.726 11.332  9.901  8.520  7.063  5.659  4.187  2.806  1.399 -0.010 
14.115 12.729 11.315  9.909  8.519  7.072  5.653  4.243  2.822  1.435 -0.035 
14.155 12.702 11.269  9.896  8.447  7.123  5.591  4.276  2.831  1.361 -0.007 
14.158 12.767 11.284  9.923  8.501  7.021  5.664  4.268  2.849  1.485  0.003 
14.151 12.704 11.322  9.948  8.422  7.076  5.668  4.228  2.839  1.425 -0.022 
14.136 12.710 11.316  9.852  8.525  7.080  5.653  4.244  2.831  1.411  0.023 
14.124 12.666 11.327  9.936  8.472  7.075  5.666  4.207  2.824  1.362 -0.025 
14.073 12.774 11.291  9.959  8.459  7.077  5.634  4.254  2.803  1.402 -0.035 
14.154 12.719 11.346  9.867  8.528  7.072  5.678  4.202  2.777  1.449 -0.056 
14.183 12.745 11.346  9.868  8.478  7.071  5.617  4.307  2.840  1.397  0.033 
14.167 12.698 11.312  9.951  8.454  7.099  5.673  4.253  2.863  1.407 -0.049 
14.135 12.700 11.355  9.857  8.494  7.047  5.668  4.204  2.913  1.398 -0.001 
14.206 12.732 11.294  9.917  8.506  7.063  5.720  4.228  2.853  1.363 -0.013 
14.131 12.693 11.334  9.900  8.485  7.042  5.573  4.215  2.826  1.416 -0.013 
14.165 12.731 11.369  9.936  8.460  7.115  5.659  4.211  2.759  1.391  0.009 
14.175 12.768 11.307  9.942  8.543  7.130  5.679  4.213  2.772  1.467  0.049 
14.155 12.763 11.282  9.871  8.489  7.083  5.663  4.212  2.813  1.386  0.017 
14.099 12.692 11.296  9.925  8.451  7.119  5.623  4.275  2.862  1.380  0.030 
14.141 12.701 11.277  9.915  8.492  7.064  5.625  4.253  2.843  1.412  0.021 
14.130 12.740 11.280  9.942  8.467  7.022  5.604  4.213  2.804  1.372 -0.024 
14.100 12.733 11.333  9.891  8.530  7.076  5.648  4.215  2.834  1.373 -0.010 
14.157 12.742 11.304  9.925  8.492  7.013  5.632  4.326  2.832  1.375  0.034 
14.212 12.763 11.310  9.854  8.472  7.086  5.620  4.291  2.805  1.410  0.062 
14.110 12.733 11.398  9.914  8.517  7.118  5.655  4.258  2.798  1.375  0.003 
14.106 12.676 11.336  9.913  8.503  7.047  5.617  4.250  2.836  1.386 -0.026 
14.092 12.725 11.259  9.865  8.514  7.121  5.654  4.255  2.845  1.412  0.021 
14.180 12.692 11.361  9.881  8.438  7.083  5.618  4.265  2.846  1.419 -0.014 
14.188 12.669 11.333  9.923  8.488  7.046  5.649  4.225  2.853  1.470 -0.011 
14.097 12.719 11.277  9.916  8.430  7.091  5.635  4.279  2.815  1.348 -0.002 
14.216 12.754 11.330  9.891  8.480  7.091  5.681  4.217  2.810  1.400 -0.009 
14.115 12.731 11.299  9.871  8.470  7.090  5.695  4.198  2.823  1.422  0.050 
14.165 12.766 11.331  9.930  8.505  7.058  5.651  4.353  2.869  1.447 -0.027 
14.123 12.710 11.258  9.930  8.475  7.071  5.636  4.268  2.791  1.450  0.036 
14.132 12.686 11.348  9.924  8.442  7.001  5.623  4.212  2.812  1.366 -0.003 
14.173 12.741 11.315  9.923  8.471  7.027  5.638  4.215  2.836  1.401  0.051 
14.144 12.756 11.326  9.882  8.442  7.013  5.649  4.274  2.826  1.415 -0.011 
14.132 12.706 11.356  9.864  8.528  7.084  5.673  4.221  2.841  1.411  0.026 
14.188 12.728 11.315  9.824  8.515  7.084  5.619  4.188  2.829  1.401  0.009 
14.120 12.717 11.339  9.856  8.456  7.095  5.630  4.261  2.744  1.394  0.021 
14.148 12.731 11.323  9.943  8.515  7.058  5.710  4.292  2.842  1.456 -0.056 
14.187 12.727 11.324  9.863  8.564  7.047  5.677  4.217  2.831  1.453 -0.080 
14.137 12.699 11.288  9.937  8.490  7.016  5.666  4.284  2.844  1.425  0.040 
14.154 12.690 11.358  9.925  8.480  7.077  5.651  4.263  2.825  1.368 -0.024 
14.180 12.743 11.290  9.915  8.549  7.088  5.673  4.192  2.825  1.434  0.002 
14.172 12.812 11.288  9.896  8.518  7.082  5.642  4.198  2.826  1.409  0.002 
14.134 12.758 11.300  9.878  8.474  7.149  5.713  4.239  2.831  1.448  0.023 
14.136 12.763 11.289  9.923  8.472  7.054  5.634  4.246  2.826  1.431 -0.040 
14.153 12.733 11.347  9.885  8.483  7.035  5.634  4.256  2.766  1.412  0.001 
14.196 12.720 11.355  9.892  8.523  7.068  5.642  4.238  2.812  1.425 -0.028 
14.094 12.707 11.283  9.891  8.484  7.039  5.666  4.224  2.771  1.399  0.002 
14.209 12.660 11.260  9.837  8.507  7.085  5.649  4.227  2.846  1.435 -0.009 
14.157 12.717 11.334  9.914  8.459  7.072  5.684  4.222  2.840  1.366 -0.003 
14.201 12.730 11.299  9.851  8.544  7.080  5.651  4.196  2.772  1.383  0.022 
14.162 12.796 11.320  9.920  8.525  7.076  5.678  4.264  2.822  1.400  0.056 
14.103 12.677 11.308  9.950  8.447  7.073  5.707  4.270  2.813  1.438 -0.043 
14.191 12.691 11.337  9.903  8.487  7.123  5.659  4.241  2.845  1.378  0.024 
14.117 12.731 11.281  9.900  8.510  7.019  5.635  4.274  2.817  1.388 -0.034 
14.189 12.747 11.354  9.923  8.535  7.115  5.670  4.263  2.818  1.401 -0.031 
14.142 12.710 11.376  9.951  8.420  7.102  5.652  4.214  2.814  1.379  0.018 
14.211 12.757 11.383  9.868  8.501  7.080  5.674  4.280  2.836  1.481 -0.033 
14.125 12.746 11.268  9.867  8.473  7.025  5.663  4.248  2.868  1.420  0.020 
14.181 12.675 11.338  9.917  8.539  7.071  5.702  4.178  2.811  1.374 -0.067 
14.174 12.735 11.313  9.878  8.504  7.041  5.707  4.289  2.825  1.397  0.000 
14.122 12.751 11.355  9.855  8.519  7.033  5.627  4.232  2.835  1.483 -0.016 
14.143 12.728 11.308  9.920  8.502  7.026  5.649  4.188  2.834  1.441 -0.007 
14.173 12.734 11.293  9.935  8.451  7.122  5.703  4.285  2.813  1.365 -0.041 
14.086 12.730 11.331  9.936  8.501  7.083  5.653  4.256  2.825  1.453  0.023 
14.145 12.720 11.308  9.885  8.468  7.067  5.654  4.195  2.855  1.436  0.001 
14.120 12.700 11.329  9.882  8.469  7.115  5.685  4.205  2.833  1.399 -0.028 
14.167 12.722 11.300  9.907  8.529  7.064  5.659  4.228  2.850  1.425 -0.014 
14.148 12.730 11.292  9.922  8.474  7.016  5.651  4.221  2.859  1.379 -0.017 
14.157 12.740 11.298  9.880  8.500  7.156  5.673  4.260  2.840  1.374 -0.046 
14.180 12.715 11.319  9.847  8.476  7.115  5.638  4.280  2.823  1.377  0.028 
14.142 12.722 11.297  9.879  8.503  7.015  5.632  4.233  2.802  1.342  0.027 
14.132 12.741 11.297  9.955  8.478  7.086  5.642  4.234  2.813  1.402 -0.021 
14.142 12.706 11.309  9.857  8.460  7.147  5.666  4.243  2.847  1.448 -0.007 
14.119 12.696 11.273  9.947  8.500  7.104  5.657  4.278  2.815  1.402 -0.001 
14.139 12.723 11.313  9.898  8.546  7.097  5.646  4.271  2.817  1.394 -0.028 
14.246 12.716 11.295  9.865  8.489  7.121  5.643  4.197  2.802  1.420 -0.072 
14.133 12.699 11.334  9.935  8.451  7.027  5.641  4.262  2.806  1.423  0.025 
14.145 12.771 11.326  9.867  8.442  7.051  5.690  4.253  2.824  1.469  0.009 
14.134 12.704 11.354  9.856  8.440  7.087  5.667  4.256  2.817  1.397 -0.035 
14.147 12.697 11.251  9.909  8.462  6.980  5.668  4.181  2.807  1.401 -0.023 
14.110 12.711 11.305  9.936  8.442  7.057  5.739  4.302  2.767  1.470  0.023 
14.179 12.701 11.318  9.922  8.449  7.090  5.595  4.206  2.845  1.428 -0.040 
14.142 12.731 11.329  9.844  8.469  7.098  5.694  4.272  2.858  1.416 -0.016 
14.153 12.745 11.307  9.907  8.459  7.095  5.663  4.268  2.865  1.447 -0.000 
14.140 12.719 11.311  9.937  8.504  7.121  5.642  4.210  2.825  1.322 -0.021 
14.122 12.771 11.314  9.961  8.474  7.080  5.638  4.253  2.853  1.395  0.009 
14.141 12.747 11.287  9.939  8.435  7.074  5.670  4.226  2.843  1.442 -0.002 
14.134 12.808 11.303  9.920  8.489  7.048  5.661  4.291  2.836  1.422 -0.010 
14.116 12.749 11.306  9.862  8.497  7.061  5.612  4.242  2.826  1.412 -0.020 
14.107 12.730 11.297  9.907  8.506  7.060  5.657  4.235  2.788  1.445  0.049 
14.136 12.709 11.356  9.869  8.503  7.087  5.643  4.196  2.842  1.450  0.005 
14.129 12.737 11.308  9.845  8.448  7.090  5.740  4.225  2.849  1.436  0.021 
14.185 12.741 11.348  9.863  8.524  7.100  5.637  4.256  2.836  1.398 -0.071 
14.119 12.738 11.300  9.902  8.469  7.111  5.682  4.284  2.845  1.448  0.023 
14.099 12.712 11.262  9.904  8.520  7.032  5.672  4.270  2.849  1.422  0.059 
14.145 12.727 11.311  9.904  8.513  7.141  5.714  4.222  2.850  1.433 -0.015 
14.127 12.774 11.323  9.884  8.485  7.047  5.590  4.264  2.769  1.437  0.064 
14.096 12.697 11.272  9.885  8.518  7.030  5.597  4.215  2.814  1.402  0.034 
14.219 12.712 11.315  9.879  8.492  7.046  5.613  4.242  2.836  1.422 -0.029 
14.150 12.668 11.332  9.859  8.461  7.121  5.648  4.229  2.834  1.380 -0.001 
14.142 12.770 11.303  9.922  8.454  7.081  5.637  4.251  2.872  1.476  0.014 
14.183 12.715 11.342  9.905  8.423  7.084  5.639  4.204  2.863  1.463  0.041 
14.090 12.663 11.301  9.881  8.472  7.129  5.623  4.217  2.834  1.404 -0.012 
14.185 12.728 11.331  9.903  8.501  7.092  5.679  4.218  2.773  1.374 -0.040 
14.108 12.708 11.350  9.920  8.508  7.100  5.673  4.275  2.894  1.443 -0.012 
14.169 12.748 11.322  9.881  8.494  7.052  5.660  4.246  2.777  1.391  0.003 
14.196 12.734 11.322  9.922  8.559  7.118  5.702  4.241  2.841  1.397  0.021 
14.167 12.751 11.349  9.947  8.504  7.090  5.694  4.261  2.812  1.425  0.043 
14.086 12.681 11.326  9.810  8.488  7.068  5.639  4.253  2.832  1.449  0.070 
14.207 12.700 11.282  9.964  8.493  7.078  5.667  4.250  2.846  1.394  0.023 
14.119 12.731 11.255  9.916  8.456  7.082  5.669  4.236  2.809  1.404  0.019 
14.096 12.717 11.329  9.890  8.422  7.062  5.675  4.176  2.859  1.411 -0.009 
14.123 12.719 11.351  9.839  8.498  7.047  5.682  4.232  2.885  1.407  0.038 
14.197 12.783 11.270  9.867  8.511  7.015  5.693  4.197  2.836  1.420  0.030 
14.118 12.754 11.281  9.945  8.475  7.132  5.699  4.231  2.834  1.404  0.011 
14.157 12.685 11.301  9.917  8.546  7.111  5.689  4.256  2.792  1.441 -0.072 
14.139 12.734 11.305  9.867  8.473  7.114  5.624  4.262  2.786  1.385 -0.031 
14.109 12.807 11.251  9.907  8.429  7.109  5.687  4.237  2.895  1.431 -0.010 
14.103 12.710 11.312  9.895  8.521  7.019  5.654  4.195  2.861  1.366  0.020 
14.088 12.736 11.304  9.856  8.534  7.026  5.672  4.265  2.821  1.381 -0.070 
14.129 12.728 11.298  9.919  8.464  7.000  5.707  4.273  2.842  1.420  0.002 
14.186 12.763 11.310  9.882  8.524  7.029  5.617  4.221  2.812  1.371  0.043 
14.104 12.717 11.289  9.960  8.505  7.056  5.679  4.304  2.965  1.379 -0.007 
14.112 12.719 11.316  9.901  8.413  7.071  5.651  4.205  2.821  1.431 -0.000 
14.141 12.733 11.292  9.896  8.489  7.103  5.636  4.278  2.845  1.331  0.076 
14.127 12.744 11.336  9.923  8.487  7.057  5.646  4.229  2.816  1.447 -0.010 
14.143 12.686 11.324  9.878  8.509  7.062  5.630  4.226  2.781  1.345 -0.002 
14.080 12.658 11.300  9.855  8.430  7.060  5.669  4.236  2.806  1.434 -0.025 
14.165 12.744 11.283  9.877  8.495  7.063  5.650  4.216  2.874  1.439  0.003 
14.142 12.653 11.298  9.917  8.487  7.115  5.691  4.252  2.783  1.438  0.027 
14.160 12.753 11.338  9.972  8.476  7.035  5.657  4.226  2.813  1.413  0.049 
14.145 12.671 11.328  9.899  8.504  7.097  5.661  4.216  2.883  1.413  0.002 
14.111 12.728 11.297  9.929  8.484  7.071  5.639  4.285  2.810  1.399  0.043 
14.093 12.704 11.291  9.953  8.472  7.072  5.647  4.237  2.867  1.418  0.026 
14.093 12.744 11.275  9.891  8.508  7.145  5.595  4.284  2.817  1.390  0.050 
14.186 12.760 11.305  9.873  8.499  7.066  5.658  4.243  2.877  1.343  0.052 
14.134 12.735 11.307  9.903  8.552  7.123  5.661  4.248  2.867  1.433  0.004 
14.120 12.729 11.313  9.937  8.477  7.044  5.718  4.251  2.865  1.389  0.015 
14.094 12.726 11.383  9.874  8.476  7.106  5.654  4.282  2.815  1.392  0.031 
14.145 12.747 11.366  9.911  8.446  7.016  5.670  4.261  2.734  1.443 -0.020 
14.101 12.718 11.317  9.855  8.503  7.046  5.640  4.207  2.801  1.445 -0.024 
14.106 12.687 11.327  9.876  8.504  7.036  5.638  4.285  2.857  1.431 -0.006 
14.131 12.763 11.299  9.949  8.484  7.069  5.619  4.304  2.897  1.467 -0.016 
14.125 12.725 11.317  9.897  8.481  7.061  5.646  4.233  2.865  1.448 -0.012 
14.103 12.721 11.316  9.888  8.479  7.074  5.674  4.224  2.864  1.468  0.018 
14.135 12.721 11.319  9.899  8.468  7.053  5.674  4.234  2.777  1.456 -0.040 
14.138 12.744 11.315  9.871  8.473  7.064  5.657  4.252  2.796  1.402  0.022 
14.137 12.708 11.354  9.941  8.522  7.075  5.663  4.253  2.865  1.341  0.012 
14.181 12.702 11.302  9.875  8.521  7.074  5.636  4.249  2.818  1.481  0.060 
14.134 12.743 11.285  9.835  8.445  7.063  5.592  4.251  2.849  1.456  0.035 
14.173 12.744 11.320  9.950  8.455  7.077  5.706  4.276  2.869  1.403  0.010 
14.175 12.716 11.296  9.941  8.424  7.054  5.659  4.241  2.828  1.425  0.003 
14.116 12.697 11.278  9.898  8.443  7.080  5.641  4.251  2.867  1.415 -0.057 
14.156 12.708 11.257  9.918  8.462  7.082  5.672  4.200  2.813  1.384 -0.037 
14.198 12.709 11.342  9.874  8.426  7.037  5.629  4.250  2.793  1.460  0.018 
14.189 12.728 11.337  9.937  8.497  7.112  5.652  4.209  2.812  1.397 -0.063 
14.181 12.710 11.298  9.934  8.575  7.081  5.612  4.240  2.829  1.450 -0.025 
14.142 12.763 11.300  9.882  8.534  7.111  5.634  4.269  2.805  1.421  0.039 
14.136 12.718 11.323  9.896  8.470  7.046  5.626  4.309  2.824  1.417  0.002 
14.109 12.736 11.309  9.904  8.477  7.129  5.627  4.246  2.818  1.372  0.027 
14.106 12.725 11.353  9.857  8.468  7.047  5.676  4.217  2.806  1.371 -0.009 
14.163 12.764 11.229  9.891  8.513  7.031  5.642  4.247  2.860  1.404  0.039 
14.111 12.727 11.285  9.916  8.478  7.036  5.675  4.211  2.804  1.449  0.059 
14.166 12.693 11.355  9.898  8.426  7.101  5.648  4.252  2.842  1.409  0.018 
14.192 12.711 11.322  9.940  8.507  7.136  5.626  4.236  2.833  1.392  0.004 
14.132 12.741 11.296  9.905  8.453  7.058  5.636  4.248  2.799  1.461 -0.041 
14.145 12.747 11.255  9.851  8.516  7.047  5.676  4.264  2.794  1.402  0.070 
14.086 12.699 11.302  9.919  8.490  7.056  5.648  4.264  2.806  1.431 -0.053 
14.110 12.704 11.249  9.909  8.514  7.084  5.677  4.248  2.850  1.443  0.003 
14.148 12.749 11.364  9.863  8.443  7.066  5.627  4.244  2.863  1.415  0.046 
14.138 12.714 11.273  9.912  8.492  7.092  5.602  4.251  2.846  1.459 -0.010 
14.073 12.764 11.293  9.901  8.542  7.076  5.630  4.259  2.834  1.375  0.030 
14.151 12.698 11.372  9.947  8.438  7.047  5.621  4.249  2.827  1.434 -0.020 
14.073 12.702 11.288  9.900  8.478  7.032  5.694  4.225  2.807  1.481 -0.022 
14.092 12.703 11.297  9.897  8.504  7.086  5.687  4.287  2.777  1.420  0.044 
14.135 12.709 11.320  9.913  8.485  7.089  5.671  4.234  2.816  1.431 -0.013 
14.156 12.765 11.276  9.862  8.495  7.091  5.692  4.247  2.801  1.477  0.039 
14.164 12.712 11.348  9.947  8.486  7.035  5.653  4.237  2.836  1.416 -0.036 
14.118 12.728 11.324  9.873  8.472  7.037  5.640  4.238  2.845  1.369  0.024 
14.132 12.725 11.357  9.858  8.479  7.026  5.624  4.271  2.793  1.425 -0.003 
14.142 12.739 11.283  9.860  8.446  7.070  5.677  4.229  2.769  1.400 -0.013 
14.196 12.777 11.318  9.868  8.494  7.029  5.605  4.245  2.818  1.411  0.004 
14.101 12.672 11.334  9.910  8.440  7.105  5.625  4.242  2.880  1.387  0.027 
14.165 12.709 11.313  9.842  8.478  7.091  5.648  4.242  2.816  1.427 -0.012 
14.146 12.709 11.284  9.866  8.566  7.111  5.700  4.188  2.827  1.382  0.003 
14.171 12.679 11.282  9.919  8.505  7.042  5.683  4.244  2.828  1.449 -0.020 
14.153 12.776 11.322  9.874  8.447  7.099  5.676  4.238  2.833  1.392  0.005 
14.137 12.728 11.295  9.945  8.477  7.071  5.752  4.310  2.813  1.391 -0.016 
14.195 12.664 11.331  9.982  8.490  7.080  5.657  4.209  2.781  1.418  0.027 
14.177 12.649 11.346  9.910  8.508  7.133  5.598  4.277  2.855  1.427 -0.007 
14.147 12.719 11.287  9.937  8.467  7.019  5.607  4.289  2.852  1.400  0.005 
14.132 12.721 11.344  9.861  8.513  7.057  5.623  4.218  2.829  1.383 -0.011 
14.141 12.738 11.368  9.991  8.487  7.027  5.621  4.201  2.807  1.465 -0.005 
14.120 12.743 11.264  9.896  8.530  7.055  5.631  4.252  2.780  1.369  0.031 
14.204 12.789 11.301  9.910  8.529  7.128  5.657  4.255  2.890  1.403 -0.013 
14.100 12.697 11.299  9.868  8.483  7.101  5.661  4.207  2.823  1.433 -0.037 
14.163 12.717 11.291  9.885  8.521  7.036  5.651  4.247  2.820  1.436  0.079 
14.174 12.738 11.311  9.905  8.459  7.119  5.674  4.227  2.761  1.449 -0.001 
14.164 12.724 11.381  9.868  8.464  7.076  5.679  4.225  2.855  1.412  0.006 
14.112 12.769 11.310  9.878  8.479  7.003  5.696  4.192  2.816  1.423 -0.049 
14.134 12.689 11.323  9.889  8.530  7.066  5.695  4.184  2.875  1.437  0.033 
14.179 12.780 11.364  9.901  8.461  7.085  5.636  4.283  2.827  1.395  0.023 
14.100 12.731 11.380  9.878  8.479  7.117  5.650  4.284  2.804  1.408  0.001 
14.129 12.714 11.291  9.904  8.530  7.032  5.697  4.212  2.878  1.389 -0.065 
14.099 12.761 11.258  9.923  8.499  7.055  5.673  4.267  2.799  1.437  0.001 
14.135 12.686 11.305  9.902  8.417  7.111  5.691  4.235  2.840  1.424  0.020 
14.124 12.684 11.326  9.895  8.463  7.103  5.678  4.240  2.829  1.409 -0.052 
14.146 12.721 11.251  9.901  8.471  7.087  5.649  4.260  2.839  1.393 -0.051 
14.106 12.719 11.258  9.893  8.482  7.082  5.670  4.244  2.859  1.438 -0.020 
14.161 12.743 11.247  9.925  8.492  7.079  5.623  4.269  2.736  1.431 -0.031 
14.126 12.716 11.364  9.940  8.484  7.096  5.663  4.184  2.884  1.407  0.013 
14.130 12.688 11.360  9.859  8.514  7.053  5.647  4.279  2.816  1.438  0.017 
14.101 12.716 11.269  9.908  8.454  7.061  5.654  4.246  2.804  1.456  0.009 
14.150 12.710 11.307  9.984  8.469  7.106  5.719  4.247  2.885  1.416  0.000 
14.051 12.714 11.310  9.933  8.532  7.077  5.630  4.263  2.911  1.393 -0.018 
14.123 12.740 11.314  9.938  8.432  7.082  5.675  4.268  2.766  1.435  0.028 
14.097 12.747 11.236  9.925  8.511  7.096  5.675  4.260  2.879  1.400  0.034 
14.144 12.767 11.314  9.907  8.451  7.019  5.664  4.239  2.791  1.409  0.029 
14.167 12.771 11.327  9.925  8.482  7.074  5.671  4.242  2.798  1.410  0.001 
14.118 12.693 11.249  9.817  8.485  7.103  5.675  4.224  2.882  1.398 -0.015 
14.146 12.778 11.277  9.883  8.483  7.016  5.661  4.238  2.794  1.444  0.016 
14.153 12.761 11.310  9.893  8.452  7.119  5.681  4.261  2.836  1.434 -0.028 
14.153 12.739 11.330  9.927  8.399  7.036  5.726  4.251  2.834  1.415 -0.044 
14.087 12.773 11.289  9.871  8.444  7.047  5.663  4.238  2.771  1.443  0.038 
14.183 12.730 11.279  9.896  8.462  7.069  5.668  4.221  2.813  1.429 -0.031 
14.188 12.717 11.310  9.894  8.423  7.045  5.705  4.204  2.823  1.405  0.044 
14.122 12.699 11.353  9.926  8.425  7.069  5.681  4.203  2.816  1.435 -0.011 
14.091 12.691 11.276  9.887  8.494  7.050  5.620  4.246  2.830  1.430  0.010 
14.169 12.686 11.369  9.870  8.530  7.102  5.639  4.233  2.821  1.480  0.064 
14.038 12.702 11.319  9.945  8.486  7.071  5.652  4.291  2.798  1.441 -0.025 
14.106 12.764 11.351  9.866  8.511  7.064  5.683  4.217  2.832  1.363 -0.012 
14.128 12.724 11.313  9.898  8.507  7.044  5.594  4.214  2.780  1.460 -0.016 
14.154 12.711 11.282  9.987  8.505  7.088  5.643  4.306  2.880  1.383  0.033 
14.159 12.772 11.313  9.928  8.475  7.097  5.727  4.267  2.850  1.438  0.078 
14.106 12.712 11.328  9.906  8.466  7.031  5.610  4.244  2.773  1.440 -0.030 
14.104 12.718 11.303  9.927  8.475  7.018  5.637  4.235  2.905  1.386 -0.039 
14.167 12.726 11.317  9.890  8.467  7.070  5.659  4.249  2.828  1.378 -0.029 
14.116 12.689 11.360  9.979  8.530  7.118  5.658  4.263  2.814  1.449  0.022 
14.148 12.658 11.320  9.873  8.498  7.085  5.575  4.187  2.846  1.379  0.009 
14.108 12.704 11.319  9.950  8.528  7.096  5.647  4.284  2.829  1.419  0.015 
14.096 12.729 11.302  9.884  8.468  7.073  5.657  4.260  2.883  1.346  0.025 
14.163 12.707 11.283  9.876  8.464  7.042  5.640  4.250  2.870  1.375 -0.034 
14.144 12.764 11.294  9.907  8.521  7.064  5.664  4.264  2.808  1.447  0.001 
14.139 12.726 11.310  9.904  8.486  7.067  5.613  4.230  2.839  1.371  0.069 
14.188 12.755 11.273  9.878  8.491  7.079  5.680  4.241  2.788  1.402 -0.015 
14.170 12.763 11.287  9.903  8.453  7.116  5.659  4.291  2.797  1.392 -0.063 
14.101 12.721 11.292  9.868  8.496  7.055  5.649  4.305  2.863  1.458 -0.022 
14.154 12.700 11.272  9.920  8.469  7.068  5.650  4.175  2.867  1.416 -0.009 
14.126 12.785 11.369  9.889  8.518  7.077  5.587  4.241  2.808  1.397 -0.053 
14.126 12.744 11.357  9.918  8.472  7.069  5.633  4.256  2.808  1.446 -0.003 
14.143 12.769 11.277  9.896  8.489  7.039  5.640  4.301  2.747  1.406  0.007 
14.122 12.702 11.378  9.833  8.477  7.076  5.724  4.273  2.818  1.373  0.011 
14.096 12.735 11.291  9.848  8.492  7.068  5.662  4.230  2.844  1.375 -0.018 
14.100 12.749 11.348  9.891  8.563  7.056  5.618  4.266  2.779  1.421  0.003 
14.136 12.739 11.308  9.875  8.488  7.068  5.622  4.229  2.862  1.353  0.023 
14.166 12.719 11.298  9.917  8.483  7.132  5.638  4.219  2.883  1.435 -0.028 
14.153 12.660 11.366  9.898  8.537  7.106  5.667  4.234  2.813  1.398  0.009 
14.111 12.739 11.336  9.856  8.527  7.064  5.641  4.258  2.816  1.369 -0.029 
14.054 12.730 11.352  9.840  8.515  7.027  5.660  4.273  2.860  1.376 -0.023 
14.129 12.714 11.327  9.877  8.526  7.105  5.611  4.265  2.828  1.364  0.018 
14.094 12.727 11.364  9.866  8.510  7.019  5.682  4.281  2.880  1.411  0.007 
14.148 12.744 11.291  9.925  8.489  7.073  5.621  4.226  2.822  1.379  0.039 
14.060 12.712 11.257  9.872  8.529  7.133  5.691  4.284  2.831  1.393 -0.049 
14.187 12.795 11.379  9.912  8.448  7.012  5.626  4.257  2.790  1.406  0.004 
14.191 12.807 11.340  9.882  8.540  7.034  5.679  4.234  2.793  1.456  0.011 
14.125 12.801 11.382  9.832  8.504  7.077  5.695  4.263  2.828  1.403 -0.000 
14.100 12.762 11.306  9.897  8.514  7.011  5.666  4.238  2.791  1.444  0.062 
14.145 12.705 11.254  9.900  8.546  7.013  5.639  4.269  2.832  1.404  0.004 
14.148 12.729 11.347  9.909  8.513  7.058  5.583  4.253  2.759  1.371  0.000 
14.143 12.737 11.329  9.909  8.491  7.100  5.684  4.279  2.863  1.391  0.058 
14.101 12.765 11.297  9.942  8.492  7.083  5.646  4.254  2.822  1.420  0.079 
14.182 12.706 11.341  9.899  8.445  7.080  5.699  4.243  2.849  1.396  0.007 
14.095 12.717 11.307  9.931  8.389  7.085  5.679  4.264  2.824  1.451 -0.010 
14.144 12.705 11.305  9.904  8.478  7.010  5.649  4.252  2.812  1.396 -0.015 
14.141 12.740 11.325  9.901  8.476  7.033  5.647  4.240  2.810  1.404  0.063 
14.077 12.767 11.314  9.868  8.439  7.037  5.665  4.219  2.809  1.478  0.011 
14.171 12.736 11.246  9.925  8.468  7.096  5.632  4.286  2.889  1.427  0.012 
14.174 12.696 11.353  9.872  8.504  7.078  5.575  4.267  2.843  1.427 -0.007 
14.118 12.775 11.333  9.917  8.450  7.068  5.629  4.235  2.799  1.433  0.015 
14.139 12.710 11.287  9.911  8.534  7.110  5.713  4.246  2.867  1.439  0.059 
14.157 12.730 11.310  9.871  8.479  7.112  5.599  4.229  2.895  1.419  0.027 
14.152 12.741 11.311  9.877  8.464  7.086  5.671  4.218  2.838  1.373  0.046 
14.165 12.707 11.325  9.856  8.541  7.048  5.656  4.243  2.843  1.413 -0.049 
14.190 12.742 11.410  9.887  8.532  7.065  5.639  4.252  2.796  1.424 -0.020 
14.131 12.692 11.296  9.959  8.504  7.066  5.693  4.182  2.829  1.436 -0.007 
14.197 12.737 11.277  9.885  8.525  7.085  5.659  4.242  2.840  1.423  0.019 
14.163 12.750 11.279  9.876  8.463  6.993  5.632  4.199  2.837  1.470  0.006 
14.085 12.655 11.312  9.860  8.499  7.068  5.630  4.294  2.867  1.419  0.036 
14.156 12.724 11.357  9.915  8.498  7.064  5.611  4.188  2.881  1.433 -0.052 
14.170 12.720 11.344  9.915  8.459  7.051  5.650  4.247  2.828  1.458 -0.027 
14.053 12.693 11.277  9.918  8.530  7.108  5.659  4.233  2.861  1.401 -0.055 
14.179 12.727 11.326  9.943  8.486  7.109  5.616  4.234  2.828  1.430  0.043 
14.182 12.770 11.374  9.921  8.503  7.143  5.674  4.256  2.878  1.414  0.013 
14.125 12.745 11.383  9.974  8.454  7.093  5.701  4.223  2.837  1.358  0.008 
14.084 12.737 11.323  9.925  8.418  7.039  5.632  4.241  2.858  1.402  0.012 
14.124 12.716 11.328  9.908  8.457  7.046  5.651  4.265  2.758  1.426  0.019 
14.140 12.701 11.323  9.880  8.492  7.105  5.634  4.288  2.832  1.398  0.050 
14.142 12.720 11.274  9.939  8.452  7.046  5.694  4.282  2.835  1.431 -0.036 
14.139 12.732 11.303  9.839  8.496  7.123  5.674  4.239  2.826  1.390 -0.059 
14.189 12.690 11.287  9.838  8.489  7.071  5.638  4.267  2.835  1.392 -0.002 
14.156 12.718 11.311  9.896  8.544  7.087  5.673  4.232  2.859  1.381  0.020 
14.156 12.726 11.314  9.924  8.560  7.107  5.592  4.233  2.823  1.448  0.015 
14.158 12.740 11.332  9.888  8.502  7.098  5.637  4.274  2.928  1.450 -0.019 
14.153 12.696 11.366  9.943  8.453  7.043  5.680  4.192  2.879  1.455  0.024 
14.155 12.676 11.298  9.936  8.535  7.058  5.604  4.231  2.774  1.457 -0.014 
14.141 12.710 11.337  9.856  8.485  7.075  5.659  4.215  2.817  1.456 -0.016 
14.112 12.729 11.363  9.900  8.493  7.045  5.615  4.227  2.849  1.444 -0.070 
14.148 12.737 11.303  9.900  8.408  7.075  5.615  4.318  2.752  1.450  0.005 
14.165 12.684 11.316  9.978  8.463  7.048  5.697  4.269  2.824  1.367 -0.002 
14.102 12.734 11.303  9.860  8.493  7.083  5.615  4.233  2.837  1.399  0.031 
14.138 12.729 11.342  9.943  8.486  7.084  5.629  4.211  2.827  1.420  0.042 
14.175 12.764 11.354  9.921  8.466  7.107  5.608  4.272  2.799  1.391  0.001 
14.158 12.694 11.346  9.903  8.452  7.066  5.641  4.199  2.881  1.430 -0.004 
14.140 12.717 11.328  9.933  8.463  7.020  5.614  4.183  2.859  1.448  0.036 
14.101 12.749 11.285  9.903  8.494  7.078  5.591  4.197  2.844  1.437  0.024 
14.166 12.652 11.313  9.938  8.439  7.114  5.627  4.271  2.777  1.376  0.043 
14.158 12.747 11.319  9.874  8.453  7.086  5.644  4.240  2.856  1.488  0.006 
14.162 12.748 11.288  9.923  8.485  7.091  5.640  4.302  2.850  1.371 -0.074 
14.155 12.743 11.348  9.929  8.514  7.047  5.641  4.196  2.842  1.429  0.024 
14.111 12.705 11.282  9.956  8.457  7.163  5.681  4.240  2.828  1.411 -0.017 
14.135 12.677 11.323  9.885  8.486  7.084  5.615  4.293  2.851  1.383  0.051 
14.210 12.740 11.265  9.948  8.467  7.076  5.692  4.185  2.824  1.419 -0.056 
14.171 12.701 11.320  9.920  8.464  7.101  5.665  4.200  2.793  1.388 -0.003 
14.203 12.744 11.333  9.902  8.485  7.099  5.667  4.216  2.842  1.420  0.028 
14.109 12.762 11.261  9.910  8.514  7.066  5.668  4.261  2.766  1.446  0.004 
14.084 12.730 11.364  9.932  8.449  7.064  5.736  4.188  2.830  1.442 -0.006 
14.126 12.758 11.282  9.891  8.448  7.027  5.709  4.165  2.833  1.401 -0.022 
14.181 12.784 11.258  9.908  8.528  7.069  5.665  4.278  2.825  1.391 -0.006 
14.173 12.704 11.302  9.903  8.448  7.054  5.648  4.262  2.803  1.434  0.026 
14.158 12.763 11.337  9.897  8.514  7.038  5.676  4.280  2.805  1.380 -0.009 
14.140 12.681 11.270  9.922  8.522  7.051  5.604  4.210  2.846  1.420 -0.007 
14.144 12.688 11.271  9.980  8.500  7.092  5.639  4.178  2.805  1.370  0.026 
14.142 12.721 11.400  9.869  8.446  7.082  5.642  4.259  2.817  1.371 -0.014 
14.190 12.751 11.255  9.859  8.516  7.097  5.630  4.228  2.816  1.414  0.022 
14.116 12.733 11.304  9.865  8.455  7.086  5.640  4.285  2.820  1.388 -0.008 
14.158 12.728 11.328  9.891  8.489  7.027  5.661  4.310  2.843  1.383 -0.032 
14.188 12.667 11.311  9.860  8.456  7.047  5.680  4.297  2.854  1.422  0.023 
14.168 12.752 11.267  9.887  8.492  7.095  5.608  4.208  2.862  1.414  0.007 
14.137 12.725 11.319  9.901  8.449  7.063  5.663  4.251  2.837  1.438  0.001 
14.153 12.737 11.344  9.929  8.505  7.060  5.634  4.280  2.815  1.350 -0.029 
14.170 12.748 11.356  9.898  8.529  7.023  5.667  4.212  2.788  1.446 -0.012 
14.136 12.666 11.328  9.890  8.486  7.100  5.683  4.235  2.842  1.409  0.021 
14.148 12.737 11.297  9.902  8.487  7.133  5.649  4.304  2.848  1.400 -0.014 
14.175 12.794 11.360  9.946  8.474  7.098  5.696  4.255  2.783  1.412 -0.010 
14.171 12.779 11.341  9.919  8.500  7.093  5.605  4.201  2.837  1.435  0.013 
14.083 12.741 11.281  9.908  8.537  7.038  5.645  4.254  2.835  1.498  0.018 
14.140 12.716 11.299  9.896  8.513  7.075  5.657  4.217  2.812  1.460 -0.001 
14.131 12.667 11.260  9.893  8.494  7.027  5.686  4.215  2.860  1.471 -0.006 
14.074 12.726 11.302  9.924  8.416  7.110  5.707  4.259  2.809  1.288  0.005 
14.101 12.738 11.352  9.916  8.540  7.072  5.671  4.266  2.875  1.420  0.004 
14.162 12.704 11.300  9.915  8.518  7.069  5.644  4.227  2.810  1.423  0.031 
14.155 12.727 11.233  9.893  8.489  7.063  5.628  4.220  2.820  1.430 -0.030 
14.132 12.756 11.375  9.877  8.500  7.054  5.677  4.273  2.791  1.491  0.015 
14.158 12.721 11.226  9.896  8.465  7.051  5.650  4.254  2.775  1.349 -0.040 
14.195 12.730 11.314  9.921  8.415  7.104  5.695  4.253  2.795  1.429  0.017 
14.118 12.733 11.297  9.950  8.479  7.085  5.707  4.252  2.841  1.418  0.011 
14.115 12.745 11.305  9.873  8.488  7.069  5.620  4.218  2.822  1.444 -0.004 
14.135 12.764 11.316  9.875  8.441  7.109  5.677  4.276  2.820  1.396  0.008 
14.080 12.741 11.320  9.917  8.486  7.101  5.700  4.246  2.801  1.408 -0.015 
14.197 12.765 11.303  9.926  8.521  7.073  5.587  4.202  2.762  1.390 -0.024 
14.158 12.704 11.399  9.818  8.470  7.058  5.629  4.187  2.834  1.428 -0.026 
14.112 12.748 11.323  9.884  8.501  7.093  5.677  4.264  2.861  1.375 -0.033 
14.164 12.731 11.355  9.879  8.474  7.052  5.693  4.235  2.842  1.384  0.020 
14.174 12.685 11.301  9.932  8.506  7.063  5.624  4.243  2.813  1.426 -0.003 
14.160 12.725 11.305  9.964  8.511  7.069  5.637  4.236  2.865  1.495  0.018 
14.121 12.705 11.332  9.827  8.473  7.110  5.676  4.253  2.795  1.393  0.017 
14.158 12.698 11.296  9.955  8.541  7.088  5.648  4.344  2.863  1.373  0.026 
14.139 12.730 11.357  9.900  8.447  7.118  5.646  4.254  2.825  1.416 -0.026 
14.136 12.736 11.324  9.875  8.440  7.086  5.631  4.250  2.818  1.394 -0.010 
14.186 12.725 11.360  9.890  8.538  7.105  5.604  4.258  2.872  1.426  0.031 
14.185 12.700 11.312  9.871  8.497  7.062  5.630  4.237  2.821  1.420 -0.013 
14.095 12.733 11.348  9.911  8.488  7.026  5.594  4.261  2.867  1.457 -0.021 
14.110 12.777 11.309  9.901  8.484  7.091  5.644  4.209  2.867  1.424  0.052 
14.154 12.703 11.312  9.951  8.490  7.057  5.672  4.234  2.871  1.473 -0.022 
14.154 12.750 11.377  9.860  8.538  7.085  5.647  4.250  2.811  1.460 -0.041 
14.080 12.707 11.331  9.947  8.455  7.042  5.657  4.294  2.818  1.398  0.002 
14.163 12.732 11.349  9.876  8.504  7.045  5.684  4.201  2.867  1.403 -0.038 
14.131 12.674 11.337  9.879  8.489  7.060  5.666  4.192  2.832  1.379  0.010 
14.173 12.693 11.285  9.922  8.434  7.099  5.630  4.262  2.783  1.405 -0.044 
14.101 12.697 11.359  9.881  8.467  7.074  5.590  4.266  2.772  1.414  0.006 
14.153 12.725 11.303  9.904  8.455  7.022  5.598  4.271  2.788  1.439 -0.038 
14.153 12.747 11.247  9.850  8.495  7.069  5.621  4.225  2.830  1.462 -0.046 
14.117 12.697 11.342  9.917  8.455  7.136  5.661  4.214  2.790  1.452  0.028 
14.110 12.769 11.347  9.894  8.490  7.058  5.689  4.289  2.840  1.424  0.059 
14.170 12.683 11.326  9.909  8.468  7.088  5.643  4.251  2.826  1.407 -0.061 
14.182 12.761 11.335  9.910  8.459  7.064  5.610  4.204  2.798  1.410  0.011 
14.114 12.763 11.322  9.881  8.485  7.072  5.666  4.242  2.826  1.416 -0.056 
14.146 12.721 11.368  9.902  8.514  7.069  5.647  4.255  2.784  1.414  0.003 
14.198 12.702 11.277  9.902  8.470  7.037  5.668  4.258  2.856  1.447 -0.021 
14.176 12.740 11.351  9.900  8.485  7.129  5.676  4.180  2.851  1.431  0.026 
14.180 12.745 11.320  9.898  8.515  7.065  5.660  4.316  2.821  1.420  0.046 
14.111 12.697 11.322  9.916  8.393  7.093  5.580  4.197  2.821  1.430 -0.032 
14.125 12.683 11.275  9.852  8.476  7.068  5.632  4.173  2.819  1.404  0.002 
14.158 12.738 11.295  9.919  8.469  7.080  5.687  4.256  2.845  1.466  0.020 
14.135 12.707 11.312  9.903  8.495  7.104  5.730  4.243  2.858  1.471 -0.016 
14.170 12.686 11.245  9.874  8.449  7.084  5.743  4.240  2.753  1.473  0.032 
14.135 12.680 11.319  9.931  8.429  7.067  5.637  4.251  2.844  1.470 -0.004 
14.128 12.744 11.287  9.904  8.458  7.105  5.695  4.234  2.840  1.463 -0.026 
14.126 12.651 11.270  9.920  8.462  7.109  5.682  4.269  2.848  1.487 -0.005 
14.144 12.769 11.274  9.918  8.485  7.055  5.599  4.291  2.850  1.469  0.036 
14.132 12.723 11.314  9.866  8.427  7.057  5.615  4.290  2.814  1.422  0.050 
14.194 12.699 11.294  9.901  8.532  7.088  5.641  4.215  2.847  1.475 -0.010 
14.174 12.712 11.316  9.894  8.448  7.047  5.647  4.258  2.886  1.409  0.009 
14.085 12.736 11.321  9.854  8.510  6.997  5.671  4.261  2.794  1.506 -0.044 
14.162 12.676 11.343  9.858  8.507  7.086  5.702  4.224  2.777  1.406 -0.033 
14.126 12.732 11.361  9.796  8.458  7.109  5.675  4.190  2.860  1.440  0.067 
14.181 12.732 11.365  9.905  8.511  7.062  5.680  4.277  2.814  1.452  0.036 
14.117 12.757 11.283  9.905  8.488  7.149  5.603  4.203  2.820  1.377  0.001 
14.119 12.722 11.257  9.832  8.504  7.058  5.637  4.276  2.850  1.409  0.009 
14.075 12.731 11.282  9.915  8.485  7.041  5.692  4.249  2.821  1.426 -0.033 
14.187 12.741 11.322  9.930  8.469  7.100  5.659  4.287  2.854  1.419  0.011 
14.104 12.723 11.290  9.861  8.528  7.033  5.648  4.211  2.834  1.412 -0.049 
14.179 12.715 11.269  9.936  8.500  7.037  5.682  4.259  2.801  1.378  0.029 
14.079 12.717 11.317  9.880  8.503  7.046  5.624  4.257  2.833  1.399  0.019 
14.159 12.721 11.383  9.881  8.460  7.140  5.631  4.219  2.816  1.431 -0.023 
14.141 12.741 11.309  9.900  8.501  7.065  5.627  4.241  2.813  1.384  0.007 
14.068 12.692 11.304  9.935  8.508  7.080  5.594  4.190  2.837  1.462 -0.019 
14.138 12.740 11.282  9.877  8.493  7.082  5.652  4.241  2.861  1.399 -0.053 
14.124 12.732 11.305  9.891  8.497  7.069  5.608  4.280  2.829  1.435 -0.020 
14.081 12.708 11.262  9.884  8.468  7.079  5.592  4.279  2.889  1.418 -0.023 
14.128 12.716 11.293  9.895  8.465  7.094  5.665  4.233  2.830  1.427 -0.044 
14.171 12.758 11.315  9.979  8.482  7.056  5.646  4.226  2.812  1.396 -0.011 
14.178 12.731 11.352  9.948  8.455  7.037  5.639  4.229  2.772  1.415 -0.021 
14.129 12.766 11.253  9.950  8.520  7.043  5.604  4.216  2.827  1.384 -0.053 
14.097 12.763 11.313  9.905  8.482  7.104  5.605  4.279  2.815  1.432  0.031 
14.133 12.727 11.350  9.893  8.484  7.075  5.743  4.280  2.780  1.430  0.011 
14.159 12.698 11.322  9.871  8.439  7.079  5.646  4.198  2.839  1.380 -0.014 
14.126 12.709 11.296  9.860  8.474  7.064  5.628  4.220  2.847  1.434  0.008 
14.167 12.734 11.282  9.923  8.511  7.083  5.687  4.280  2.797  1.327 -0.002 
14.153 12.711 11.313  9.856  8.454  7.054  5.659  4.275  2.822  1.434  0.036 
14.146 12.753 11.254  9.965  8.473  7.084  5.683  4.207  2.799  1.393 -0.011 
14.191 12.788 11.334  9.877  8.422  7.085  5.650  4.181  2.803  1.420 -0.022 
14.147 12.752 11.319  9.880  8.543  7.073  5.624  4.196  2.926  1.493  0.002 
14.156 12.743 11.358  9.853  8.553  7.053  5.654  4.202  2.810  1.380  0.005 
14.181 12.737 11.231  9.919  8.450  7.058  5.635  4.278  2.850  1.416 -0.044 
14.195 12.754 11.296  9.903  8.455  7.094  5.686  4.208  2.876  1.386 -0.031 
14.157 12.712 11.299  9.930  8.518  7.092  5.668  4.255  2.829  1.418  0.006 
14.099 12.753 11.341  9.903  8.545  7.118  5.645  4.223  2.853  1.374  0.021 
14.170 12.711 11.295  9.820  8.487  7.087  5.674  4.213  2.855  1.396  0.030 
14.164 12.721 11.309  9.891  8.466  7.085  5.707  4.220  2.807  1.404 -0.046 
14.104 12.716 11.335  9.923  8.461  7.121  5.613  4.248  2.840  1.374 -0.011 
14.118 12.701 11.351  9.860  8.566  7.089  5.684  4.265  2.839  1.386 -0.022 
14.129 12.708 11.362  9.946  8.554  7.096  5.663  4.172  2.852  1.398 -0.086 
14.085 12.725 11.323  9.926  8.485  7.047  5.632  4.237  2.779  1.382  0.039 
14.107 12.764 11.314  9.874  8.463  7.058  5.654  4.226  2.829  1.399 -0.006 
14.185 12.708 11.333  9.901  8.480  7.082  5.621  4.206  2.778  1.388  0.029 
14.154 12.704 11.345  9.875  8.519  7.020  5.706  4.198  2.838  1.423 -0.030 
14.161 12.760 11.310  9.961  8.496  7.025  5.663  4.253  2.859  1.395  0.005 
14.163 12.771 11.299  9.879  8.465  7.018  5.672  4.242  2.860  1.388  0.046 
14.129 12.790 11.357  9.927  8.505  7.045  5.635  4.177  2.894  1.393  0.066 
14.160 12.776 11.262  9.891  8.514  7.109  5.619  4.236  2.867  1.405  0.025 
14.165 12.719 11.259  9.866  8.494  7.045  5.655  4.254  2.822  1.400 -0.015 
14.184 12.697 11.221  9.899  8.502  7.073  5.675  4.239  2.769  1.397 -0.003 
14.175 12.790 11.323  9.884  8.482  7.078  5.649  4.234  2.796  1.458  0.021 
14.123 12.718 11.318  9.889  8.492  7.077  5.673  4.251  2.855  1.365 -0.050 
14.149 12.742 11.379  9.893  8.502  7.065  5.689  4.265  2.874  1.442  0.001 
14.113 12.723 11.341  9.892  8.492  7.058  5.626  4.270  2.823  1.426  0.019 
14.179 12.759 11.312  9.892  8.480  7.088  5.677  4.228  2.784  1.473  0.041 
14.154 12.755 11.392  9.919  8.486  7.056  5.649  4.199  2.839  1.486  0.001 
14.181 12.785 11.310  9.895  8.475  7.081  5.647  4.228  2.806  1.392 -0.035 
14.122 12.722 11.322  9.862  8.460  6.996  5.666  4.284  2.865  1.341 -0.032 
14.101 12.711 11.321  9.940  8.462  7.035  5.692  4.236  2.805  1.423  0.055 
14.174 12.695 11.299  9.849  8.489  7.085  5.615  4.274  2.765  1.407 -0.030 
14.155 12.724 11.292  9.910  8.430  7.113  5.655  4.239  2.823  1.445  0.024 
14.138 12.740 11.295  9.888  8.466  7.093  5.645  4.247  2.806  1.423 -0.022 
14.235 12.745 11.292  9.889  8.490  7.027  5.622  4.215  2.868  1.377 -0.086 
14.111 12.747 11.351  9.933  8.465  7.047  5.619  4.235  2.836  1.439  0.007 
14.190 12.716 11.349  9.901  8.495  7.021  5.674  4.306  2.819  1.416  0.076 
14.159 12.679 11.321  9.878  8.466  7.056  5.696  4.260  2.859  1.407  0.028 
14.142 12.711 11.293  9.887  8.491  7.032  5.684  4.224  2.832  1.366 -0.059 
14.098 12.709 11.326  9.882  8.458  7.062  5.645  4.302  2.844  1.391  0.002 
14.144 12.756 11.301  9.941  8.498  7.075  5.687  4.265  2.788  1.395  0.042 
14.129 12.789 11.302  9.861  8.457  7.073  5.670  4.231  2.797  1.406 -0.018 
14.199 12.751 11.276  9.933  8.496  7.080  5.639  4.242  2.827  1.432 -0.016 
14.170 12.730 11.299  9.917  8.477  7.097  5.698  4.244  2.779  1.422  0.028 
14.160 12.737 11.301  9.930  8.485  7.100  5.645  4.264  2.775  1.360  0.041 
14.169 12.681 11.294  9.919  8.471  7.136  5.697  4.259  2.870  1.416 -0.031 
14.095 12.746 11.300  9.910  8.520  7.049  5.649  4.276  2.826  1.421 -0.047 
14.137 12.708 11.346  9.920  8.518  7.080  5.680  4.314  2.839  1.438 -0.012 
14.044 12.713 11.262  9.885  8.492  7.081  5.650  4.214  2.829  1.426  0.029 
14.139 12.742 11.284  9.935  8.492  7.107  5.636  4.300  2.791  1.444  0.010 
14.156 12.739 11.350  9.903  8.466  7.129  5.732  4.231  2.767  1.383  0.015 
14.202 12.682 11.369  9.943  8.478  7.054  5.656  4.233  2.815  1.372  0.014 
14.180 12.747 11.365  9.892  8.501  7.046  5.633  4.263  2.846  1.426  0.016 
14.175 12.705 11.301  9.919  8.453  7.044  5.665  4.242  2.862  1.477 -0.013 
14.172 12.704 11.314  9.893  8.496  7.104  5.618  4.238  2.791  1.400  0.034 
14.177 12.690 11.263  9.931  8.478  7.133  5.697  4.270  2.788  1.396  0.008 
14.161 12.747 11.304  9.902  8.505  7.044  5.607  4.201  2.788  1.402  0.015 
14.105 12.784 11.368  9.892  8.470  7.129  5.688  4.321  2.807  1.452  0.056 
14.112 12.779 11.300  9.910  8.475  7.049  5.713  4.207  2.786  1.382  0.033 
14.149 12.700 11.287  9.992  8.411  7.074  5.568  4.242  2.782  1.407 -0.032 
14.136 12.746 11.308  9.885  8.447  7.055  5.674  4.258  2.804  1.402 -0.019 
14.152 12.669 11.404  9.896  8.516  7.143  5.659  4.243  2.843  1.410 -0.018 
14.103 12.697 11.351  9.892  8.559  7.023  5.674  4.226  2.870  1.487 -0.030 
14.241 12.757 11.268  9.896  8.478  7.075  5.616  4.306  2.776  1.437 -0.022 
14.101 12.621 11.362  9.940  8.506  7.029  5.636  4.224  2.855  1.407 -0.002 
14.144 12.722 11.307  9.894  8.473  7.023  5.618  4.251  2.814  1.387 -0.009 
14.193 12.665 11.281  9.911  8.497  7.046  5.656  4.249  2.825  1.406 -0.020 
14.150 12.718 11.342  9.883  8.519  7.069  5.666  4.250  2.801  1.411  0.051 
14.147 12.680 11.280  9.836  8.470  7.081  5.655  4.237  2.784  1.418  0.018 
14.170 12.706 11.300  9.904  8.500  7.113  5.647  4.214  2.795  1.440 -0.025 
14.135 12.731 11.257  9.900  8.501  6.983  5.650  4.244  2.863  1.409  0.004 
14.153 12.805 11.309  9.884  8.449  7.066  5.672  4.243  2.864  1.467 -0.012 
14.106 12.758 11.284  9.891  8.517  6.997  5.655  4.236  2.814  1.365  0.002 
14.175 12.714 11.318  9.907  8.515  7.095  5.668  4.261  2.870  1.384 -0.051 
14.155 12.709 11.246  9.858  8.516  7.099  5.614  4.210  2.805  1.476  0.002 
14.140 12.714 11.318  9.893  8.517  7.025  5.651  4.204  2.787  1.371 -0.013 
14.117 12.701 11.323  9.881  8.490  7.053  5.655  4.207  2.859  1.430 -0.019 
14.151 12.688 11.328  9.930  8.488  7.126  5.607  4.224  2.860  1.434  0.035 
14.115 12.751 11.310  9.946  8.494  7.106  5.663  4.229  2.764  1.406 -0.018 
14.163 12.760 11.320  9.862  8.465  7.100  5.618  4.253  2.859  1.411 -0.020 
14.062 12.739 11.286  9.918  8.490  7.070  5.665  4.226  2.814  1.400  0.002 
14.143 12.699 11.342  9.893  8.483  7.051  5.627  4.243  2.799  1.396 -0.026 
14.150 12.744 11.332  9.915  8.534  7.126  5.676  4.229  2.825  1.478  0.037 
14.083 12.681 11.310  9.904  8.472  7.033  5.606  4.215  2.821  1.462  0.036 
14.167 12.778 11.323  9.887  8.491  7.043  5.636  4.233  2.878  1.406  0.041 
14.207 12.757 11.349  9.887  8.459  7.054  5.637  4.304  2.849  1.434  0.028 
14.140 12.724 11.255  9.857  8.483  7.065  5.676  4.227  2.815  1.447 -0.024 
14.126 12.764 11.325  9.870  8.508  7.059  5.678  4.251  2.813  1.391 -0.055 
14.130 12.692 11.285  9.880  8.522  7.074  5.617  4.201  2.803  1.382  0.004 
14.143 12.752 11.340  9.874  8.515  7.060  5.626  4.290  2.822  1.409 -0.003 
14.184 12.743 11.342  9.935  8.503  7.103  5.610  4.270  2.775  1.413 -0.013 
14.153 12.704 11.321  9.903  8.561  7.007  5.675  4.240  2.816  1.431 -0.011 
14.171 12.705 11.328  9.936  8.509  7.038  5.628  4.229  2.894  1.419  0.001 
14.120 12.743 11.280  9.924  8.455  7.079  5.619  4.216  2.811  1.360  0.002 
14.074 12.697 11.307  9.866  8.492  7.042  5.711  4.234  2.849  1.459  0.056 
14.181 12.712 11.332  9.927  8.500  7.053  5.704  4.276  2.851  1.418  0.036 
14.122 12.789 11.319  9.840  8.505  7.076  5.641  4.219  2.806  1.440 -0.039 
14.119 12.724 11.329  9.937  8.458  7.086  5.719  4.273  2.800  1.413  0.007 
14.119 12.723 11.327  9.902  8.519  7.134  5.684  4.180  2.846  1.415  0.059 
14.116 12.703 11.342  9.854  8.495  7.101  5.654  4.259  2.813  1.408 -0.016 
14.178 12.737 11.329  9.967  8.499  7.050  5.622  4.321  2.847  1.425  0.033 
14.163 12.728 11.249  9.927  8.438  7.068  5.619  4.268  2.821  1.425 -0.033 
14.182 12.687 11.385  9.893  8.482  7.094  5.642  4.257  2.915  1.388  0.010 
14.136 12.771 11.357  9.884  8.459  7.128  5.639  4.281  2.852  1.410 -0.013 
14.145 12.690 11.319  9.905  8.501  7.008  5.639  4.200  2.784  1.413  0.004 
14.194 12.698 11.344  9.914  8.445  7.100  5.695  4.239  2.825  1.438 -0.006 
14.154 12.751 11.272  9.925  8.523  7.074  5.694  4.204  2.794  1.409 -0.042 
14.063 12.758 11.231  9.885  8.506  7.092  5.651  4.277  2.827  1.427 -0.041 
14.096 12.683 11.308  9.908  8.525  7.101  5.700  4.206  2.805  1.413  0.021 
14.135 12.669 11.303  9.889  8.453  7.040  5.659  4.301  2.826  1.403  0.041 
14.163 12.700 11.281  9.905  8.431  7.039  5.656  4.286  2.848  1.410  0.031 
14.099 12.715 11.302  9.942  8.487  7.014  5.628  4.238  2.825  1.419  0.059 
14.103 12.731 11.309  9.897  8.468  7.028  5.621  4.259  2.828  1.446  0.064 
14.069 12.751 11.339  9.950  8.552  7.074  5.600  4.253  2.796  1.401  0.047 
14.146 12.735 11.303  9.914  8.531  7.093  5.603  4.248  2.798  1.366  0.057 
14.200 12.689 11.332  9.848  8.494  7.065  5.658  4.288  2.838  1.423 -0.037 
14.084 12.724 11.265  9.872  8.485  7.066  5.667  4.206  2.867  1.433 -0.091 
14.145 12.717 11.357  9.933  8.495  7.046  5.618  4.223  2.824  1.427  0.029 
14.131 12.731 11.296  9.941  8.479  7.050  5.696  4.350  2.831  1.426 -0.029 
14.128 12.801 11.286  9.947  8.511  7.113  5.595  4.230  2.833  1.438  0.007 
14.091 12.683 11.288  9.911  8.471  7.092  5.654  4.218  2.792  1.381  0.001 
14.104 12.712 11.343  9.866  8.540  7.041  5.615  4.228  2.854  1.399  0.004 
14.128 12.706 11.267  9.904  8.442  7.064  5.664  4.232  2.820  1.434  0.017 
14.144 12.712 11.267  9.925  8.495  7.071  5.616  4.216  2.803  1.429  0.057 
14.157 12.696 11.335  9.893  8.492  7.077  5.634  4.255  2.795  1.385  0.012 
14.170 12.689 11.325  9.926  8.474  7.096  5.668  4.231  2.784  1.441 -0.024 
14.109 12.763 11.349  9.840  8.487  7.122  5.669  4.241  2.821  1.404 -0.007 
14.106 12.737 11.328  9.917  8.458  7.046  5.663  4.225  2.753  1.399 -0.011 
14.137 12.748 11.303  9.890  8.464  7.085  5.714  4.161  2.858  1.359 -0.026 
14.159 12.731 11.344  9.871  8.501  7.043  5.638  4.241  2.788  1.398 -0.041 
14.127 12.736 11.306  9.922  8.426  7.116  5.646  4.238  2.819  1.428  0.033 
14.176 12.708 11.331  9.965  8.451  7.071  5.603  4.276  2.824  1.401 -0.015 
14.118 12.742 11.335  9.954  8.523  7.048  5.589  4.275  2.831  1.394 -0.010 
14.129 12.761 11.280  9.882  8.486  7.095  5.651  4.264  2.877  1.449 -0.012 
14.161 12.715 11.320  9.937  8.496  7.095  5.662  4.251  2.848  1.428 -0.011 
14.109 12.722 11.255  9.874  8.470  7.015  5.679  4.258  2.840  1.459 -0.040 
14.159 12.768 11.288  9.929  8.479  7.048  5.751  4.271  2.771  1.418 -0.019 
14.149 12.691 11.321  9.905  8.475  7.108  5.677  4.300  2.824  1.358  0.017 
14.140 12.743 11.265  9.906  8.512  7.116  5.708  4.238  2.743  1.463  0.031 
14.145 12.747 11.318  9.924  8.479  7.081  5.667  4.250  2.775  1.410  0.005 
14.126 12.731 11.270  9.868  8.515  7.068  5.682  4.258  2.829  1.429 -0.030 
14.162 12.696 11.293  9.912  8.457  7.055  5.669  4.262  2.838  1.408 -0.025 
14.229 12.740 11.350  9.899  8.531  7.091  5.662  4.253  2.882  1.431 -0.014 
14.175 12.694 11.272  9.864  8.539  7.065  5.616  4.263  2.813  1.367  0.029 
14.140 12.679 11.335  9.880  8.500  7.035  5.664  4.279  2.819  1.423 -0.048 
14.200 12.733 11.332  9.888  8.505  7.084  5.667  4.216  2.840  1.464  0.012 
14.110 12.700 11.314  9.898  8.463  7.065  5.676  4.223  2.801  1.357 -0.019 
14.141 12.749 11.324  9.848  8.501  7.102  5.701  4.203  2.857  1.437 -0.053 
14.148 12.749 11.282  9.927  8.383  7.065  5.628  4.290  2.803  1.421 -0.009 
14.184 12.753 11.343  9.863  8.503  7.066  5.651  4.204  2.734  1.390  0.016 
14.176 12.769 11.305  9.901  8.514  7.076  5.634  4.230  2.875  1.436  0.032 
14.179 12.694 11.341  9.907  8.506  7.026  5.647  4.233  2.823  1.424  0.018 
14.092 12.704 11.293  9.898  8.508  7.081  5.694  4.268  2.802  1.395 -0.063 
14.106 12.686 11.355  9.911  8.464  7.129  5.605  4.234  2.808  1.418  0.046 
14.157 12.747 11.310  9.911  8.457  7.077  5.677  4.245  2.819  1.409 -0.058 
14.182 12.683 11.321  9.937  8.476  7.048  5.665  4.202  2.851  1.410  0.001 
14.113 12.709 11.331  9.855  8.495  7.053  5.700  4.282  2.837  1.432  0.042 
14.107 12.744 11.244  9.886  8.495  7.072  5.555  4.190  2.816  1.439 -0.041 
14.161 12.717 11.285  9.897  8.474  7.081  5.647  4.271  2.792  1.420  0.028 
14.127 12.706 11.248  9.950  8.453  7.060  5.714  4.240  2.852  1.468 -0.044 
14.217 12.720 11.336  9.944  8.529  7.087  5.624  4.290  2.775  1.451  0.013 
14.160 12.729 11.299  9.901  8.505  7.036  5.717  4.249  2.832  1.351  0.008 
14.113 12.762 11.275  9.921  8.442  7.073  5.655  4.232  2.857  1.395  0.028 
14.140 12.687 11.269  9.849  8.442  7.035  5.655  4.183  2.804  1.491  0.019 
14.136 12.715 11.270  9.927  8.438  7.031  5.630  4.234  2.819  1.431  0.025 
14.142 12.699 11.317  9.897  8.507  7.133  5.666  4.255  2.851  1.403 -0.017 
14.130 12.695 11.272  9.870  8.501  7.047  5.680  4.244  2.836  1.429 -0.030 
14.149 12.773 11.373  9.870  8.490  7.086  5.672  4.254  2.787  1.430 -0.065 
14.121 12.741 11.365  9.901  8.453  7.015  5.689  4.282  2.871  1.413  0.039 
14.133 12.706 11.298  9.916  8.503  7.033  5.707  4.246  2.853  1.411 -0.008 
14.187 12.713 11.346  9.847  8.468  7.077  5.718  4.247  2.850  1.417  0.038 
14.113 12.720 11.291  9.883  8.403  7.020  5.653  4.210  2.863  1.446 -0.061 
14.110 12.728 11.302  9.868  8.492  7.106  5.694  4.189  2.819  1.428  0.020 
14.142 12.807 11.325  9.900  8.479  7.051  5.687  4.216  2.855  1.421 -0.049 
14.152 12.755 11.260  9.918  8.535  7.016  5.684  4.235  2.889  1.463  0.033 
14.112 12.709 11.301  9.942  8.423  7.052  5.675  4.217  2.799  1.409 -0.001 
14.135 12.703 11.322  9.858  8.462  7.019  5.676  4.194  2.834  1.449  0.070 
14.127 12.706 11.283  9.881  8.503  7.052  5.682  4.237  2.819  1.404 -0.021 
14.165 12.726 11.336  9.864  8.432  7.117  5.675  4.270  2.870  1.397 -0.067 
14.133 12.730 11.287  9.890  8.486  7.036  5.659  4.242  2.887  1.413  0.000 
14.068 12.743 11.314  9.913  8.464  7.064  5.650  4.216  2.852  1.373  0.022 
14.127 12.723 11.346  9.923  8.467  7.057  5.676  4.212  2.816  1.410  0.022 
14.158 12.731 11.365  9.890  8.454  7.059  5.733  4.218  2.833  1.433 -0.010 
14.111 12.699 11.277  9.979  8.461  7.119  5.691  4.260  2.818  1.454  0.006 
14.127 12.705 11.314  9.904  8.518  7.075  5.636  4.255  2.812  1.420 -0.021 
14.167 12.700 11.302  9.830  8.533  7.121  5.626  4.252  2.806  1.385 -0.018 
14.158 12.799 11.330  9.879  8.402  7.056  5.627  4.249  2.841  1.385 -0.012 
14.165 12.695 11.338  9.903  8.423  7.047  5.655  4.252  2.852  1.357  0.061 
14.103 12.741 11.305  9.901  8.524  7.081  5.658  4.231  2.867  1.406 -0.017 
14.136 12.719 11.249  9.959  8.499  7.068  5.701  4.265  2.839  1.424  0.013 
14.137 12.726 11.335  9.961  8.468  7.090  5.693  4.219  2.816  1.400  0.044 
14.148 12.741 11.273  9.906  8.493  7.092  5.635  4.230  2.826  1.337 -0.008 
14.158 12.741 11.289  9.884  8.490  7.097  5.689  4.242  2.803  1.404 -0.028 
14.184 12.765 11.316  9.881  8.490  7.050  5.641  4.269  2.809  1.410  0.053 
14.176 12.748 11.328  9.933  8.507  7.029  5.640  4.223  2.846  1.423 -0.035 
14.168 12.713 11.322  9.913  8.432  7.028  5.659  4.238  2.813  1.417 -0.026 
14.131 12.667 11.319  9.918  8.530  7.015  5.671  4.269  2.813  1.397  0.015 
14.122 12.739 11.336  9.883  8.517  7.089  5.593  4.265  2.863  1.301 -0.008 
14.152 12.710 11.308  9.858  8.444  7.050  5.658  4.221  2.802  1.489  0.017 
14.160 12.716 11.315  9.902  8.486  7.064  5.665  4.229  2.883  1.454  0.050 
14.093 12.719 11.277  9.928  8.575  7.028  5.671  4.234  2.817  1.433  0.022 
14.183 12.723 11.347  9.822  8.496  7.037  5.588  4.235  2.819  1.394  0.039 
14.081 12.720 11.335  9.928  8.487  7.033  5.651  4.214  2.792  1.392 -0.011 
14.158 12.709 11.329  9.859  8.531  7.071  5.693  4.256  2.841  1.399 -0.031 
14.142 12.735 11.286  9.933  8.545  7.045  5.688  4.270  2.850  1.417 -0.052 
14.172 12.705 11.311  9.901  8.490  7.069  5.622  4.208  2.873  1.442  0.012 
14.156 12.696 11.307  9.901  8.475  7.106  5.660  4.244  2.895  1.451  0.013 
14.113 12.710 11.366  9.877  8.519  7.045  5.685  4.266  2.825  1.445  0.014 
14.175 12.724 11.260  9.888  8.491  7.138  5.632  4.282  2.822  1.376  0.016 
14.151 12.698 11.309  9.874  8.527  7.087  5.675  4.227  2.848  1.400 -0.014 
14.146 12.756 11.327  9.868  8.451  7.091  5.657  4.224  2.836  1.379 -0.013 
14.169 12.719 11.350  9.922  8.478  7.126  5.665  4.240  2.829  1.387  0.002 
14.147 12.774 11.292  9.889  8.458  7.134  5.609  4.233  2.822  1.375  0.024 
14.114 12.672 11.240  9.867  8.501  7.097  5.631  4.264  2.837  1.444  0.034 
14.135 12.734 11.339  9.922  8.469  7.104  5.641  4.219  2.823  1.410  0.018 
14.137 12.715 11.317  9.861  8.453  7.075  5.693  4.250  2.855  1.375  0.056 
14.110 12.708 11.328  9.832  8.456  7.037  5.628  4.241  2.791  1.392 -0.026 
14.189 12.660 11.321  9.912  8.525  7.112  5.631  4.212  2.782  1.396 -0.003 
14.129 12.709 11.349  9.945  8.464  7.099  5.688  4.247  2.786  1.404 -0.020 
14.163 12.725 11.289  9.917  8.499  7.045  5.651  4.290  2.828  1.410 -0.013 
14.101 12.755 11.281  9.877  8.457  7.046  5.686  4.276  2.872  1.431  0.018 
14.130 12.688 11.260  9.900  8.519  7.075  5.612  4.231  2.822  1.402 -0.033 
14.096 12.767 11.364  9.938  8.516  7.058  5.634  4.260  2.817  1.452 -0.044 
14.081 12.773 11.267  9.905  8.484  7.117  5.672  4.307  2.779  1.397  0.054 
14.160 12.689 11.348  9.868  8.520  7.105  5.627  4.243  2.799  1.429  0.018 
14.147 12.743 11.299  9.878  8.439  7.090  5.656  4.264  2.814  1.437  0.041 
14.160 12.780 11.294  9.948  8.483  7.060  5.676  4.252  2.777  1.383 -0.040 
14.150 12.764 11.289  9.890  8.509  7.030  5.632  4.270  2.835  1.432 -0.001 
14.153 12.766 11.283  9.900  8.442  7.071  5.679  4.235  2.842  1.405 -0.022 
14.137 12.749 11.332  9.888  8.461  7.005  5.649  4.194  2.834  1.367  0.005 
14.174 12.730 11.292  9.862  8.463  7.089  5.655  4.304  2.822  1.431 -0.068 
14.153 12.716 11.290  9.885  8.539  7.077  5.662  4.326  2.827  1.418 -0.006 
14.105 12.803 11.314  9.948  8.497  7.135  5.651  4.271  2.843  1.427  0.004 
14.095 12.725 11.363  9.886  8.401  7.071  5.627  4.234  2.858  1.414  0.013 
14.148 12.746 11.294  9.876  8.477  7.055  5.705  4.203  2.793  1.395  0.019 
14.111 12.710 11.318  9.818  8.526  7.038  5.693  4.264  2.819  1.404 -0.002 
14.067 12.786 11.316  9.941  8.546  7.025  5.661  4.243  2.762  1.346  0.015 
14.212 12.723 11.294  9.917  8.523  7.050  5.640  4.282  2.804  1.355  0.026 
14.163 12.696 11.312  9.932  8.530  7.057  5.655  4.214  2.852  1.373  0.020 
14.145 12.792 11.278  9.948  8.558  7.094  5.675  4.252  2.882  1.409  0.011 
14.129 12.709 11.267  9.917  8.444  7.095  5.645  4.229  2.842  1.421 -0.009 
14.088 12.722 11.338  9.898  8.500  7.064  5.638  4.239  2.850  1.441 -0.000 
14.070 12.690 11.297  9.920  8.474  7.079  5.621  4.285  2.868  1.397  0.031 
14.178 12.710 11.301  9.925  8.496  7.047  5.633  4.220  2.832  1.419  0.022 
14.117 12.682 11.259  9.944  8.540  7.032  5.651  4.209  2.833  1.344 -0.042 
14.128 12.734 11.323  9.942  8.515  7.131  5.680  4.275  2.766  1.385  0.049 
14.187 12.712 11.261  9.855  8.486  7.056  5.668  4.247  2.865  1.432  0.032 
14.156 12.741 11.258  9.884  8.452  7.100  5.681  4.254  2.844  1.395 -0.026 
14.137 12.684 11.290  9.907  8.545  7.103  5.688  4.204  2.831  1.414  0.027 
14.121 12.745 11.306  9.877  8.475  7.009  5.635  4.252  2.832  1.423  0.009 
14.085 12.771 11.279  9.899  8.483  7.099  5.663  4.227  2.888  1.437  0.017 
14.204 12.726 11.322  9.920  8.505  7.059  5.659  4.289  2.819  1.376  0.014 
14.135 12.712 11.269  9.923  8.444  7.043  5.641  4.239  2.795  1.477  0.057 
14.181 12.784 11.311  9.898  8.439  7.055  5.619  4.289  2.829  1.413 -0.010 
14.152 12.750 11.277  9.919  8.495  7.054  5.640  4.268  2.836  1.383  0.007 
14.149 12.703 11.312  9.879  8.484  7.069  5.666  4.274  2.785  1.399 -0.004 
14.100 12.702 11.302  9.883  8.527  7.028  5.675  4.263  2.859  1.462  0.008 
14.133 12.765 11.327  9.867  8.443  7.117  5.678  4.196  2.855  1.443  0.004 
14.160 12.730 11.266  9.893  8.502  7.068  5.606  4.234  2.824  1.431 -0.026 
14.155 12.717 11.308  9.859  8.501  7.075  5.680  4.270  2.821  1.452 -0.056 
14.153 12.708 11.303  9.878  8.492  7.087  5.686  4.232  2.854  1.394  0.003 
14.158 12.728 11.313  9.882  8.450  7.078  5.673  4.252  2.794  1.420  0.010 
14.154 12.701 11.349  9.887  8.524  7.054  5.698  4.244  2.767  1.412  0.051 
14.107 12.720 11.296  9.872  8.517  7.138  5.659  4.230  2.804  1.451 -0.005 
14.205 12.760 11.244  9.903  8.464  7.066  5.723  4.227  2.847  1.421 -0.016 
14.123 12.765 11.286  9.865  8.465  7.062  5.679  4.225  2.807  1.434 -0.071 
14.160 12.729 11.279  9.933  8.497  7.062  5.666  4.152  2.830  1.428 -0.007 
14.146 12.701 11.298  9.869  8.519  7.055  5.642  4.214  2.854  1.353 -0.014 
14.142 12.747 11.301  9.860  8.496  7.080  5.638  4.215  2.809  1.393 -0.007 
14.071 12.745 11.318  9.885  8.468  7.102  5.678  4.231  2.836  1.396  0.014 
14.197 12.763 11.225  9.867  8.439  7.046  5.717  4.249  2.816  1.433 -0.036 
14.102 12.735 11.322  9.859  8.478  7.069  5.690  4.219  2.853  1.393 -0.001 
14.137 12.765 11.204  9.905  8.499  7.068  5.679  4.263  2.755  1.437 -0.055 
14.159 12.724 11.299  9.874  8.478  7.057  5.616  4.265  2.904  1.428 -0.015 
14.077 12.758 11.360  9.911  8.483  7.032  5.665  4.285  2.840  1.414 -0.018 
14.093 12.771 11.321  9.911  8.470  7.067  5.578  4.218  2.786  1.416 -0.030 
14.155 12.727 11.282  9.909  8.454  7.096  5.637  4.236  2.794  1.410 -0.052 
14.131 12.762 11.305  9.893  8.483  7.055  5.631  4.283  2.845  1.395  0.012 
14.174 12.685 11.266  9.838  8.451  7.104  5.693  4.225  2.895  1.405 -0.000 
14.122 12.720 11.257  9.924  8.523  7.053  5.636  4.312  2.784  1.400 -0.016 
14.120 12.769 11.308  9.881  8.529  7.014  5.671  4.249  2.885  1.470  0.015 
14.097 12.776 11.312  9.846  8.474  7.084  5.671  4.297  2.823  1.453  0.016 
14.077 12.709 11.306  9.889  8.476  7.048  5.625  4.225  2.809  1.409 -0.016 
14.139 12.704 11.330  9.902  8.411  7.131  5.673  4.247  2.881  1.402 -0.005 
14.184 12.735 11.317  9.881  8.480  7.104  5.649  4.224  2.844  1.416 -0.005 
14.123 12.690 11.281  9.902  8.525  7.040  5.640  4.287  2.800  1.416  0.023 
14.093 12.766 11.324  9.911  8.479  7.050  5.665  4.241  2.882  1.409  0.005 
14.158 12.767 11.306  9.915  8.480  7.057  5.646  4.246  2.848  1.425 -0.031 
14.063 12.717 11.331  9.875  8.506  7.110  5.690  4.245  2.795  1.457  0.032 
14.134 12.720 11.285  9.910  8.523  7.108  5.661  4.267  2.838  1.390 -0.015 
14.144 12.756 11.286  9.853  8.480  6.986  5.643  4.267  2.816  1.396 -0.001 
14.173 12.740 11.279  9.921  8.505  7.043  5.705  4.259  2.820  1.403  0.007 
14.183 12.723 11.319  9.918  8.567  7.122  5.637  4.238  2.794  1.381 -0.013 
14.169 12.774 11.303  9.910  8.465  7.014  5.630  4.225  2.805  1.428  0.034 
14.111 12.714 11.307  9.911  8.434  7.105  5.638  4.234  2.854  1.403  0.046 
14.100 12.679 11.248  9.888  8.492  7.057  5.607  4.263  2.839  1.388  0.006 
14.133 12.716 11.343  9.832  8.497  7.096  5.687  4.281  2.825  1.436  0.006 
14.168 12.723 11.280  9.883  8.515  7.084  5.653  4.226  2.837  1.418  0.001 
14.142 12.768 11.313  9.892  8.478  7.115  5.683  4.273  2.837  1.387 -0.002 
14.123 12.737 11.247  9.893  8.444  7.052  5.599  4.300  2.828  1.416  0.027 
14.158 12.723 11.334  9.888  8.500  7.052  5.629  4.224  2.823  1.347 -0.007 
14.158 12.725 11.375  9.883  8.422  7.045  5.631  4.278  2.845  1.412 -0.075 
14.178 12.674 11.317  9.930  8.428  7.045  5.633  4.229  2.876  1.448 -0.011 
14.142 12.726 11.342  9.892  8.503  7.057  5.588  4.267  2.771  1.380  0.044 
14.195 12.764 11.340  9.829  8.492  6.934  5.637  4.234  2.828  1.378 -0.032 
14.133 12.760 11.375  9.945  8.437  7.086  5.645  4.270  2.796  1.448 -0.017 
14.131 12.710 11.317  9.935  8.581  7.080  5.629  4.270  2.829  1.431 -0.020 
14.117 12.724 11.225  9.862  8.461  7.082  5.702  4.170  2.814  1.392 -0.037 
14.172 12.731 11.297  9.841  8.455  7.037  5.637  4.257  2.844  1.369  0.028 
14.137 12.710 11.364  9.858  8.518  7.051  5.617  4.243  2.838  1.416 -0.043 
